Период,Партнер,Артикул,target_qty,prediction
2024-07,Антошка,004627I,3.0,1.67553
2024-08,Антошка,004627I,7.0,2.6427352
2024-09,Антошка,004627I,4.0,3.1402931
2024-10,Антошка,004627I,3.0,1.8045179
2024-11,Антошка,004627I,2.0,1.550245
2024-12,Антошка,004627I,4.0,4.025811
2025-01,Антошка,004627I,2.0,1.4566562
2025-02,Антошка,004627I,3.0,1.4033464
2025-03,Антошка,004627I,4.0,1.1659858
2025-04,Антошка,004627I,4.0,0.69379956
2025-05,Антошка,004627I,2.0,0.87361246
2025-06,Антошка,004627I,6.0,0.9609005
2024-07,БІ,004627I,13.0,7.0560713
2024-08,БІ,004627I,17.0,11.294473
2024-09,БІ,004627I,27.0,10.822938
2024-10,БІ,004627I,11.0,8.737006
2024-11,БІ,004627I,5.0,6.280871
2024-12,БІ,004627I,16.0,13.406332
2025-01,БІ,004627I,15.0,6.4780493
2025-02,БІ,004627I,15.0,7.693698
2025-03,БІ,004627I,9.0,8.507865
2025-04,БІ,004627I,12.0,4.6012526
2025-05,БІ,004627I,7.0,5.3373384
2025-06,БІ,004627I,14.0,7.667866
2024-07,Епіцентр,004627I,6.0,1.157835
2024-08,Епіцентр,004627I,3.0,1.4187957
2024-09,Епіцентр,004627I,5.0,1.2827011
2024-10,Епіцентр,004627I,2.0,1.1275674
2024-11,Епіцентр,004627I,4.0,1.0707468
2024-12,Епіцентр,004627I,1.0,2.6974738
2025-01,Епіцентр,004627I,1.0,0.7757359
2025-02,Епіцентр,004627I,1.0,0.32427695
2025-03,Епіцентр,004627I,2.0,0.28591782
2025-04,Епіцентр,004627I,0.0,0.16235496
2025-05,Епіцентр,004627I,0.0,0.3980406
2025-06,Епіцентр,004627I,3.0,0.13796799
2024-07,МайПлей,004627I,7.0,0.3685645
2024-08,МайПлей,004627I,2.0,1.4464929
2024-09,МайПлей,004627I,1.0,1.1123322
2024-10,МайПлей,004627I,1.0,0.6418708
2024-11,МайПлей,004627I,1.0,0.54705966
2024-12,МайПлей,004627I,1.0,1.6074787
2025-01,МайПлей,004627I,5.0,0.560682
2025-02,МайПлей,004627I,1.0,0.72355735
2025-03,МайПлей,004627I,0.0,0.3386636
2025-04,МайПлей,004627I,4.0,0.15759668
2025-05,МайПлей,004627I,1.0,0.38275388
2025-06,МайПлей,004627I,0.0,0.4760187
2024-07,Монако,004627I,0.0,0.0
2024-08,Монако,004627I,1.0,0.110367686
2024-09,Монако,004627I,1.0,0.03370782
2024-10,Монако,004627I,2.0,0.1107154
2024-11,Монако,004627I,4.0,0.2878747
2024-12,Монако,004627I,0.0,0.0
2025-01,Монако,004627I,0.0,0.0
2025-02,Монако,004627I,3.0,0.16030796
2025-03,Монако,004627I,1.0,0.36093828
2025-04,Монако,004627I,0.0,0.0
2025-05,Монако,004627I,0.0,0.0
2025-06,Монако,004627I,0.0,0.0
2024-07,Росицька ФОП,004627I,0.0,0.0
2024-08,Росицька ФОП,004627I,1.0,0.0
2024-09,Росицька ФОП,004627I,0.0,0.0
2024-10,Росицька ФОП,004627I,0.0,0.0
2024-11,Росицька ФОП,004627I,0.0,0.0
2024-12,Росицька ФОП,004627I,1.0,0.088174224
2025-01,Росицька ФОП,004627I,0.0,0.0
2025-02,Росицька ФОП,004627I,0.0,0.0
2025-03,Росицька ФОП,004627I,0.0,0.0
2025-04,Росицька ФОП,004627I,0.0,0.0
2025-05,Росицька ФОП,004627I,2.0,0.0
2025-06,Росицька ФОП,004627I,0.0,0.0
2024-07,Чудо Острів,004627I,2.0,0.8629253
2024-08,Чудо Острів,004627I,4.0,1.2659423
2024-09,Чудо Острів,004627I,8.0,1.4740304
2024-10,Чудо Острів,004627I,5.0,2.1602788
2024-11,Чудо Острів,004627I,2.0,2.1282115
2024-12,Чудо Острів,004627I,5.0,3.2357628
2025-01,Чудо Острів,004627I,6.0,1.3332988
2025-02,Чудо Острів,004627I,7.0,1.3928611
2025-03,Чудо Острів,004627I,4.0,2.3855562
2025-04,Чудо Острів,004627I,6.0,1.4970143
2025-05,Чудо Острів,004627I,2.0,1.8794411
2025-06,Чудо Острів,004627I,3.0,1.6122687
2024-07,Антошка,004885I,0.0,0.0
2024-08,Антошка,004885I,0.0,0.0
2024-09,Антошка,004885I,1.0,0.125609
2024-10,Антошка,004885I,0.0,0.0
2024-11,Антошка,004885I,0.0,0.0
2024-12,Антошка,004885I,0.0,0.0
2025-01,Антошка,004885I,0.0,0.0
2025-02,Антошка,004885I,0.0,0.0
2025-03,Антошка,004885I,0.0,0.0
2025-04,Антошка,004885I,0.0,0.0
2025-05,Антошка,004885I,0.0,0.0
2025-06,Антошка,004885I,0.0,0.0
2024-07,Епіцентр,004885I,0.0,0.0
2024-08,Епіцентр,004885I,0.0,0.0
2024-09,Епіцентр,004885I,0.0,0.0
2024-10,Епіцентр,004885I,0.0,0.0
2024-11,Епіцентр,004885I,0.0,0.0
2024-12,Епіцентр,004885I,0.0,0.0
2025-01,Епіцентр,004885I,0.0,0.0
2025-02,Епіцентр,004885I,0.0,0.0
2025-03,Епіцентр,004885I,1.0,0.0
2025-04,Епіцентр,004885I,0.0,0.0
2025-05,Епіцентр,004885I,0.0,0.0
2025-06,Епіцентр,004885I,0.0,0.0
2024-07,МайПлей,004885I,0.0,0.0
2024-08,МайПлей,004885I,0.0,0.0
2024-09,МайПлей,004885I,0.0,0.0
2024-10,МайПлей,004885I,0.0,0.0
2024-11,МайПлей,004885I,0.0,0.0
2024-12,МайПлей,004885I,0.0,0.0
2025-01,МайПлей,004885I,0.0,0.0
2025-02,МайПлей,004885I,0.0,0.0
2025-03,МайПлей,004885I,0.0,0.0
2025-04,МайПлей,004885I,0.0,0.0
2025-05,МайПлей,004885I,0.0,0.0
2025-06,МайПлей,004885I,0.0,0.0
2024-07,ІМ-Кідіс,004896I,0.0,0.5611766
2024-08,ІМ-Кідіс,004896I,0.0,0.61612844
2024-09,ІМ-Кідіс,004896I,0.0,0.5647694
2024-10,ІМ-Кідіс,004896I,0.0,1.4448583
2024-11,ІМ-Кідіс,004896I,0.0,1.9755622
2024-12,ІМ-Кідіс,004896I,1.0,2.4471898
2025-01,ІМ-Кідіс,004896I,0.0,1.0659347
2025-02,ІМ-Кідіс,004896I,0.0,0.25572366
2025-03,ІМ-Кідіс,004896I,3.0,0.30069664
2025-04,ІМ-Кідіс,004896I,0.0,0.94426906
2025-05,ІМ-Кідіс,004896I,6.0,0.09549336
2025-06,ІМ-Кідіс,004896I,0.0,0.9007266
2024-07,ІМ-МауДау,004896I,0.0,0.6368079
2024-08,ІМ-МауДау,004896I,1.0,0.41199702
2024-09,ІМ-МауДау,004896I,0.0,0.19475941
2024-10,ІМ-МауДау,004896I,2.0,0.31100962
2024-11,ІМ-МауДау,004896I,0.0,0.2707434
2024-12,ІМ-МауДау,004896I,0.0,0.7509166
2025-01,ІМ-МауДау,004896I,0.0,0.08518064
2025-02,ІМ-МауДау,004896I,1.0,0.0
2025-03,ІМ-МауДау,004896I,1.0,0.13175763
2025-04,ІМ-МауДау,004896I,0.0,0.0
2025-05,ІМ-МауДау,004896I,0.0,0.0
2025-06,ІМ-МауДау,004896I,1.0,0.0
2024-07,ІМ-Розетка,004896I,5.0,2.8164508
2024-08,ІМ-Розетка,004896I,5.0,2.5413897
2024-09,ІМ-Розетка,004896I,1.0,2.660339
2024-10,ІМ-Розетка,004896I,1.0,1.9385014
2024-11,ІМ-Розетка,004896I,4.0,2.252713
2024-12,ІМ-Розетка,004896I,2.0,4.913039
2025-01,ІМ-Розетка,004896I,7.0,2.6150768
2025-02,ІМ-Розетка,004896I,4.0,2.1055863
2025-03,ІМ-Розетка,004896I,4.0,1.6616112
2025-04,ІМ-Розетка,004896I,1.0,1.0786959
2025-05,ІМ-Розетка,004896I,2.0,1.0509216
2025-06,ІМ-Розетка,004896I,4.0,1.2736809
2024-07,Антошка,004896I,18.0,7.5543976
2024-08,Антошка,004896I,10.0,6.4511137
2024-09,Антошка,004896I,9.0,4.8325424
2024-10,Антошка,004896I,10.0,4.681722
2024-11,Антошка,004896I,15.0,5.483533
2024-12,Антошка,004896I,17.0,10.712137
2025-01,Антошка,004896I,16.0,8.70217
2025-02,Антошка,004896I,16.0,5.3393865
2025-03,Антошка,004896I,15.0,6.141207
2025-04,Антошка,004896I,16.0,6.053138
2025-05,Антошка,004896I,10.0,6.8263283
2025-06,Антошка,004896I,4.0,4.5529733
2024-07,БІ,004896I,9.0,5.2867994
2024-08,БІ,004896I,12.0,5.878983
2024-09,БІ,004896I,9.0,6.672123
2024-10,БІ,004896I,23.0,6.7679915
2024-11,БІ,004896I,10.0,10.997609
2024-12,БІ,004896I,32.0,17.141346
2025-01,БІ,004896I,20.0,12.527432
2025-02,БІ,004896I,9.0,7.6224303
2025-03,БІ,004896I,12.0,5.5137987
2025-04,БІ,004896I,19.0,5.9715233
2025-05,БІ,004896I,13.0,7.3945427
2025-06,БІ,004896I,15.0,5.8974504
2024-07,Епіцентр,004896I,7.0,2.2010877
2024-08,Епіцентр,004896I,3.0,2.002442
2024-09,Епіцентр,004896I,8.0,1.4802859
2024-10,Епіцентр,004896I,5.0,2.2189186
2024-11,Епіцентр,004896I,12.0,2.8419678
2024-12,Епіцентр,004896I,14.0,6.018025
2025-01,Епіцентр,004896I,6.0,3.1797836
2025-02,Епіцентр,004896I,3.0,2.2793562
2025-03,Епіцентр,004896I,3.0,1.7986959
2025-04,Епіцентр,004896I,0.0,1.5313133
2025-05,Епіцентр,004896I,6.0,1.6235583
2025-06,Епіцентр,004896I,4.0,1.2996213
2024-07,МайПлей,004896I,3.0,0.47997683
2024-08,МайПлей,004896I,4.0,0.8588801
2024-09,МайПлей,004896I,3.0,0.9795435
2024-10,МайПлей,004896I,1.0,0.7825086
2024-11,МайПлей,004896I,2.0,0.6493534
2024-12,МайПлей,004896I,3.0,1.7074785
2025-01,МайПлей,004896I,1.0,0.70828545
2025-02,МайПлей,004896I,2.0,0.4224607
2025-03,МайПлей,004896I,1.0,0.30590916
2025-04,МайПлей,004896I,2.0,0.45726946
2025-05,МайПлей,004896I,2.0,0.36167413
2025-06,МайПлей,004896I,2.0,0.41033834
2024-07,Росицька ФОП,004896I,0.0,0.0
2024-08,Росицька ФОП,004896I,0.0,0.0
2024-09,Росицька ФОП,004896I,0.0,0.0
2024-10,Росицька ФОП,004896I,1.0,0.0
2024-11,Росицька ФОП,004896I,1.0,0.0
2024-12,Росицька ФОП,004896I,0.0,0.0
2025-01,Росицька ФОП,004896I,0.0,0.0
2025-02,Росицька ФОП,004896I,0.0,0.0
2025-03,Росицька ФОП,004896I,0.0,0.0
2025-04,Росицька ФОП,004896I,1.0,0.0
2025-05,Росицька ФОП,004896I,0.0,0.0
2025-06,Росицька ФОП,004896I,0.0,0.0
2024-07,Чудо Острів,004896I,0.0,0.5700438
2024-08,Чудо Острів,004896I,2.0,0.8552108
2024-09,Чудо Острів,004896I,6.0,0.8669768
2024-10,Чудо Острів,004896I,7.0,1.4850723
2024-11,Чудо Острів,004896I,9.0,4.845562
2024-12,Чудо Острів,004896I,8.0,9.271954
2025-01,Чудо Острів,004896I,13.0,3.7881825
2025-02,Чудо Острів,004896I,1.0,3.3453474
2025-03,Чудо Острів,004896I,2.0,2.3873267
2025-04,Чудо Острів,004896I,4.0,2.183042
2025-05,Чудо Острів,004896I,5.0,1.8628671
2025-06,Чудо Острів,004896I,5.0,2.1229773
2024-07,ІМ-Кідіс,004909I,1.0,0.5983831
2024-08,ІМ-Кідіс,004909I,2.0,1.1401687
2024-09,ІМ-Кідіс,004909I,0.0,0.11412422
2024-10,ІМ-Кідіс,004909I,1.0,0.44737294
2024-11,ІМ-Кідіс,004909I,1.0,0.5059598
2024-12,ІМ-Кідіс,004909I,1.0,0.3888015
2025-01,ІМ-Кідіс,004909I,0.0,0.0
2025-02,ІМ-Кідіс,004909I,1.0,0.19382355
2025-03,ІМ-Кідіс,004909I,1.0,0.18278939
2025-04,ІМ-Кідіс,004909I,2.0,0.067410685
2025-05,ІМ-Кідіс,004909I,0.0,0.0
2025-06,ІМ-Кідіс,004909I,1.0,0.09424286
2024-07,ІМ-МауДау,004909I,0.0,0.19370599
2024-08,ІМ-МауДау,004909I,0.0,0.23757724
2024-09,ІМ-МауДау,004909I,2.0,0.22319803
2024-10,ІМ-МауДау,004909I,0.0,0.025707947
2024-11,ІМ-МауДау,004909I,0.0,0.0027541826
2024-12,ІМ-МауДау,004909I,0.0,0.0038579425
2025-01,ІМ-МауДау,004909I,0.0,0.051765617
2025-02,ІМ-МауДау,004909I,1.0,0.16666429
2025-03,ІМ-МауДау,004909I,1.0,0.21775532
2025-04,ІМ-МауДау,004909I,1.0,0.22772898
2025-05,ІМ-МауДау,004909I,0.0,0.0
2025-06,ІМ-МауДау,004909I,0.0,0.0
2024-07,Антошка,004909I,6.0,2.939815
2024-08,Антошка,004909I,14.0,4.627269
2024-09,Антошка,004909I,14.0,4.8571606
2024-10,Антошка,004909I,6.0,3.8921714
2024-11,Антошка,004909I,5.0,2.3840156
2024-12,Антошка,004909I,4.0,5.5480266
2025-01,Антошка,004909I,5.0,2.8551772
2025-02,Антошка,004909I,7.0,3.553632
2025-03,Антошка,004909I,6.0,2.5822375
2025-04,Антошка,004909I,8.0,2.0461638
2025-05,Антошка,004909I,3.0,2.4991941
2025-06,Антошка,004909I,4.0,2.1443524
2024-07,БІ,004909I,14.0,9.544035
2024-08,БІ,004909I,18.0,12.576246
2024-09,БІ,004909I,14.0,11.554667
2024-10,БІ,004909I,13.0,7.6721554
2024-11,БІ,004909I,10.0,6.2603106
2024-12,БІ,004909I,33.0,12.45291
2025-01,БІ,004909I,23.0,10.693242
2025-02,БІ,004909I,10.0,12.263695
2025-03,БІ,004909I,16.0,8.050913
2025-04,БІ,004909I,14.0,6.0639553
2025-05,БІ,004909I,5.0,6.2177854
2025-06,БІ,004909I,5.0,5.0142365
2024-07,Епіцентр,004909I,8.0,1.3537406
2024-08,Епіцентр,004909I,6.0,1.7511206
2024-09,Епіцентр,004909I,3.0,1.9152629
2024-10,Епіцентр,004909I,3.0,1.6775438
2024-11,Епіцентр,004909I,2.0,1.2301638
2024-12,Епіцентр,004909I,2.0,3.1155384
2025-01,Епіцентр,004909I,3.0,0.82498527
2025-02,Епіцентр,004909I,0.0,0.962514
2025-03,Епіцентр,004909I,3.0,0.426701
2025-04,Епіцентр,004909I,0.0,0.5886255
2025-05,Епіцентр,004909I,4.0,0.5820825
2025-06,Епіцентр,004909I,3.0,0.25523338
2024-07,МайПлей,004909I,0.0,0.8129836
2024-08,МайПлей,004909I,7.0,1.0391058
2024-09,МайПлей,004909I,3.0,1.2717062
2024-10,МайПлей,004909I,3.0,1.0966761
2024-11,МайПлей,004909I,3.0,0.82584405
2024-12,МайПлей,004909I,3.0,2.0909553
2025-01,МайПлей,004909I,2.0,0.8149137
2025-02,МайПлей,004909I,1.0,0.7520713
2025-03,МайПлей,004909I,1.0,0.42715827
2025-04,МайПлей,004909I,1.0,0.26113805
2025-05,МайПлей,004909I,2.0,0.32225183
2025-06,МайПлей,004909I,2.0,0.54332405
2024-07,Монако,004909I,0.0,0.0
2024-08,Монако,004909I,1.0,0.1549782
2024-09,Монако,004909I,1.0,0.0
2024-10,Монако,004909I,1.0,0.047375463
2024-11,Монако,004909I,4.0,0.2857656
2024-12,Монако,004909I,0.0,0.0
2025-01,Монако,004909I,0.0,0.0
2025-02,Монако,004909I,2.0,0.46191236
2025-03,Монако,004909I,2.0,0.1525461
2025-04,Монако,004909I,2.0,0.019506756
2025-05,Монако,004909I,0.0,0.0
2025-06,Монако,004909I,0.0,0.0
2024-07,Росицька ФОП,004909I,0.0,0.0
2024-08,Росицька ФОП,004909I,0.0,0.0
2024-09,Росицька ФОП,004909I,0.0,0.0
2024-10,Росицька ФОП,004909I,0.0,0.0
2024-11,Росицька ФОП,004909I,0.0,0.0
2024-12,Росицька ФОП,004909I,1.0,0.016353564
2025-01,Росицька ФОП,004909I,1.0,0.0
2025-02,Росицька ФОП,004909I,0.0,0.0
2025-03,Росицька ФОП,004909I,0.0,0.0
2025-04,Росицька ФОП,004909I,1.0,0.0
2025-05,Росицька ФОП,004909I,1.0,0.0
2025-06,Росицька ФОП,004909I,0.0,0.0
2024-07,Смік,004909I,6.0,0.6935068
2024-08,Смік,004909I,6.0,2.018838
2024-09,Смік,004909I,6.0,1.5103637
2024-10,Смік,004909I,2.0,1.0238348
2024-11,Смік,004909I,0.0,0.5949028
2024-12,Смік,004909I,0.0,0.9710608
2025-01,Смік,004909I,0.0,0.11991183
2025-02,Смік,004909I,3.0,0.18007684
2025-03,Смік,004909I,1.0,0.8108625
2025-04,Смік,004909I,1.0,0.43823355
2025-05,Смік,004909I,4.0,0.5659874
2025-06,Смік,004909I,2.0,0.87120914
2024-07,Чудо Острів,004909I,8.0,3.5530372
2024-08,Чудо Острів,004909I,12.0,5.469395
2024-09,Чудо Острів,004909I,10.0,5.4310136
2024-10,Чудо Острів,004909I,6.0,3.9138522
2024-11,Чудо Острів,004909I,10.0,3.1895082
2024-12,Чудо Острів,004909I,8.0,7.776211
2025-01,Чудо Острів,004909I,9.0,4.0919204
2025-02,Чудо Острів,004909I,16.0,4.8640127
2025-03,Чудо Острів,004909I,12.0,5.7202597
2025-04,Чудо Острів,004909I,4.0,3.6364727
2025-05,Чудо Острів,004909I,7.0,3.4156418
2025-06,Чудо Острів,004909I,1.0,3.0141642
2024-07,ІМ-Кідіс,004914I,0.0,0.21352842
2024-08,ІМ-Кідіс,004914I,0.0,0.4731916
2024-09,ІМ-Кідіс,004914I,0.0,0.2924161
2024-10,ІМ-Кідіс,004914I,0.0,1.2054931
2024-11,ІМ-Кідіс,004914I,0.0,1.6953746
2024-12,ІМ-Кідіс,004914I,0.0,2.3243709
2025-01,ІМ-Кідіс,004914I,0.0,0.81834257
2025-02,ІМ-Кідіс,004914I,0.0,0.28573656
2025-03,ІМ-Кідіс,004914I,2.0,0.1822785
2025-04,ІМ-Кідіс,004914I,1.0,0.26260465
2025-05,ІМ-Кідіс,004914I,4.0,0.0
2025-06,ІМ-Кідіс,004914I,2.0,0.9098045
2024-07,ІМ-МауДау,004914I,1.0,0.04328405
2024-08,ІМ-МауДау,004914I,1.0,0.3035346
2024-09,ІМ-МауДау,004914I,1.0,0.5453018
2024-10,ІМ-МауДау,004914I,3.0,0.53573334
2024-11,ІМ-МауДау,004914I,2.0,0.93531865
2024-12,ІМ-МауДау,004914I,0.0,0.8450584
2025-01,ІМ-МауДау,004914I,0.0,0.19040506
2025-02,ІМ-МауДау,004914I,0.0,0.0
2025-03,ІМ-МауДау,004914I,0.0,0.0
2025-04,ІМ-МауДау,004914I,1.0,0.0
2025-05,ІМ-МауДау,004914I,0.0,0.0
2025-06,ІМ-МауДау,004914I,2.0,0.08322313
2024-07,ІМ-Розетка,004914I,5.0,1.619082
2024-08,ІМ-Розетка,004914I,3.0,1.3454652
2024-09,ІМ-Розетка,004914I,0.0,0.33885258
2024-10,ІМ-Розетка,004914I,1.0,0.75346446
2024-11,ІМ-Розетка,004914I,4.0,1.4280566
2024-12,ІМ-Розетка,004914I,5.0,3.3176167
2025-01,ІМ-Розетка,004914I,3.0,1.8325413
2025-02,ІМ-Розетка,004914I,1.0,1.3426834
2025-03,ІМ-Розетка,004914I,0.0,0.6778529
2025-04,ІМ-Розетка,004914I,1.0,0.24144451
2025-05,ІМ-Розетка,004914I,0.0,0.0
2025-06,ІМ-Розетка,004914I,2.0,0.62862355
2024-07,Антошка,004914I,5.0,2.952769
2024-08,Антошка,004914I,14.0,3.6672199
2024-09,Антошка,004914I,5.0,4.004117
2024-10,Антошка,004914I,12.0,3.9807315
2024-11,Антошка,004914I,15.0,4.1868434
2024-12,Антошка,004914I,14.0,9.227163
2025-01,Антошка,004914I,16.0,6.6417675
2025-02,Антошка,004914I,18.0,5.271767
2025-03,Антошка,004914I,12.0,5.3604074
2025-04,Антошка,004914I,14.0,4.588814
2025-05,Антошка,004914I,12.0,5.6628375
2025-06,Антошка,004914I,4.0,4.792
2024-07,БІ,004914I,9.0,4.8244395
2024-08,БІ,004914I,11.0,5.658083
2024-09,БІ,004914I,11.0,5.534166
2024-10,БІ,004914I,28.0,6.728634
2024-11,БІ,004914I,13.0,11.941224
2024-12,БІ,004914I,18.0,17.810896
2025-01,БІ,004914I,17.0,10.448125
2025-02,БІ,004914I,8.0,7.332332
2025-03,БІ,004914I,33.0,5.0401483
2025-04,БІ,004914I,34.0,9.894216
2025-05,БІ,004914I,26.0,9.649195
2025-06,БІ,004914I,15.0,10.380989
2024-07,Епіцентр,004914I,6.0,1.3274443
2024-08,Епіцентр,004914I,4.0,1.3972007
2024-09,Епіцентр,004914I,3.0,1.3911598
2024-10,Епіцентр,004914I,4.0,1.4968731
2024-11,Епіцентр,004914I,5.0,1.7539743
2024-12,Епіцентр,004914I,12.0,4.035675
2025-01,Епіцентр,004914I,2.0,2.1957626
2025-02,Епіцентр,004914I,6.0,1.1364409
2025-03,Епіцентр,004914I,4.0,0.94128406
2025-04,Епіцентр,004914I,0.0,0.77205265
2025-05,Епіцентр,004914I,0.0,0.8081276
2025-06,Епіцентр,004914I,5.0,0.35173118
2024-07,Клас,004914I,0.0,0.0
2024-08,Клас,004914I,2.0,0.0
2024-09,Клас,004914I,0.0,0.0
2024-10,Клас,004914I,0.0,0.0
2024-11,Клас,004914I,0.0,0.0
2024-12,Клас,004914I,4.0,0.0
2025-01,Клас,004914I,0.0,0.0
2025-02,Клас,004914I,1.0,0.0
2025-03,Клас,004914I,0.0,0.0
2025-04,Клас,004914I,1.0,0.0
2025-05,Клас,004914I,0.0,0.0
2025-06,Клас,004914I,0.0,0.0
2024-07,МайПлей,004914I,2.0,0.39059135
2024-08,МайПлей,004914I,2.0,0.6256091
2024-09,МайПлей,004914I,5.0,0.62838244
2024-10,МайПлей,004914I,3.0,0.85225487
2024-11,МайПлей,004914I,3.0,1.0190722
2024-12,МайПлей,004914I,2.0,1.9227272
2025-01,МайПлей,004914I,6.0,0.93539125
2025-02,МайПлей,004914I,1.0,0.54825723
2025-03,МайПлей,004914I,1.0,0.55355424
2025-04,МайПлей,004914I,1.0,0.29987115
2025-05,МайПлей,004914I,0.0,0.40026292
2025-06,МайПлей,004914I,1.0,0.35771272
2024-07,Мегамаркет,004914I,0.0,0.0
2024-08,Мегамаркет,004914I,0.0,0.0
2024-09,Мегамаркет,004914I,1.0,0.0
2024-10,Мегамаркет,004914I,0.0,0.0
2024-11,Мегамаркет,004914I,0.0,0.0
2024-12,Мегамаркет,004914I,0.0,0.0
2025-01,Мегамаркет,004914I,0.0,0.0
2025-02,Мегамаркет,004914I,0.0,0.0
2025-03,Мегамаркет,004914I,0.0,0.0
2025-04,Мегамаркет,004914I,0.0,0.0
2025-05,Мегамаркет,004914I,1.0,0.0
2025-06,Мегамаркет,004914I,2.0,0.0
2024-07,Чудо Острів,004914I,1.0,0.43911946
2024-08,Чудо Острів,004914I,1.0,0.8084084
2024-09,Чудо Острів,004914I,3.0,0.79938763
2024-10,Чудо Острів,004914I,1.0,0.75278205
2024-11,Чудо Острів,004914I,3.0,1.0041847
2024-12,Чудо Острів,004914I,1.0,2.4654133
2025-01,Чудо Острів,004914I,7.0,0.98022515
2025-02,Чудо Острів,004914I,0.0,0.9859141
2025-03,Чудо Острів,004914I,1.0,0.7234368
2025-04,Чудо Острів,004914I,4.0,0.56499755
2025-05,Чудо Острів,004914I,2.0,0.9506907
2025-06,Чудо Острів,004914I,1.0,0.83406997
2024-07,ІМ-Кідіс,004915I,0.0,0.36782825
2024-08,ІМ-Кідіс,004915I,6.0,1.8481495
2024-09,ІМ-Кідіс,004915I,0.0,1.3215749
2024-10,ІМ-Кідіс,004915I,5.0,1.6398821
2024-11,ІМ-Кідіс,004915I,5.0,2.8733344
2024-12,ІМ-Кідіс,004915I,4.0,3.7676482
2025-01,ІМ-Кідіс,004915I,5.0,2.003298
2025-02,ІМ-Кідіс,004915I,2.0,1.6231747
2025-03,ІМ-Кідіс,004915I,3.0,1.0674046
2025-04,ІМ-Кідіс,004915I,5.0,1.2971762
2025-05,ІМ-Кідіс,004915I,5.0,1.6954277
2025-06,ІМ-Кідіс,004915I,2.0,1.4020396
2024-07,ІМ-Розетка,004915I,5.0,3.6590993
2024-08,ІМ-Розетка,004915I,4.0,3.00967
2024-09,ІМ-Розетка,004915I,6.0,2.426974
2024-10,ІМ-Розетка,004915I,4.0,3.121063
2024-11,ІМ-Розетка,004915I,1.0,3.35225
2024-12,ІМ-Розетка,004915I,8.0,5.8032756
2025-01,ІМ-Розетка,004915I,14.0,2.7234323
2025-02,ІМ-Розетка,004915I,0.0,1.584169
2025-03,ІМ-Розетка,004915I,1.0,1.5385062
2025-04,ІМ-Розетка,004915I,1.0,1.3841075
2025-05,ІМ-Розетка,004915I,1.0,1.2440082
2025-06,ІМ-Розетка,004915I,1.0,1.1497543
2024-07,Антошка,004915I,11.0,4.62029
2024-08,Антошка,004915I,11.0,4.980979
2024-09,Антошка,004915I,11.0,5.311813
2024-10,Антошка,004915I,15.0,5.39652
2024-11,Антошка,004915I,17.0,7.236591
2024-12,Антошка,004915I,12.0,10.930386
2025-01,Антошка,004915I,15.0,6.500401
2025-02,Антошка,004915I,24.0,5.475458
2025-03,Антошка,004915I,20.0,7.0962915
2025-04,Антошка,004915I,13.0,6.3908954
2025-05,Антошка,004915I,3.0,5.548306
2025-06,Антошка,004915I,5.0,3.2117324
2024-07,БІ,004915I,7.0,4.135219
2024-08,БІ,004915I,10.0,4.644838
2024-09,БІ,004915I,12.0,5.483921
2024-10,БІ,004915I,5.0,5.786003
2024-11,БІ,004915I,12.0,5.80094
2024-12,БІ,004915I,12.0,11.471575
2025-01,БІ,004915I,16.0,6.4808292
2025-02,БІ,004915I,3.0,5.3968115
2025-03,БІ,004915I,6.0,3.231571
2025-04,БІ,004915I,15.0,2.4041836
2025-05,БІ,004915I,4.0,4.712997
2025-06,БІ,004915I,7.0,3.6700683
2024-07,Епіцентр,004915I,5.0,1.0720516
2024-08,Епіцентр,004915I,4.0,1.3195981
2024-09,Епіцентр,004915I,6.0,1.4528387
2024-10,Епіцентр,004915I,3.0,1.5539404
2024-11,Епіцентр,004915I,13.0,2.4591498
2024-12,Епіцентр,004915I,3.0,5.841668
2025-01,Епіцентр,004915I,4.0,1.6201268
2025-02,Епіцентр,004915I,6.0,0.91156816
2025-03,Епіцентр,004915I,1.0,0.8571357
2025-04,Епіцентр,004915I,0.0,0.580471
2025-05,Епіцентр,004915I,3.0,0.74920315
2025-06,Епіцентр,004915I,0.0,0.4988114
2024-07,МайПлей,004915I,1.0,0.7315707
2024-08,МайПлей,004915I,1.0,0.709777
2024-09,МайПлей,004915I,1.0,0.5184575
2024-10,МайПлей,004915I,0.0,0.4477518
2024-11,МайПлей,004915I,2.0,0.55499506
2024-12,МайПлей,004915I,3.0,1.7189547
2025-01,МайПлей,004915I,2.0,0.67002213
2025-02,МайПлей,004915I,3.0,0.6009899
2025-03,МайПлей,004915I,1.0,0.5593549
2025-04,МайПлей,004915I,0.0,0.473763
2025-05,МайПлей,004915I,2.0,0.24104582
2025-06,МайПлей,004915I,0.0,0.3597856
2024-07,Супрун ФОП,004915I,0.0,0.026597142
2024-08,Супрун ФОП,004915I,0.0,0.066032045
2024-09,Супрун ФОП,004915I,0.0,0.0
2024-10,Супрун ФОП,004915I,1.0,0.37948284
2024-11,Супрун ФОП,004915I,3.0,0.59544796
2024-12,Супрун ФОП,004915I,4.0,1.1618645
2025-01,Супрун ФОП,004915I,3.0,1.2286566
2025-02,Супрун ФОП,004915I,0.0,0.38954034
2025-03,Супрун ФОП,004915I,0.0,0.0
2025-04,Супрун ФОП,004915I,1.0,0.5636821
2025-05,Супрун ФОП,004915I,0.0,0.0
2025-06,Супрун ФОП,004915I,2.0,0.7613469
2024-07,ІМ-МауДау,005058,1.0,0.0
2024-08,ІМ-МауДау,005058,0.0,0.0
2024-09,ІМ-МауДау,005058,0.0,0.0
2024-10,ІМ-МауДау,005058,1.0,0.0
2024-11,ІМ-МауДау,005058,0.0,0.0
2024-12,ІМ-МауДау,005058,0.0,0.0
2025-01,ІМ-МауДау,005058,0.0,0.0
2025-02,ІМ-МауДау,005058,0.0,0.0
2025-03,ІМ-МауДау,005058,0.0,0.0
2025-04,ІМ-МауДау,005058,0.0,0.0
2025-05,ІМ-МауДау,005058,0.0,0.0
2025-06,ІМ-МауДау,005058,0.0,0.0
2024-07,Антошка,005058,2.0,0.38873684
2024-08,Антошка,005058,2.0,0.31870052
2024-09,Антошка,005058,2.0,0.38971445
2024-10,Антошка,005058,2.0,0.4512647
2024-11,Антошка,005058,2.0,0.3406534
2024-12,Антошка,005058,2.0,1.3156676
2025-01,Антошка,005058,3.0,0.32824013
2025-02,Антошка,005058,8.0,0.36044654
2025-03,Антошка,005058,3.0,0.9706511
2025-04,Антошка,005058,1.0,0.6448634
2025-05,Антошка,005058,1.0,0.6109635
2025-06,Антошка,005058,0.0,0.0
2024-07,Епіцентр,005058,0.0,0.15752396
2024-08,Епіцентр,005058,1.0,0.049916506
2024-09,Епіцентр,005058,1.0,0.27340573
2024-10,Епіцентр,005058,3.0,0.0076286024
2024-11,Епіцентр,005058,1.0,0.3464262
2024-12,Епіцентр,005058,1.0,1.965843
2025-01,Епіцентр,005058,1.0,0.43417266
2025-02,Епіцентр,005058,3.0,0.25107643
2025-03,Епіцентр,005058,4.0,0.102412
2025-04,Епіцентр,005058,0.0,0.14220141
2025-05,Епіцентр,005058,1.0,0.32489222
2025-06,Епіцентр,005058,0.0,0.0
2024-07,МайПлей,005058,1.0,0.1803374
2024-08,МайПлей,005058,0.0,0.19227722
2024-09,МайПлей,005058,0.0,0.18783464
2024-10,МайПлей,005058,1.0,0.0
2024-11,МайПлей,005058,1.0,0.13766423
2024-12,МайПлей,005058,3.0,0.4879027
2025-01,МайПлей,005058,4.0,0.52003217
2025-02,МайПлей,005058,2.0,0.06558869
2025-03,МайПлей,005058,0.0,0.0
2025-04,МайПлей,005058,1.0,0.19999434
2025-05,МайПлей,005058,2.0,0.11304185
2025-06,МайПлей,005058,0.0,0.0
2024-07,Монако,005058,0.0,0.0
2024-08,Монако,005058,2.0,0.049151435
2024-09,Монако,005058,3.0,0.057676353
2024-10,Монако,005058,2.0,0.04116
2024-11,Монако,005058,2.0,0.1939115
2024-12,Монако,005058,0.0,0.43595353
2025-01,Монако,005058,0.0,0.0
2025-02,Монако,005058,1.0,0.1361761
2025-03,Монако,005058,2.0,0.0
2025-04,Монако,005058,0.0,0.0
2025-05,Монако,005058,0.0,0.0
2025-06,Монако,005058,0.0,0.0
2024-07,Смік,005058,1.0,0.0
2024-08,Смік,005058,2.0,0.0
2024-09,Смік,005058,1.0,0.0
2024-10,Смік,005058,1.0,0.0
2024-11,Смік,005058,0.0,0.0
2024-12,Смік,005058,0.0,0.0
2025-01,Смік,005058,2.0,0.0
2025-02,Смік,005058,0.0,0.0
2025-03,Смік,005058,0.0,0.0
2025-04,Смік,005058,5.0,0.0
2025-05,Смік,005058,1.0,0.0
2025-06,Смік,005058,3.0,0.0
2024-07,Чудо Острів,005058,2.0,0.423955
2024-08,Чудо Острів,005058,1.0,0.27666703
2024-09,Чудо Острів,005058,1.0,0.2541353
2024-10,Чудо Острів,005058,1.0,0.24472338
2024-11,Чудо Острів,005058,1.0,0.30301258
2024-12,Чудо Острів,005058,4.0,2.8354642
2025-01,Чудо Острів,005058,1.0,0.23198713
2025-02,Чудо Острів,005058,4.0,0.08060747
2025-03,Чудо Острів,005058,3.0,0.19708885
2025-04,Чудо Острів,005058,1.0,0.68315375
2025-05,Чудо Острів,005058,1.0,1.1459514
2025-06,Чудо Острів,005058,3.0,0.25587592
2024-07,ІМ-МауДау,005059I,0.0,0.0
2024-08,ІМ-МауДау,005059I,0.0,0.0
2024-09,ІМ-МауДау,005059I,0.0,0.0
2024-10,ІМ-МауДау,005059I,0.0,0.0
2024-11,ІМ-МауДау,005059I,0.0,0.0
2024-12,ІМ-МауДау,005059I,0.0,0.0
2025-01,ІМ-МауДау,005059I,0.0,0.0
2025-02,ІМ-МауДау,005059I,0.0,0.0
2025-03,ІМ-МауДау,005059I,0.0,0.0
2025-04,ІМ-МауДау,005059I,0.0,0.0
2025-05,ІМ-МауДау,005059I,0.0,0.0
2025-06,ІМ-МауДау,005059I,0.0,0.0
2024-07,ІМ-Розетка,005059I,0.0,0.0
2024-08,ІМ-Розетка,005059I,0.0,0.0
2024-09,ІМ-Розетка,005059I,0.0,0.0
2024-10,ІМ-Розетка,005059I,0.0,0.0
2024-11,ІМ-Розетка,005059I,0.0,0.0
2024-12,ІМ-Розетка,005059I,1.0,0.53274363
2025-01,ІМ-Розетка,005059I,0.0,0.0
2025-02,ІМ-Розетка,005059I,0.0,0.0
2025-03,ІМ-Розетка,005059I,1.0,0.0
2025-04,ІМ-Розетка,005059I,0.0,0.0
2025-05,ІМ-Розетка,005059I,2.0,0.006182691
2025-06,ІМ-Розетка,005059I,0.0,0.0
2024-07,Антошка,005059I,4.0,2.205591
2024-08,Антошка,005059I,1.0,1.3394332
2024-09,Антошка,005059I,3.0,1.1307036
2024-10,Антошка,005059I,4.0,1.6646328
2024-11,Антошка,005059I,2.0,1.6111732
2024-12,Антошка,005059I,1.0,1.5033463
2025-01,Антошка,005059I,2.0,0.90994334
2025-02,Антошка,005059I,1.0,1.0284493
2025-03,Антошка,005059I,1.0,0.72678244
2025-04,Антошка,005059I,1.0,0.6820179
2025-05,Антошка,005059I,4.0,0.6752105
2025-06,Антошка,005059I,3.0,0.7890643
2024-07,БІ,005059I,21.0,15.77841
2024-08,БІ,005059I,19.0,10.455619
2024-09,БІ,005059I,20.0,8.828034
2024-10,БІ,005059I,19.0,12.954423
2024-11,БІ,005059I,16.0,13.605353
2024-12,БІ,005059I,25.0,14.920395
2025-01,БІ,005059I,28.0,9.488357
2025-02,БІ,005059I,17.0,13.655611
2025-03,БІ,005059I,33.0,11.761401
2025-04,БІ,005059I,13.0,13.003456
2025-05,БІ,005059I,6.0,6.995683
2025-06,БІ,005059I,11.0,5.548548
2024-07,Епіцентр,005059I,5.0,1.8549542
2024-08,Епіцентр,005059I,3.0,1.2303222
2024-09,Епіцентр,005059I,6.0,1.177948
2024-10,Епіцентр,005059I,1.0,1.5393373
2024-11,Епіцентр,005059I,6.0,1.4251406
2024-12,Епіцентр,005059I,2.0,2.09931
2025-01,Епіцентр,005059I,2.0,0.7818873
2025-02,Епіцентр,005059I,2.0,0.85015035
2025-03,Епіцентр,005059I,5.0,0.6894584
2025-04,Епіцентр,005059I,0.0,0.80116427
2025-05,Епіцентр,005059I,4.0,0.4870082
2025-06,Епіцентр,005059I,3.0,0.8413424
2024-07,МайПлей,005059I,2.0,1.4522033
2024-08,МайПлей,005059I,1.0,1.0362276
2024-09,МайПлей,005059I,2.0,0.9312032
2024-10,МайПлей,005059I,1.0,0.9292765
2024-11,МайПлей,005059I,1.0,0.86050266
2024-12,МайПлей,005059I,6.0,1.7468188
2025-01,МайПлей,005059I,1.0,0.97943425
2025-02,МайПлей,005059I,1.0,1.103678
2025-03,МайПлей,005059I,3.0,1.0954825
2025-04,МайПлей,005059I,3.0,0.9394917
2025-05,МайПлей,005059I,2.0,1.0779713
2025-06,МайПлей,005059I,5.0,0.74691206
2024-07,Мегамаркет,005059I,0.0,0.08536545
2024-08,Мегамаркет,005059I,1.0,0.0
2024-09,Мегамаркет,005059I,0.0,0.0
2024-10,Мегамаркет,005059I,1.0,0.0
2024-11,Мегамаркет,005059I,0.0,0.0
2024-12,Мегамаркет,005059I,1.0,0.0
2025-01,Мегамаркет,005059I,0.0,0.0
2025-02,Мегамаркет,005059I,0.0,0.0
2025-03,Мегамаркет,005059I,0.0,0.0
2025-04,Мегамаркет,005059I,0.0,0.0
2025-05,Мегамаркет,005059I,1.0,0.0
2025-06,Мегамаркет,005059I,2.0,0.0
2024-07,Монако,005059I,0.0,0.0
2024-08,Монако,005059I,1.0,0.43207923
2024-09,Монако,005059I,1.0,0.3432681
2024-10,Монако,005059I,0.0,0.120709665
2024-11,Монако,005059I,2.0,0.45131418
2024-12,Монако,005059I,0.0,0.0
2025-01,Монако,005059I,0.0,0.0
2025-02,Монако,005059I,0.0,0.0
2025-03,Монако,005059I,2.0,0.15755376
2025-04,Монако,005059I,2.0,0.1489811
2025-05,Монако,005059I,1.0,0.15235439
2025-06,Монако,005059I,1.0,0.5742047
2024-07,Росицька ФОП,005059I,0.0,0.0
2024-08,Росицька ФОП,005059I,1.0,0.0
2024-09,Росицька ФОП,005059I,0.0,0.0
2024-10,Росицька ФОП,005059I,0.0,0.0
2024-11,Росицька ФОП,005059I,0.0,0.0
2024-12,Росицька ФОП,005059I,0.0,0.0
2025-01,Росицька ФОП,005059I,0.0,0.0
2025-02,Росицька ФОП,005059I,0.0,0.0
2025-03,Росицька ФОП,005059I,0.0,0.0
2025-04,Росицька ФОП,005059I,0.0,0.0
2025-05,Росицька ФОП,005059I,0.0,0.0
2025-06,Росицька ФОП,005059I,1.0,0.0
2024-07,Смік,005059I,2.0,1.0709043
2024-08,Смік,005059I,3.0,1.0916256
2024-09,Смік,005059I,5.0,1.1945145
2024-10,Смік,005059I,0.0,1.1686426
2024-11,Смік,005059I,0.0,0.28110927
2024-12,Смік,005059I,0.0,0.45442548
2025-01,Смік,005059I,2.0,0.33161604
2025-02,Смік,005059I,2.0,0.87820077
2025-03,Смік,005059I,3.0,0.68275696
2025-04,Смік,005059I,1.0,0.6809401
2025-05,Смік,005059I,0.0,0.6049225
2025-06,Смік,005059I,1.0,0.35590377
2024-07,Чудо Острів,005059I,11.0,5.440029
2024-08,Чудо Острів,005059I,9.0,3.9138522
2024-09,Чудо Острів,005059I,11.0,4.322837
2024-10,Чудо Острів,005059I,11.0,6.1993394
2024-11,Чудо Острів,005059I,10.0,5.767939
2024-12,Чудо Острів,005059I,3.0,7.784195
2025-01,Чудо Острів,005059I,9.0,3.0891275
2025-02,Чудо Острів,005059I,15.0,4.116391
2025-03,Чудо Острів,005059I,15.0,6.2744803
2025-04,Чудо Острів,005059I,16.0,5.3040695
2025-05,Чудо Острів,005059I,10.0,8.360039
2025-06,Чудо Острів,005059I,11.0,5.2279334
2024-07,ІМ-МауДау,005060I,0.0,0.20085861
2024-08,ІМ-МауДау,005060I,0.0,0.034046073
2024-09,ІМ-МауДау,005060I,0.0,0.0
2024-10,ІМ-МауДау,005060I,0.0,0.0
2024-11,ІМ-МауДау,005060I,0.0,0.0
2024-12,ІМ-МауДау,005060I,0.0,0.07478099
2025-01,ІМ-МауДау,005060I,0.0,0.0
2025-02,ІМ-МауДау,005060I,1.0,0.0
2025-03,ІМ-МауДау,005060I,0.0,0.0
2025-04,ІМ-МауДау,005060I,0.0,0.0
2025-05,ІМ-МауДау,005060I,0.0,0.0
2025-06,ІМ-МауДау,005060I,1.0,0.0
2024-07,Антошка,005060I,11.0,5.5963097
2024-08,Антошка,005060I,6.0,4.0128493
2024-09,Антошка,005060I,9.0,3.4903107
2024-10,Антошка,005060I,2.0,3.075068
2024-11,Антошка,005060I,9.0,3.0686734
2024-12,Антошка,005060I,10.0,7.868455
2025-01,Антошка,005060I,10.0,5.3660736
2025-02,Антошка,005060I,3.0,2.7601042
2025-03,Антошка,005060I,9.0,2.1328936
2025-04,Антошка,005060I,7.0,2.7271142
2025-05,Антошка,005060I,3.0,2.490968
2025-06,Антошка,005060I,6.0,2.0568018
2024-07,БІ,005060I,20.0,13.6792965
2024-08,БІ,005060I,15.0,9.4688225
2024-09,БІ,005060I,8.0,7.702746
2024-10,БІ,005060I,8.0,5.7354836
2024-11,БІ,005060I,34.0,5.9251614
2024-12,БІ,005060I,51.0,29.523827
2025-01,БІ,005060I,30.0,17.110588
2025-02,БІ,005060I,11.0,12.08727
2025-03,БІ,005060I,14.0,8.273096
2025-04,БІ,005060I,14.0,11.818308
2025-05,БІ,005060I,25.0,7.6628666
2025-06,БІ,005060I,11.0,10.037573
2024-07,Епіцентр,005060I,4.0,1.6431116
2024-08,Епіцентр,005060I,3.0,1.0250453
2024-09,Епіцентр,005060I,8.0,1.1516949
2024-10,Епіцентр,005060I,6.0,1.2265147
2024-11,Епіцентр,005060I,3.0,1.7078869
2024-12,Епіцентр,005060I,16.0,3.17479
2025-01,Епіцентр,005060I,3.0,3.1993403
2025-02,Епіцентр,005060I,3.0,1.0365433
2025-03,Епіцентр,005060I,0.0,0.9375886
2025-04,Епіцентр,005060I,0.0,0.3359768
2025-05,Епіцентр,005060I,0.0,0.0
2025-06,Епіцентр,005060I,3.0,0.2440066
2024-07,МайПлей,005060I,8.0,1.9305931
2024-08,МайПлей,005060I,3.0,1.6721087
2024-09,МайПлей,005060I,3.0,1.734157
2024-10,МайПлей,005060I,1.0,1.2892966
2024-11,МайПлей,005060I,5.0,1.3806156
2024-12,МайПлей,005060I,11.0,3.5327764
2025-01,МайПлей,005060I,4.0,3.4574971
2025-02,МайПлей,005060I,1.0,1.4719061
2025-03,МайПлей,005060I,2.0,1.1233331
2025-04,МайПлей,005060I,1.0,1.1256087
2025-05,МайПлей,005060I,2.0,1.0955244
2025-06,МайПлей,005060I,4.0,1.062754
2024-07,Мегамаркет,005060I,2.0,0.38793227
2024-08,Мегамаркет,005060I,0.0,0.0
2024-09,Мегамаркет,005060I,2.0,0.0
2024-10,Мегамаркет,005060I,0.0,0.0
2024-11,Мегамаркет,005060I,0.0,0.0
2024-12,Мегамаркет,005060I,0.0,0.11062589
2025-01,Мегамаркет,005060I,0.0,0.0
2025-02,Мегамаркет,005060I,1.0,0.0
2025-03,Мегамаркет,005060I,0.0,0.0
2025-04,Мегамаркет,005060I,1.0,0.0
2025-05,Мегамаркет,005060I,1.0,0.0
2025-06,Мегамаркет,005060I,0.0,0.0
2024-07,Монако,005060I,0.0,0.0
2024-08,Монако,005060I,3.0,0.20637873
2024-09,Монако,005060I,1.0,0.016181411
2024-10,Монако,005060I,1.0,0.25257745
2024-11,Монако,005060I,3.0,0.6666334
2024-12,Монако,005060I,0.0,0.02792129
2025-01,Монако,005060I,0.0,0.0
2025-02,Монако,005060I,0.0,0.0
2025-03,Монако,005060I,1.0,0.060087316
2025-04,Монако,005060I,0.0,0.0
2025-05,Монако,005060I,0.0,0.0
2025-06,Монако,005060I,0.0,0.0
2024-07,Смік,005060I,2.0,1.0357652
2024-08,Смік,005060I,4.0,1.2210408
2024-09,Смік,005060I,5.0,1.1891835
2024-10,Смік,005060I,0.0,1.0571978
2024-11,Смік,005060I,0.0,0.2386425
2024-12,Смік,005060I,0.0,0.896013
2025-01,Смік,005060I,6.0,0.6741985
2025-02,Смік,005060I,0.0,0.0
2025-03,Смік,005060I,0.0,0.1796639
2025-04,Смік,005060I,0.0,0.27698958
2025-05,Смік,005060I,2.0,0.4853438
2025-06,Смік,005060I,2.0,0.4570604
2024-07,Чудо Острів,005060I,11.0,5.568549
2024-08,Чудо Острів,005060I,7.0,4.2938213
2024-09,Чудо Острів,005060I,10.0,3.6733284
2024-10,Чудо Острів,005060I,3.0,4.030964
2024-11,Чудо Острів,005060I,19.0,3.925691
2024-12,Чудо Острів,005060I,33.0,13.619498
2025-01,Чудо Острів,005060I,33.0,10.699009
2025-02,Чудо Острів,005060I,4.0,9.685054
2025-03,Чудо Острів,005060I,6.0,4.552604
2025-04,Чудо Острів,005060I,10.0,5.220235
2025-05,Чудо Острів,005060I,6.0,3.8086927
2025-06,Чудо Острів,005060I,9.0,3.8598518
2024-07,БІ,005151I,3.0,2.361682
2024-08,БІ,005151I,16.0,4.515318
2024-09,БІ,005151I,15.0,5.8307495
2024-10,БІ,005151I,4.0,4.08282
2024-11,БІ,005151I,3.0,2.4844139
2024-12,БІ,005151I,13.0,4.701247
2025-01,БІ,005151I,8.0,3.0129
2025-02,БІ,005151I,5.0,2.5620956
2025-03,БІ,005151I,11.0,2.1860762
2025-04,БІ,005151I,3.0,2.4563162
2025-05,БІ,005151I,8.0,1.9372923
2025-06,БІ,005151I,0.0,0.49785855
2024-07,Епіцентр,005151I,3.0,2.3630247
2024-08,Епіцентр,005151I,14.0,2.333181
2024-09,Епіцентр,005151I,9.0,3.801354
2024-10,Епіцентр,005151I,3.0,2.4767396
2024-11,Епіцентр,005151I,3.0,1.890817
2024-12,Епіцентр,005151I,6.0,3.0063546
2025-01,Епіцентр,005151I,3.0,1.0446011
2025-02,Епіцентр,005151I,4.0,0.98062027
2025-03,Епіцентр,005151I,12.0,1.1302676
2025-04,Епіцентр,005151I,0.0,0.33354092
2025-05,Епіцентр,005151I,3.0,0.9808169
2025-06,Епіцентр,005151I,3.0,0.97834593
2024-07,МайПлей,005151I,3.0,1.0271783
2024-08,МайПлей,005151I,4.0,1.7299172
2024-09,МайПлей,005151I,5.0,1.5863484
2024-10,МайПлей,005151I,4.0,0.9814616
2024-11,МайПлей,005151I,4.0,1.2312633
2024-12,МайПлей,005151I,6.0,2.023789
2025-01,МайПлей,005151I,2.0,1.0883217
2025-02,МайПлей,005151I,2.0,0.81748605
2025-03,МайПлей,005151I,1.0,0.63419694
2025-04,МайПлей,005151I,0.0,0.0
2025-05,МайПлей,005151I,0.0,0.0
2025-06,МайПлей,005151I,2.0,0.30496368
2024-07,Мегамаркет,005151I,1.0,0.0
2024-08,Мегамаркет,005151I,1.0,0.0
2024-09,Мегамаркет,005151I,1.0,0.0
2024-10,Мегамаркет,005151I,2.0,0.0
2024-11,Мегамаркет,005151I,0.0,0.0
2024-12,Мегамаркет,005151I,2.0,0.023797732
2025-01,Мегамаркет,005151I,0.0,0.0
2025-02,Мегамаркет,005151I,2.0,0.0
2025-03,Мегамаркет,005151I,1.0,0.0
2025-04,Мегамаркет,005151I,0.0,0.0
2025-05,Мегамаркет,005151I,0.0,0.0
2025-06,Мегамаркет,005151I,1.0,0.0
2024-07,Смік,005151I,2.0,0.099941485
2024-08,Смік,005151I,2.0,0.46450943
2024-09,Смік,005151I,3.0,0.45808512
2024-10,Смік,005151I,3.0,0.24275596
2024-11,Смік,005151I,0.0,0.22247529
2024-12,Смік,005151I,0.0,0.0
2025-01,Смік,005151I,0.0,0.0
2025-02,Смік,005151I,1.0,0.0
2025-03,Смік,005151I,0.0,0.0
2025-04,Смік,005151I,3.0,0.0
2025-05,Смік,005151I,3.0,0.36755016
2025-06,Смік,005151I,2.0,0.26862893
2024-07,Чудо Острів,005151I,5.0,2.8854063
2024-08,Чудо Острів,005151I,11.0,4.2241592
2024-09,Чудо Острів,005151I,12.0,5.066156
2024-10,Чудо Острів,005151I,1.0,3.740719
2024-11,Чудо Острів,005151I,0.0,2.1393936
2024-12,Чудо Острів,005151I,4.0,3.0447836
2025-01,Чудо Острів,005151I,6.0,1.7331825
2025-02,Чудо Острів,005151I,4.0,1.8251557
2025-03,Чудо Острів,005151I,1.0,1.8340663
2025-04,Чудо Острів,005151I,4.0,1.1908883
2025-05,Чудо Острів,005151I,2.0,1.5519576
2025-06,Чудо Острів,005151I,2.0,1.3294505
2024-07,ІМ-Розетка,005209,1.0,0.50591743
2024-08,ІМ-Розетка,005209,9.0,1.0171598
2024-09,ІМ-Розетка,005209,3.0,1.8053585
2024-10,ІМ-Розетка,005209,4.0,1.7685657
2024-11,ІМ-Розетка,005209,11.0,1.9268979
2024-12,ІМ-Розетка,005209,28.0,6.4035745
2025-01,ІМ-Розетка,005209,13.0,4.473577
2025-02,ІМ-Розетка,005209,0.0,3.1829538
2025-03,ІМ-Розетка,005209,1.0,1.5269336
2025-04,ІМ-Розетка,005209,0.0,1.2177676
2025-05,ІМ-Розетка,005209,0.0,0.3759999
2025-06,ІМ-Розетка,005209,0.0,0.2903124
2024-07,Антошка,005209,27.0,9.179944
2024-08,Антошка,005209,21.0,13.861569
2024-09,Антошка,005209,14.0,9.842379
2024-10,Антошка,005209,17.0,9.983766
2024-11,Антошка,005209,19.0,8.645175
2024-12,Антошка,005209,93.0,15.709725
2025-01,Антошка,005209,28.0,18.331335
2025-02,Антошка,005209,30.0,9.8856535
2025-03,Антошка,005209,31.0,10.6637945
2025-04,Антошка,005209,26.0,11.314406
2025-05,Антошка,005209,14.0,9.901418
2025-06,Антошка,005209,1.0,6.7173414
2024-07,БІ,005209,36.0,10.900167
2024-08,БІ,005209,18.0,12.163008
2024-09,БІ,005209,17.0,9.072087
2024-10,БІ,005209,13.0,9.410888
2024-11,БІ,005209,21.0,9.094096
2024-12,БІ,005209,63.0,21.205196
2025-01,БІ,005209,45.0,15.171687
2025-02,БІ,005209,20.0,13.150702
2025-03,БІ,005209,20.0,9.053506
2025-04,БІ,005209,30.0,10.186308
2025-05,БІ,005209,25.0,11.025084
2025-06,БІ,005209,21.0,9.389181
2024-07,Епіцентр,005209,3.0,2.200779
2024-08,Епіцентр,005209,9.0,3.0279732
2024-09,Епіцентр,005209,8.0,2.9337265
2024-10,Епіцентр,005209,6.0,3.0454586
2024-11,Епіцентр,005209,13.0,3.2557704
2024-12,Епіцентр,005209,37.0,9.137909
2025-01,Епіцентр,005209,24.0,6.080301
2025-02,Епіцентр,005209,13.0,6.713984
2025-03,Епіцентр,005209,1.0,4.5391755
2025-04,Епіцентр,005209,0.0,1.340733
2025-05,Епіцентр,005209,10.0,2.8328836
2025-06,Епіцентр,005209,7.0,2.8309066
2024-07,Клас,005209,1.0,0.0
2024-08,Клас,005209,2.0,0.05620968
2024-09,Клас,005209,1.0,0.0
2024-10,Клас,005209,0.0,0.13473888
2024-11,Клас,005209,1.0,0.0
2024-12,Клас,005209,0.0,0.15169114
2025-01,Клас,005209,0.0,0.0
2025-02,Клас,005209,0.0,0.0
2025-03,Клас,005209,0.0,0.0
2025-04,Клас,005209,0.0,0.0
2025-05,Клас,005209,0.0,0.0
2025-06,Клас,005209,0.0,0.0
2024-07,МайПлей,005209,5.0,0.8793437
2024-08,МайПлей,005209,3.0,1.6200914
2024-09,МайПлей,005209,7.0,1.7756336
2024-10,МайПлей,005209,3.0,1.7585467
2024-11,МайПлей,005209,3.0,1.4071972
2024-12,МайПлей,005209,14.0,2.813973
2025-01,МайПлей,005209,2.0,2.060148
2025-02,МайПлей,005209,2.0,1.0750833
2025-03,МайПлей,005209,6.0,0.77874047
2025-04,МайПлей,005209,6.0,0.95607513
2025-05,МайПлей,005209,3.0,1.2529136
2025-06,МайПлей,005209,3.0,1.015274
2024-07,Мегамаркет,005209,0.0,0.0036092408
2024-08,Мегамаркет,005209,0.0,0.11566972
2024-09,Мегамаркет,005209,3.0,0.06935861
2024-10,Мегамаркет,005209,3.0,0.13413769
2024-11,Мегамаркет,005209,1.0,0.23799504
2024-12,Мегамаркет,005209,2.0,0.7609
2025-01,Мегамаркет,005209,2.0,0.014850732
2025-02,Мегамаркет,005209,1.0,0.0
2025-03,Мегамаркет,005209,0.0,0.0
2025-04,Мегамаркет,005209,0.0,0.0
2025-05,Мегамаркет,005209,0.0,0.0
2025-06,Мегамаркет,005209,0.0,0.0
2024-07,Монако,005209,0.0,0.0
2024-08,Монако,005209,2.0,0.11411121
2024-09,Монако,005209,0.0,0.0
2024-10,Монако,005209,1.0,0.25340518
2024-11,Монако,005209,5.0,0.23672584
2024-12,Монако,005209,0.0,0.18329532
2025-01,Монако,005209,0.0,0.0
2025-02,Монако,005209,1.0,0.23848444
2025-03,Монако,005209,1.0,0.0
2025-04,Монако,005209,0.0,0.0
2025-05,Монако,005209,0.0,0.0
2025-06,Монако,005209,0.0,0.0
2024-07,Супрун ФОП,005209,0.0,0.0
2024-08,Супрун ФОП,005209,0.0,0.0
2024-09,Супрун ФОП,005209,3.0,0.038051885
2024-10,Супрун ФОП,005209,0.0,0.0
2024-11,Супрун ФОП,005209,1.0,0.08063111
2024-12,Супрун ФОП,005209,0.0,0.0
2025-01,Супрун ФОП,005209,0.0,0.0
2025-02,Супрун ФОП,005209,0.0,0.0
2025-03,Супрун ФОП,005209,0.0,0.0
2025-04,Супрун ФОП,005209,0.0,0.0
2025-05,Супрун ФОП,005209,0.0,0.0
2025-06,Супрун ФОП,005209,0.0,0.0
2024-07,Чудо Острів,005209,18.0,1.8256576
2024-08,Чудо Острів,005209,13.0,4.149808
2024-09,Чудо Острів,005209,9.0,4.1900635
2024-10,Чудо Острів,005209,13.0,4.4960427
2024-11,Чудо Острів,005209,19.0,4.615094
2024-12,Чудо Острів,005209,42.0,13.020287
2025-01,Чудо Острів,005209,47.0,9.6864805
2025-02,Чудо Острів,005209,15.0,8.881468
2025-03,Чудо Острів,005209,12.0,6.112951
2025-04,Чудо Острів,005209,17.0,6.395616
2025-05,Чудо Острів,005209,11.0,6.2470717
2025-06,Чудо Острів,005209,8.0,4.4294744
2024-07,ІМ-МауДау,005362I,0.0,0.0
2024-08,ІМ-МауДау,005362I,0.0,0.0
2024-09,ІМ-МауДау,005362I,0.0,0.0
2024-10,ІМ-МауДау,005362I,0.0,0.0
2024-11,ІМ-МауДау,005362I,0.0,0.0
2024-12,ІМ-МауДау,005362I,0.0,0.0
2025-01,ІМ-МауДау,005362I,0.0,0.0
2025-02,ІМ-МауДау,005362I,0.0,0.0
2025-03,ІМ-МауДау,005362I,0.0,0.0
2025-04,ІМ-МауДау,005362I,0.0,0.0
2025-05,ІМ-МауДау,005362I,0.0,0.0
2025-06,ІМ-МауДау,005362I,1.0,0.0
2024-07,ІМ-Розетка,005362I,0.0,0.0
2024-08,ІМ-Розетка,005362I,0.0,0.0
2024-09,ІМ-Розетка,005362I,0.0,0.0
2024-10,ІМ-Розетка,005362I,0.0,0.0
2024-11,ІМ-Розетка,005362I,0.0,0.0
2024-12,ІМ-Розетка,005362I,4.0,0.36158478
2025-01,ІМ-Розетка,005362I,1.0,0.9868214
2025-02,ІМ-Розетка,005362I,0.0,0.0
2025-03,ІМ-Розетка,005362I,0.0,0.0
2025-04,ІМ-Розетка,005362I,0.0,0.0
2025-05,ІМ-Розетка,005362I,3.0,0.039665725
2025-06,ІМ-Розетка,005362I,0.0,0.0
2024-07,Антошка,005362I,89.0,37.45081
2024-08,Антошка,005362I,98.0,53.210033
2024-09,Антошка,005362I,42.0,33.134552
2024-10,Антошка,005362I,26.0,31.970417
2024-11,Антошка,005362I,32.0,21.887096
2024-12,Антошка,005362I,52.0,39.986042
2025-01,Антошка,005362I,32.0,22.236177
2025-02,Антошка,005362I,30.0,17.639416
2025-03,Антошка,005362I,44.0,15.428987
2025-04,Антошка,005362I,26.0,24.707066
2025-05,Антошка,005362I,21.0,19.362972
2025-06,Антошка,005362I,7.0,17.379406
2024-07,БІ,005362I,114.0,44.09299
2024-08,БІ,005362I,75.0,50.70299
2024-09,БІ,005362I,78.0,45.028984
2024-10,БІ,005362I,66.0,44.889256
2024-11,БІ,005362I,57.0,43.83423
2024-12,БІ,005362I,117.0,62.259052
2025-01,БІ,005362I,72.0,37.049263
2025-02,БІ,005362I,62.0,36.881916
2025-03,БІ,005362I,47.0,32.232224
2025-04,БІ,005362I,69.0,34.510773
2025-05,БІ,005362I,85.0,39.944435
2025-06,БІ,005362I,80.0,42.19207
2024-07,Епіцентр,005362I,33.0,8.419497
2024-08,Епіцентр,005362I,20.0,10.228347
2024-09,Епіцентр,005362I,12.0,5.201386
2024-10,Епіцентр,005362I,21.0,5.692654
2024-11,Епіцентр,005362I,19.0,8.780663
2024-12,Епіцентр,005362I,53.0,13.710906
2025-01,Епіцентр,005362I,16.0,10.345767
2025-02,Епіцентр,005362I,13.0,5.996647
2025-03,Епіцентр,005362I,19.0,6.2730446
2025-04,Епіцентр,005362I,0.0,7.486297
2025-05,Епіцентр,005362I,20.0,2.9752915
2025-06,Епіцентр,005362I,29.0,6.442529
2024-07,Країна Казок,005362I,1.0,0.0
2024-08,Країна Казок,005362I,1.0,0.0
2024-09,Країна Казок,005362I,0.0,0.0
2024-10,Країна Казок,005362I,0.0,0.0
2024-11,Країна Казок,005362I,0.0,0.0
2024-12,Країна Казок,005362I,0.0,0.0
2025-01,Країна Казок,005362I,0.0,0.0
2025-02,Країна Казок,005362I,0.0,0.0
2025-03,Країна Казок,005362I,1.0,0.0
2025-04,Країна Казок,005362I,2.0,0.0
2025-05,Країна Казок,005362I,0.0,0.0
2025-06,Країна Казок,005362I,1.0,0.0
2024-07,Кубі,005362I,1.0,0.18243912
2024-08,Кубі,005362I,1.0,0.43926862
2024-09,Кубі,005362I,2.0,0.44134375
2024-10,Кубі,005362I,0.0,0.0
2024-11,Кубі,005362I,1.0,0.46118286
2024-12,Кубі,005362I,1.0,0.5207724
2025-01,Кубі,005362I,0.0,0.0
2025-02,Кубі,005362I,0.0,0.0
2025-03,Кубі,005362I,3.0,0.12468164
2025-04,Кубі,005362I,0.0,0.03897401
2025-05,Кубі,005362I,0.0,0.1971182
2025-06,Кубі,005362I,0.0,0.0
2024-07,МайПлей,005362I,11.0,4.456166
2024-08,МайПлей,005362I,12.0,4.9658327
2024-09,МайПлей,005362I,6.0,3.8370275
2024-10,МайПлей,005362I,8.0,4.1313977
2024-11,МайПлей,005362I,10.0,4.254289
2024-12,МайПлей,005362I,14.0,9.07637
2025-01,МайПлей,005362I,10.0,4.326347
2025-02,МайПлей,005362I,6.0,2.6918795
2025-03,МайПлей,005362I,3.0,2.7545233
2025-04,МайПлей,005362I,9.0,2.812482
2025-05,МайПлей,005362I,8.0,3.3672812
2025-06,МайПлей,005362I,7.0,3.2770102
2024-07,Мегамаркет,005362I,0.0,0.0
2024-08,Мегамаркет,005362I,1.0,0.04859234
2024-09,Мегамаркет,005362I,1.0,0.0
2024-10,Мегамаркет,005362I,0.0,0.012315812
2024-11,Мегамаркет,005362I,0.0,0.0
2024-12,Мегамаркет,005362I,0.0,0.0037528784
2025-01,Мегамаркет,005362I,0.0,0.0
2025-02,Мегамаркет,005362I,0.0,0.0
2025-03,Мегамаркет,005362I,1.0,0.0
2025-04,Мегамаркет,005362I,1.0,0.0
2025-05,Мегамаркет,005362I,0.0,0.0
2025-06,Мегамаркет,005362I,0.0,0.0
2024-07,Монако,005362I,1.0,0.031631183
2024-08,Монако,005362I,6.0,0.3430392
2024-09,Монако,005362I,0.0,0.0
2024-10,Монако,005362I,3.0,0.68184304
2024-11,Монако,005362I,10.0,0.84223783
2024-12,Монако,005362I,0.0,0.8718193
2025-01,Монако,005362I,0.0,0.0
2025-02,Монако,005362I,0.0,0.0
2025-03,Монако,005362I,2.0,0.38977572
2025-04,Монако,005362I,1.0,0.36640623
2025-05,Монако,005362I,5.0,0.5408916
2025-06,Монако,005362I,0.0,0.0
2024-07,РОСТ,005362I,2.0,0.10810944
2024-08,РОСТ,005362I,0.0,0.0
2024-09,РОСТ,005362I,0.0,0.0
2024-10,РОСТ,005362I,1.0,0.0
2024-11,РОСТ,005362I,0.0,0.0
2024-12,РОСТ,005362I,0.0,0.0
2025-01,РОСТ,005362I,0.0,0.0
2025-02,РОСТ,005362I,0.0,0.0
2025-03,РОСТ,005362I,0.0,0.0
2025-04,РОСТ,005362I,0.0,0.0
2025-05,РОСТ,005362I,0.0,0.0
2025-06,РОСТ,005362I,0.0,0.0
2024-07,Росицька ФОП,005362I,1.0,0.0
2024-08,Росицька ФОП,005362I,0.0,0.0
2024-09,Росицька ФОП,005362I,0.0,0.0
2024-10,Росицька ФОП,005362I,0.0,0.0
2024-11,Росицька ФОП,005362I,0.0,0.0
2024-12,Росицька ФОП,005362I,0.0,0.0
2025-01,Росицька ФОП,005362I,1.0,0.0
2025-02,Росицька ФОП,005362I,0.0,0.0
2025-03,Росицька ФОП,005362I,1.0,0.0
2025-04,Росицька ФОП,005362I,0.0,0.0
2025-05,Росицька ФОП,005362I,1.0,0.0
2025-06,Росицька ФОП,005362I,0.0,0.0
2024-07,СмартБі Луцьк,005362I,0.0,0.0
2024-08,СмартБі Луцьк,005362I,2.0,0.4078053
2024-09,СмартБі Луцьк,005362I,0.0,0.0
2024-10,СмартБі Луцьк,005362I,4.0,0.5128861
2024-11,СмартБі Луцьк,005362I,0.0,0.022512294
2024-12,СмартБі Луцьк,005362I,2.0,0.63053584
2025-01,СмартБі Луцьк,005362I,0.0,0.0
2025-02,СмартБі Луцьк,005362I,0.0,0.0
2025-03,СмартБі Луцьк,005362I,0.0,0.0
2025-04,СмартБі Луцьк,005362I,1.0,0.16783674
2025-05,СмартБі Луцьк,005362I,0.0,0.0
2025-06,СмартБі Луцьк,005362I,0.0,0.0
2024-07,Смік,005362I,3.0,1.7765449
2024-08,Смік,005362I,7.0,2.3366594
2024-09,Смік,005362I,7.0,0.9360814
2024-10,Смік,005362I,0.0,2.0958886
2024-11,Смік,005362I,0.0,2.3810236
2024-12,Смік,005362I,9.0,2.7225833
2025-01,Смік,005362I,7.0,2.0406919
2025-02,Смік,005362I,3.0,1.6990219
2025-03,Смік,005362I,4.0,1.3986478
2025-04,Смік,005362I,4.0,1.6946831
2025-05,Смік,005362I,7.0,1.3236368
2025-06,Смік,005362I,4.0,1.8495528
2024-07,Чарівник,005362I,1.0,0.0
2024-08,Чарівник,005362I,1.0,0.0
2024-09,Чарівник,005362I,0.0,0.0
2024-10,Чарівник,005362I,1.0,0.0
2024-11,Чарівник,005362I,0.0,0.0
2024-12,Чарівник,005362I,0.0,0.0
2025-01,Чарівник,005362I,0.0,0.0
2025-02,Чарівник,005362I,0.0,0.0
2025-03,Чарівник,005362I,0.0,0.0
2025-04,Чарівник,005362I,2.0,0.0
2025-05,Чарівник,005362I,0.0,0.0
2025-06,Чарівник,005362I,1.0,0.0
2024-07,Чудо Острів,005362I,33.0,9.074808
2024-08,Чудо Острів,005362I,18.0,12.356327
2024-09,Чудо Острів,005362I,13.0,6.479413
2024-10,Чудо Острів,005362I,17.0,7.6107965
2024-11,Чудо Острів,005362I,20.0,10.742952
2024-12,Чудо Острів,005362I,34.0,15.018378
2025-01,Чудо Острів,005362I,21.0,12.693851
2025-02,Чудо Острів,005362I,15.0,8.818128
2025-03,Чудо Острів,005362I,12.0,7.874153
2025-04,Чудо Острів,005362I,33.0,8.615845
2025-05,Чудо Острів,005362I,29.0,17.851793
2025-06,Чудо Острів,005362I,16.0,11.036695
2024-07,Антошка,005373,5.0,2.8964753
2024-08,Антошка,005373,7.0,2.2093458
2024-09,Антошка,005373,2.0,2.2666748
2024-10,Антошка,005373,14.0,1.7589703
2024-11,Антошка,005373,8.0,4.1664886
2024-12,Антошка,005373,8.0,7.47252
2025-01,Антошка,005373,5.0,3.1050508
2025-02,Антошка,005373,7.0,1.7382015
2025-03,Антошка,005373,15.0,1.958434
2025-04,Антошка,005373,12.0,3.6255772
2025-05,Антошка,005373,6.0,4.107264
2025-06,Антошка,005373,1.0,2.6957464
2024-07,БІ,005373,11.0,3.24614
2024-08,БІ,005373,8.0,4.0802975
2024-09,БІ,005373,6.0,3.378281
2024-10,БІ,005373,6.0,3.0635653
2024-11,БІ,005373,8.0,2.9923131
2024-12,БІ,005373,17.0,8.403727
2025-01,БІ,005373,3.0,3.6528618
2025-02,БІ,005373,5.0,2.0820255
2025-03,БІ,005373,5.0,1.9393569
2025-04,БІ,005373,9.0,2.2891
2025-05,БІ,005373,3.0,2.7379212
2025-06,БІ,005373,3.0,1.9049592
2024-07,МайПлей,005373,2.0,0.27960914
2024-08,МайПлей,005373,2.0,0.12088289
2024-09,МайПлей,005373,0.0,0.29364762
2024-10,МайПлей,005373,2.0,0.0645661
2024-11,МайПлей,005373,0.0,0.04778064
2024-12,МайПлей,005373,6.0,0.4853764
2025-01,МайПлей,005373,2.0,0.85315776
2025-02,МайПлей,005373,5.0,0.31568053
2025-03,МайПлей,005373,0.0,0.40088496
2025-04,МайПлей,005373,2.0,0.18091346
2025-05,МайПлей,005373,2.0,0.088026285
2025-06,МайПлей,005373,1.0,0.0
2024-07,Смік,005373,0.0,0.0
2024-08,Смік,005373,0.0,0.0
2024-09,Смік,005373,1.0,0.0
2024-10,Смік,005373,1.0,0.0
2024-11,Смік,005373,0.0,0.0
2024-12,Смік,005373,0.0,0.0
2025-01,Смік,005373,0.0,0.0
2025-02,Смік,005373,0.0,0.0
2025-03,Смік,005373,0.0,0.0
2025-04,Смік,005373,1.0,0.0
2025-05,Смік,005373,1.0,0.0
2025-06,Смік,005373,1.0,0.0
2024-07,Чудо Острів,005373,2.0,1.0861155
2024-08,Чудо Острів,005373,1.0,0.7619772
2024-09,Чудо Острів,005373,5.0,0.7028375
2024-10,Чудо Острів,005373,4.0,0.93655694
2024-11,Чудо Острів,005373,6.0,1.1879483
2024-12,Чудо Острів,005373,15.0,3.7197368
2025-01,Чудо Острів,005373,9.0,2.26197
2025-02,Чудо Острів,005373,5.0,2.2687275
2025-03,Чудо Острів,005373,3.0,2.0772278
2025-04,Чудо Острів,005373,5.0,1.661706
2025-05,Чудо Острів,005373,4.0,1.6194756
2025-06,Чудо Острів,005373,1.0,1.0823257
2024-07,Антошка,005378I,15.0,7.839676
2024-08,Антошка,005378I,12.0,5.7754254
2024-09,Антошка,005378I,12.0,4.6453753
2024-10,Антошка,005378I,4.0,4.3301516
2024-11,Антошка,005378I,8.0,2.423529
2024-12,Антошка,005378I,10.0,6.4217744
2025-01,Антошка,005378I,8.0,3.7105894
2025-02,Антошка,005378I,10.0,4.397853
2025-03,Антошка,005378I,13.0,4.214816
2025-04,Антошка,005378I,6.0,3.4230785
2025-05,Антошка,005378I,0.0,2.7300344
2025-06,Антошка,005378I,3.0,1.8210324
2024-07,БІ,005378I,50.0,21.301891
2024-08,БІ,005378I,33.0,19.723402
2024-09,БІ,005378I,28.0,15.84824
2024-10,БІ,005378I,21.0,14.951809
2024-11,БІ,005378I,21.0,12.537044
2024-12,БІ,005378I,35.0,22.009182
2025-01,БІ,005378I,17.0,14.672082
2025-02,БІ,005378I,33.0,13.839946
2025-03,БІ,005378I,44.0,18.280298
2025-04,БІ,005378I,35.0,16.757952
2025-05,БІ,005378I,33.0,19.364607
2025-06,БІ,005378I,28.0,18.843773
2024-07,Епіцентр,005378I,5.0,2.5148199
2024-08,Епіцентр,005378I,4.0,1.4868244
2024-09,Епіцентр,005378I,7.0,1.6692004
2024-10,Епіцентр,005378I,5.0,1.5773125
2024-11,Епіцентр,005378I,2.0,1.5212156
2024-12,Епіцентр,005378I,11.0,3.202772
2025-01,Епіцентр,005378I,2.0,1.3076001
2025-02,Епіцентр,005378I,6.0,1.354985
2025-03,Епіцентр,005378I,3.0,1.2764395
2025-04,Епіцентр,005378I,0.0,1.2721481
2025-05,Епіцентр,005378I,12.0,0.9664879
2025-06,Епіцентр,005378I,4.0,2.3365798
2024-07,МайПлей,005378I,6.0,1.3142093
2024-08,МайПлей,005378I,2.0,1.1422585
2024-09,МайПлей,005378I,4.0,1.2420406
2024-10,МайПлей,005378I,2.0,1.1480445
2024-11,МайПлей,005378I,2.0,0.834787
2024-12,МайПлей,005378I,4.0,2.2108428
2025-01,МайПлей,005378I,1.0,1.1608789
2025-02,МайПлей,005378I,2.0,1.0860033
2025-03,МайПлей,005378I,6.0,0.852135
2025-04,МайПлей,005378I,3.0,0.7444654
2025-05,МайПлей,005378I,3.0,1.0507022
2025-06,МайПлей,005378I,2.0,0.9327341
2024-07,Мегамаркет,005378I,1.0,0.18285444
2024-08,Мегамаркет,005378I,1.0,0.0
2024-09,Мегамаркет,005378I,3.0,0.0
2024-10,Мегамаркет,005378I,2.0,0.0
2024-11,Мегамаркет,005378I,4.0,0.0
2024-12,Мегамаркет,005378I,0.0,0.23128076
2025-01,Мегамаркет,005378I,0.0,0.0
2025-02,Мегамаркет,005378I,0.0,0.0
2025-03,Мегамаркет,005378I,0.0,0.0
2025-04,Мегамаркет,005378I,0.0,0.0
2025-05,Мегамаркет,005378I,0.0,0.0
2025-06,Мегамаркет,005378I,2.0,0.0
2024-07,Монако,005378I,0.0,0.0
2024-08,Монако,005378I,3.0,0.23001742
2024-09,Монако,005378I,1.0,0.29396597
2024-10,Монако,005378I,0.0,0.025049347
2024-11,Монако,005378I,3.0,0.308851
2024-12,Монако,005378I,0.0,0.0
2025-01,Монако,005378I,0.0,0.0
2025-02,Монако,005378I,0.0,0.0
2025-03,Монако,005378I,2.0,0.07062891
2025-04,Монако,005378I,0.0,0.0
2025-05,Монако,005378I,0.0,0.0
2025-06,Монако,005378I,0.0,0.0
2024-07,Смік,005378I,3.0,0.8672708
2024-08,Смік,005378I,6.0,1.1812123
2024-09,Смік,005378I,5.0,1.1026651
2024-10,Смік,005378I,4.0,1.8006818
2024-11,Смік,005378I,0.0,0.64203405
2024-12,Смік,005378I,0.0,1.0232166
2025-01,Смік,005378I,2.0,0.66353947
2025-02,Смік,005378I,7.0,0.85508204
2025-03,Смік,005378I,6.0,1.3356384
2025-04,Смік,005378I,4.0,1.3202636
2025-05,Смік,005378I,5.0,1.1178458
2025-06,Смік,005378I,4.0,1.6463765
2024-07,Чудо Острів,005378I,18.0,5.662326
2024-08,Чудо Острів,005378I,8.0,4.8670936
2024-09,Чудо Острів,005378I,13.0,3.247044
2024-10,Чудо Острів,005378I,13.0,4.55734
2024-11,Чудо Острів,005378I,6.0,4.4859834
2024-12,Чудо Острів,005378I,10.0,7.746609
2025-01,Чудо Острів,005378I,9.0,4.743048
2025-02,Чудо Острів,005378I,16.0,5.013005
2025-03,Чудо Острів,005378I,18.0,7.013865
2025-04,Чудо Острів,005378I,9.0,5.8889093
2025-05,Чудо Острів,005378I,13.0,4.8654037
2025-06,Чудо Острів,005378I,8.0,4.9083505
2024-07,Епіцентр,205040_I,3.0,0.48758355
2024-08,Епіцентр,205040_I,5.0,0.53063315
2024-09,Епіцентр,205040_I,1.0,0.49780527
2024-10,Епіцентр,205040_I,2.0,0.5127313
2024-11,Епіцентр,205040_I,3.0,0.1248182
2024-12,Епіцентр,205040_I,0.0,0.0
2025-01,Епіцентр,205040_I,3.0,0.076917335
2025-02,Епіцентр,205040_I,0.0,0.0
2025-03,Епіцентр,205040_I,0.0,0.0
2025-04,Епіцентр,205040_I,0.0,0.0
2025-05,Епіцентр,205040_I,0.0,0.0
2025-06,Епіцентр,205040_I,2.0,0.0
2024-07,Епіцентр,205041_I,1.0,0.18889768
2024-08,Епіцентр,205041_I,2.0,0.2709305
2024-09,Епіцентр,205041_I,4.0,0.15612775
2024-10,Епіцентр,205041_I,2.0,0.33148623
2024-11,Епіцентр,205041_I,1.0,0.0
2024-12,Епіцентр,205041_I,1.0,0.056130864
2025-01,Епіцентр,205041_I,0.0,0.0
2025-02,Епіцентр,205041_I,2.0,0.0
2025-03,Епіцентр,205041_I,0.0,0.0
2025-04,Епіцентр,205041_I,0.0,0.0
2025-05,Епіцентр,205041_I,1.0,0.0
2025-06,Епіцентр,205041_I,0.0,0.0
2024-07,ІМ-Кідіс,205052,0.0,0.0
2024-08,ІМ-Кідіс,205052,0.0,0.0
2024-09,ІМ-Кідіс,205052,0.0,0.0
2024-10,ІМ-Кідіс,205052,0.0,0.0
2024-11,ІМ-Кідіс,205052,0.0,0.0
2024-12,ІМ-Кідіс,205052,0.0,0.31377447
2025-01,ІМ-Кідіс,205052,0.0,0.0
2025-02,ІМ-Кідіс,205052,0.0,0.0
2025-03,ІМ-Кідіс,205052,1.0,0.0
2025-04,ІМ-Кідіс,205052,0.0,0.0
2025-05,ІМ-Кідіс,205052,1.0,0.0
2025-06,ІМ-Кідіс,205052,0.0,0.0
2024-07,Антошка,205052,8.0,1.6871909
2024-08,Антошка,205052,2.0,2.449838
2024-09,Антошка,205052,4.0,2.0412452
2024-10,Антошка,205052,4.0,1.5367702
2024-11,Антошка,205052,8.0,2.214223
2024-12,Антошка,205052,6.0,5.3280683
2025-01,Антошка,205052,7.0,3.8817468
2025-02,Антошка,205052,7.0,2.0876865
2025-03,Антошка,205052,3.0,1.9447678
2025-04,Антошка,205052,13.0,1.2869351
2025-05,Антошка,205052,8.0,2.9952087
2025-06,Антошка,205052,5.0,3.3753278
2024-07,БІ,205052,17.0,9.311751
2024-08,БІ,205052,11.0,8.986593
2024-09,БІ,205052,11.0,7.707964
2024-10,БІ,205052,10.0,7.0353985
2024-11,БІ,205052,15.0,6.83796
2024-12,БІ,205052,50.0,17.737556
2025-01,БІ,205052,31.0,14.093385
2025-02,БІ,205052,13.0,11.021111
2025-03,БІ,205052,15.0,8.665191
2025-04,БІ,205052,14.0,7.8058686
2025-05,БІ,205052,19.0,6.8236437
2025-06,БІ,205052,18.0,7.9581566
2024-07,Епіцентр,205052,0.0,0.095821984
2024-08,Епіцентр,205052,1.0,0.0
2024-09,Епіцентр,205052,2.0,0.12807132
2024-10,Епіцентр,205052,4.0,0.14797693
2024-11,Епіцентр,205052,2.0,0.38822052
2024-12,Епіцентр,205052,6.0,1.7716192
2025-01,Епіцентр,205052,3.0,0.8124538
2025-02,Епіцентр,205052,4.0,0.37889063
2025-03,Епіцентр,205052,2.0,0.32746574
2025-04,Епіцентр,205052,0.0,0.21148771
2025-05,Епіцентр,205052,1.0,0.027151244
2025-06,Епіцентр,205052,0.0,0.0
2024-07,МайПлей,205052,4.0,0.68631274
2024-08,МайПлей,205052,3.0,0.97206604
2024-09,МайПлей,205052,1.0,0.91195595
2024-10,МайПлей,205052,1.0,0.76753217
2024-11,МайПлей,205052,1.0,0.4121406
2024-12,МайПлей,205052,6.0,2.1182075
2025-01,МайПлей,205052,2.0,1.3189886
2025-02,МайПлей,205052,1.0,0.7199156
2025-03,МайПлей,205052,2.0,0.43307453
2025-04,МайПлей,205052,5.0,0.32325408
2025-05,МайПлей,205052,0.0,0.7739139
2025-06,МайПлей,205052,3.0,0.34257331
2024-07,Мегамаркет,205052,0.0,0.0
2024-08,Мегамаркет,205052,0.0,0.0
2024-09,Мегамаркет,205052,1.0,0.0
2024-10,Мегамаркет,205052,1.0,0.0
2024-11,Мегамаркет,205052,0.0,0.0
2024-12,Мегамаркет,205052,0.0,0.0
2025-01,Мегамаркет,205052,1.0,0.0
2025-02,Мегамаркет,205052,1.0,0.0
2025-03,Мегамаркет,205052,0.0,0.0
2025-04,Мегамаркет,205052,3.0,0.0
2025-05,Мегамаркет,205052,1.0,0.0
2025-06,Мегамаркет,205052,0.0,0.0
2024-07,Смік,205052,2.0,0.0
2024-08,Смік,205052,1.0,0.09170392
2024-09,Смік,205052,1.0,0.029730005
2024-10,Смік,205052,0.0,0.0
2024-11,Смік,205052,1.0,0.0
2024-12,Смік,205052,0.0,0.014677565
2025-01,Смік,205052,1.0,0.0
2025-02,Смік,205052,0.0,0.0
2025-03,Смік,205052,2.0,0.0
2025-04,Смік,205052,1.0,0.0
2025-05,Смік,205052,1.0,0.0
2025-06,Смік,205052,1.0,0.0
2024-07,Чудо Острів,205052,1.0,0.94351286
2024-08,Чудо Острів,205052,2.0,0.8038527
2024-09,Чудо Острів,205052,1.0,0.6135149
2024-10,Чудо Острів,205052,1.0,0.46706983
2024-11,Чудо Острів,205052,0.0,0.49262774
2024-12,Чудо Острів,205052,0.0,1.3530718
2025-01,Чудо Острів,205052,1.0,0.22903869
2025-02,Чудо Острів,205052,1.0,0.2956531
2025-03,Чудо Острів,205052,0.0,0.20523094
2025-04,Чудо Острів,205052,0.0,0.0
2025-05,Чудо Острів,205052,1.0,0.0
2025-06,Чудо Острів,205052,1.0,0.2862054
2024-07,ІМ-МауДау,206105I,4.0,1.0347158
2024-08,ІМ-МауДау,206105I,0.0,0.0912402
2024-09,ІМ-МауДау,206105I,1.0,0.23017396
2024-10,ІМ-МауДау,206105I,0.0,0.06560006
2024-11,ІМ-МауДау,206105I,0.0,0.025117964
2024-12,ІМ-МауДау,206105I,0.0,0.018301116
2025-01,ІМ-МауДау,206105I,1.0,0.0
2025-02,ІМ-МауДау,206105I,0.0,0.0
2025-03,ІМ-МауДау,206105I,0.0,0.0
2025-04,ІМ-МауДау,206105I,0.0,0.0
2025-05,ІМ-МауДау,206105I,2.0,0.22120903
2025-06,ІМ-МауДау,206105I,7.0,0.39123958
2024-07,ІМ-Розетка,206105I,2.0,2.384146
2024-08,ІМ-Розетка,206105I,1.0,1.164648
2024-09,ІМ-Розетка,206105I,0.0,0.0
2024-10,ІМ-Розетка,206105I,2.0,0.62601554
2024-11,ІМ-Розетка,206105I,1.0,1.1879537
2024-12,ІМ-Розетка,206105I,2.0,2.443795
2025-01,ІМ-Розетка,206105I,2.0,0.25202852
2025-02,ІМ-Розетка,206105I,0.0,0.0
2025-03,ІМ-Розетка,206105I,0.0,0.0
2025-04,ІМ-Розетка,206105I,0.0,0.010127823
2025-05,ІМ-Розетка,206105I,1.0,0.5052371
2025-06,ІМ-Розетка,206105I,1.0,0.7670698
2024-07,Антошка,206105I,18.0,12.292296
2024-08,Антошка,206105I,28.0,11.312519
2024-09,Антошка,206105I,24.0,9.878303
2024-10,Антошка,206105I,26.0,9.836667
2024-11,Антошка,206105I,21.0,13.441567
2024-12,Антошка,206105I,34.0,16.6866
2025-01,Антошка,206105I,29.0,12.217939
2025-02,Антошка,206105I,15.0,8.759495
2025-03,Антошка,206105I,5.0,6.0173388
2025-04,Антошка,206105I,3.0,2.9495087
2025-05,Антошка,206105I,0.0,2.039072
2025-06,Антошка,206105I,2.0,1.5203326
2024-07,БІ,206105I,45.0,32.01165
2024-08,БІ,206105I,55.0,31.689156
2024-09,БІ,206105I,63.0,31.060055
2024-10,БІ,206105I,63.0,34.673363
2024-11,БІ,206105I,59.0,35.792263
2024-12,БІ,206105I,104.0,53.921696
2025-01,БІ,206105I,49.0,29.808706
2025-02,БІ,206105I,24.0,22.173595
2025-03,БІ,206105I,28.0,15.85081
2025-04,БІ,206105I,71.0,23.06181
2025-05,БІ,206105I,66.0,34.819233
2025-06,БІ,206105I,84.0,35.77595
2024-07,Епіцентр,206105I,17.0,7.3796496
2024-08,Епіцентр,206105I,15.0,8.161197
2024-09,Епіцентр,206105I,21.0,5.397774
2024-10,Епіцентр,206105I,21.0,6.8601146
2024-11,Епіцентр,206105I,19.0,8.430107
2024-12,Епіцентр,206105I,55.0,11.957415
2025-01,Епіцентр,206105I,27.0,9.67449
2025-02,Епіцентр,206105I,6.0,6.83895
2025-03,Епіцентр,206105I,13.0,5.35434
2025-04,Епіцентр,206105I,0.0,9.082464
2025-05,Епіцентр,206105I,17.0,4.8755794
2025-06,Епіцентр,206105I,24.0,8.860713
2024-07,МайПлей,206105I,6.0,2.873336
2024-08,МайПлей,206105I,6.0,3.2339113
2024-09,МайПлей,206105I,2.0,2.4346757
2024-10,МайПлей,206105I,3.0,2.5576203
2024-11,МайПлей,206105I,6.0,2.3728516
2024-12,МайПлей,206105I,9.0,4.354057
2025-01,МайПлей,206105I,6.0,2.1011205
2025-02,МайПлей,206105I,2.0,1.5131842
2025-03,МайПлей,206105I,6.0,1.0996538
2025-04,МайПлей,206105I,8.0,2.1078982
2025-05,МайПлей,206105I,4.0,2.3349726
2025-06,МайПлей,206105I,7.0,2.2261176
2024-07,Мегамаркет,206105I,4.0,0.6535521
2024-08,Мегамаркет,206105I,2.0,0.626162
2024-09,Мегамаркет,206105I,0.0,0.37380174
2024-10,Мегамаркет,206105I,2.0,0.47724226
2024-11,Мегамаркет,206105I,1.0,0.18949217
2024-12,Мегамаркет,206105I,1.0,0.57266897
2025-01,Мегамаркет,206105I,3.0,0.10783424
2025-02,Мегамаркет,206105I,2.0,0.07127778
2025-03,Мегамаркет,206105I,0.0,0.0
2025-04,Мегамаркет,206105I,1.0,0.0026456483
2025-05,Мегамаркет,206105I,3.0,0.3249904
2025-06,Мегамаркет,206105I,0.0,0.1600234
2024-07,Монако,206105I,1.0,0.26398712
2024-08,Монако,206105I,6.0,0.66298985
2024-09,Монако,206105I,0.0,0.0
2024-10,Монако,206105I,4.0,0.9781008
2024-11,Монако,206105I,5.0,0.91457635
2024-12,Монако,206105I,0.0,0.2654862
2025-01,Монако,206105I,0.0,0.0
2025-02,Монако,206105I,0.0,0.0
2025-03,Монако,206105I,3.0,0.38550544
2025-04,Монако,206105I,0.0,0.09165909
2025-05,Монако,206105I,0.0,0.0567421
2025-06,Монако,206105I,0.0,0.08474794
2024-07,РОСТ,206105I,0.0,0.0
2024-08,РОСТ,206105I,0.0,0.0
2024-09,РОСТ,206105I,2.0,0.0
2024-10,РОСТ,206105I,0.0,0.0
2024-11,РОСТ,206105I,2.0,0.0
2024-12,РОСТ,206105I,0.0,0.0
2025-01,РОСТ,206105I,0.0,0.0
2025-02,РОСТ,206105I,0.0,0.0
2025-03,РОСТ,206105I,0.0,0.0
2025-04,РОСТ,206105I,0.0,0.0
2025-05,РОСТ,206105I,0.0,0.0
2025-06,РОСТ,206105I,0.0,0.0
2024-07,Росицька ФОП,206105I,1.0,0.0
2024-08,Росицька ФОП,206105I,1.0,0.0
2024-09,Росицька ФОП,206105I,0.0,0.0
2024-10,Росицька ФОП,206105I,0.0,0.0
2024-11,Росицька ФОП,206105I,2.0,0.0
2024-12,Росицька ФОП,206105I,0.0,0.3407974
2025-01,Росицька ФОП,206105I,1.0,0.0
2025-02,Росицька ФОП,206105I,1.0,0.0
2025-03,Росицька ФОП,206105I,0.0,0.0
2025-04,Росицька ФОП,206105I,1.0,0.0
2025-05,Росицька ФОП,206105I,0.0,0.0
2025-06,Росицька ФОП,206105I,1.0,0.0
2024-07,Смік,206105I,2.0,1.0831279
2024-08,Смік,206105I,4.0,1.4135295
2024-09,Смік,206105I,5.0,0.6657946
2024-10,Смік,206105I,0.0,1.2325585
2024-11,Смік,206105I,5.0,0.90834135
2024-12,Смік,206105I,8.0,2.5423768
2025-01,Смік,206105I,2.0,2.0887363
2025-02,Смік,206105I,2.0,0.9731896
2025-03,Смік,206105I,0.0,0.93291146
2025-04,Смік,206105I,3.0,0.9518896
2025-05,Смік,206105I,7.0,1.1984453
2025-06,Смік,206105I,3.0,2.1875424
2024-07,Чудо Острів,206105I,22.0,13.803813
2024-08,Чудо Острів,206105I,27.0,13.871759
2024-09,Чудо Острів,206105I,23.0,12.408807
2024-10,Чудо Острів,206105I,22.0,11.931305
2024-11,Чудо Острів,206105I,27.0,14.695658
2024-12,Чудо Острів,206105I,36.0,23.246487
2025-01,Чудо Острів,206105I,22.0,13.157911
2025-02,Чудо Острів,206105I,17.0,9.928944
2025-03,Чудо Острів,206105I,13.0,9.706138
2025-04,Чудо Острів,206105I,28.0,11.322316
2025-05,Чудо Острів,206105I,28.0,20.603302
2025-06,Чудо Острів,206105I,16.0,13.584089
2024-07,ІМ-МауДау,206301I,0.0,0.0
2024-08,ІМ-МауДау,206301I,2.0,0.084191196
2024-09,ІМ-МауДау,206301I,0.0,0.0
2024-10,ІМ-МауДау,206301I,0.0,0.0
2024-11,ІМ-МауДау,206301I,0.0,0.0
2024-12,ІМ-МауДау,206301I,0.0,0.0
2025-01,ІМ-МауДау,206301I,0.0,0.0
2025-02,ІМ-МауДау,206301I,0.0,0.0
2025-03,ІМ-МауДау,206301I,0.0,0.0
2025-04,ІМ-МауДау,206301I,0.0,0.0
2025-05,ІМ-МауДау,206301I,1.0,0.03963158
2025-06,ІМ-МауДау,206301I,0.0,0.0
2024-07,ІМ-Розетка,206301I,0.0,0.0
2024-08,ІМ-Розетка,206301I,0.0,0.0
2024-09,ІМ-Розетка,206301I,0.0,0.0
2024-10,ІМ-Розетка,206301I,0.0,0.0
2024-11,ІМ-Розетка,206301I,0.0,0.0
2024-12,ІМ-Розетка,206301I,0.0,0.0
2025-01,ІМ-Розетка,206301I,0.0,0.0
2025-02,ІМ-Розетка,206301I,0.0,0.0
2025-03,ІМ-Розетка,206301I,0.0,0.0
2025-04,ІМ-Розетка,206301I,0.0,0.0
2025-05,ІМ-Розетка,206301I,1.0,0.2015228
2025-06,ІМ-Розетка,206301I,0.0,0.0
2024-07,Антошка,206301I,17.0,9.439113
2024-08,Антошка,206301I,20.0,9.713374
2024-09,Антошка,206301I,30.0,8.381369
2024-10,Антошка,206301I,22.0,10.363512
2024-11,Антошка,206301I,11.0,11.08432
2024-12,Антошка,206301I,14.0,11.756656
2025-01,Антошка,206301I,18.0,5.378535
2025-02,Антошка,206301I,11.0,5.267398
2025-03,Антошка,206301I,8.0,4.509837
2025-04,Антошка,206301I,6.0,3.4430437
2025-05,Антошка,206301I,0.0,3.2133877
2025-06,Антошка,206301I,4.0,1.7694325
2024-07,БІ,206301I,38.0,25.052076
2024-08,БІ,206301I,51.0,27.381376
2024-09,БІ,206301I,56.0,25.960344
2024-10,БІ,206301I,61.0,29.121181
2024-11,БІ,206301I,59.0,32.77758
2024-12,БІ,206301I,70.0,48.38154
2025-01,БІ,206301I,40.0,21.726461
2025-02,БІ,206301I,33.0,20.952133
2025-03,БІ,206301I,39.0,18.871058
2025-04,БІ,206301I,50.0,23.965347
2025-05,БІ,206301I,63.0,29.303768
2025-06,БІ,206301I,78.0,33.78717
2024-07,Епіцентр,206301I,19.0,4.738459
2024-08,Епіцентр,206301I,12.0,5.235563
2024-09,Епіцентр,206301I,8.0,5.0750003
2024-10,Епіцентр,206301I,10.0,4.552682
2024-11,Епіцентр,206301I,10.0,4.623029
2024-12,Епіцентр,206301I,29.0,7.349098
2025-01,Епіцентр,206301I,21.0,4.9401703
2025-02,Епіцентр,206301I,7.0,4.0462055
2025-03,Епіцентр,206301I,9.0,4.1000037
2025-04,Епіцентр,206301I,0.0,7.3209033
2025-05,Епіцентр,206301I,13.0,3.2599792
2025-06,Епіцентр,206301I,15.0,5.9691234
2024-07,МайПлей,206301I,9.0,1.5041238
2024-08,МайПлей,206301I,8.0,2.9178336
2024-09,МайПлей,206301I,3.0,2.256925
2024-10,МайПлей,206301I,6.0,2.275668
2024-11,МайПлей,206301I,5.0,2.2221696
2024-12,МайПлей,206301I,8.0,4.1042767
2025-01,МайПлей,206301I,2.0,1.8253059
2025-02,МайПлей,206301I,1.0,1.318448
2025-03,МайПлей,206301I,4.0,0.84304595
2025-04,МайПлей,206301I,4.0,1.3488014
2025-05,МайПлей,206301I,5.0,1.561273
2025-06,МайПлей,206301I,8.0,2.0082433
2024-07,Мегамаркет,206301I,2.0,0.18659769
2024-08,Мегамаркет,206301I,4.0,0.3063252
2024-09,Мегамаркет,206301I,2.0,0.4049555
2024-10,Мегамаркет,206301I,1.0,0.34955385
2024-11,Мегамаркет,206301I,0.0,0.5215408
2024-12,Мегамаркет,206301I,0.0,0.0
2025-01,Мегамаркет,206301I,1.0,0.0
2025-02,Мегамаркет,206301I,1.0,0.03973569
2025-03,Мегамаркет,206301I,0.0,0.0
2025-04,Мегамаркет,206301I,0.0,0.03478619
2025-05,Мегамаркет,206301I,1.0,0.0
2025-06,Мегамаркет,206301I,1.0,0.0
2024-07,Монако,206301I,1.0,0.17566592
2024-08,Монако,206301I,3.0,0.8090401
2024-09,Монако,206301I,0.0,0.069638655
2024-10,Монако,206301I,4.0,0.8380031
2024-11,Монако,206301I,2.0,0.852625
2024-12,Монако,206301I,0.0,0.0
2025-01,Монако,206301I,0.0,0.0
2025-02,Монако,206301I,0.0,0.0
2025-03,Монако,206301I,1.0,0.2636809
2025-04,Монако,206301I,4.0,0.5608472
2025-05,Монако,206301I,2.0,0.34408507
2025-06,Монако,206301I,0.0,0.058115344
2024-07,РОСТ,206301I,0.0,0.0
2024-08,РОСТ,206301I,2.0,0.0
2024-09,РОСТ,206301I,0.0,0.0
2024-10,РОСТ,206301I,1.0,0.0
2024-11,РОСТ,206301I,0.0,0.0
2024-12,РОСТ,206301I,0.0,0.0
2025-01,РОСТ,206301I,1.0,0.0
2025-02,РОСТ,206301I,0.0,0.0
2025-03,РОСТ,206301I,0.0,0.0
2025-04,РОСТ,206301I,0.0,0.0
2025-05,РОСТ,206301I,0.0,0.0
2025-06,РОСТ,206301I,0.0,0.0
2024-07,Смік,206301I,3.0,0.8704863
2024-08,Смік,206301I,7.0,1.9360313
2024-09,Смік,206301I,10.0,1.3745991
2024-10,Смік,206301I,0.0,2.60468
2024-11,Смік,206301I,0.0,1.2860165
2024-12,Смік,206301I,4.0,1.6866477
2025-01,Смік,206301I,1.0,0.75963175
2025-02,Смік,206301I,1.0,0.6343273
2025-03,Смік,206301I,1.0,0.76078665
2025-04,Смік,206301I,5.0,0.98278403
2025-05,Смік,206301I,4.0,1.206361
2025-06,Смік,206301I,4.0,1.277832
2024-07,Чудо Острів,206301I,13.0,11.459787
2024-08,Чудо Острів,206301I,13.0,10.929757
2024-09,Чудо Острів,206301I,19.0,8.928986
2024-10,Чудо Острів,206301I,24.0,10.358325
2024-11,Чудо Острів,206301I,19.0,11.978992
2024-12,Чудо Острів,206301I,34.0,18.438791
2025-01,Чудо Острів,206301I,19.0,10.302833
2025-02,Чудо Острів,206301I,8.0,8.964294
2025-03,Чудо Острів,206301I,11.0,7.5793734
2025-04,Чудо Острів,206301I,25.0,9.104787
2025-05,Чудо Острів,206301I,31.0,23.335415
2025-06,Чудо Острів,206301I,24.0,15.874322
2024-07,ІМ-Кідіс,206688I,0.0,0.0
2024-08,ІМ-Кідіс,206688I,0.0,0.0
2024-09,ІМ-Кідіс,206688I,0.0,0.0
2024-10,ІМ-Кідіс,206688I,0.0,0.0
2024-11,ІМ-Кідіс,206688I,2.0,0.11371032
2024-12,ІМ-Кідіс,206688I,1.0,0.9817203
2025-01,ІМ-Кідіс,206688I,1.0,0.34586605
2025-02,ІМ-Кідіс,206688I,2.0,0.05541077
2025-03,ІМ-Кідіс,206688I,2.0,0.15943715
2025-04,ІМ-Кідіс,206688I,1.0,0.17267303
2025-05,ІМ-Кідіс,206688I,2.0,0.141087
2025-06,ІМ-Кідіс,206688I,0.0,0.06299312
2024-07,ІМ-МауДау,206688I,1.0,0.52204895
2024-08,ІМ-МауДау,206688I,1.0,0.7008622
2024-09,ІМ-МауДау,206688I,0.0,0.62065166
2024-10,ІМ-МауДау,206688I,0.0,0.0
2024-11,ІМ-МауДау,206688I,0.0,0.016597668
2024-12,ІМ-МауДау,206688I,0.0,0.09193169
2025-01,ІМ-МауДау,206688I,2.0,0.68325603
2025-02,ІМ-МауДау,206688I,2.0,0.8805905
2025-03,ІМ-МауДау,206688I,3.0,0.7172774
2025-04,ІМ-МауДау,206688I,2.0,0.51009345
2025-05,ІМ-МауДау,206688I,3.0,0.48244515
2025-06,ІМ-МауДау,206688I,2.0,0.8010528
2024-07,ІМ-Розетка,206688I,0.0,2.0657341
2024-08,ІМ-Розетка,206688I,0.0,0.8723892
2024-09,ІМ-Розетка,206688I,0.0,0.7526133
2024-10,ІМ-Розетка,206688I,0.0,1.0982107
2024-11,ІМ-Розетка,206688I,0.0,1.9194814
2024-12,ІМ-Розетка,206688I,2.0,5.5105696
2025-01,ІМ-Розетка,206688I,4.0,2.2680478
2025-02,ІМ-Розетка,206688I,7.0,1.129849
2025-03,ІМ-Розетка,206688I,7.0,2.5012834
2025-04,ІМ-Розетка,206688I,19.0,3.285061
2025-05,ІМ-Розетка,206688I,10.0,4.3949814
2025-06,ІМ-Розетка,206688I,5.0,1.9294622
2024-07,Антошка,206688I,17.0,8.50351
2024-08,Антошка,206688I,17.0,7.2638636
2024-09,Антошка,206688I,11.0,6.037634
2024-10,Антошка,206688I,10.0,6.4762683
2024-11,Антошка,206688I,15.0,7.0607343
2024-12,Антошка,206688I,46.0,17.88656
2025-01,Антошка,206688I,20.0,15.779546
2025-02,Антошка,206688I,13.0,8.797952
2025-03,Антошка,206688I,29.0,7.340376
2025-04,Антошка,206688I,24.0,11.021059
2025-05,Антошка,206688I,30.0,10.140078
2025-06,Антошка,206688I,15.0,11.360202
2024-07,БІ,206688I,41.0,15.141188
2024-08,БІ,206688I,40.0,18.245253
2024-09,БІ,206688I,35.0,17.35325
2024-10,БІ,206688I,29.0,18.231134
2024-11,БІ,206688I,33.0,17.687578
2024-12,БІ,206688I,128.0,44.258278
2025-01,БІ,206688I,53.0,30.902706
2025-02,БІ,206688I,31.0,24.940514
2025-03,БІ,206688I,36.0,18.95059
2025-04,БІ,206688I,38.0,18.86418
2025-05,БІ,206688I,42.0,18.141075
2025-06,БІ,206688I,29.0,16.936563
2024-07,Епіцентр,206688I,10.0,3.7535107
2024-08,Епіцентр,206688I,13.0,2.163096
2024-09,Епіцентр,206688I,5.0,2.4769435
2024-10,Епіцентр,206688I,8.0,2.861914
2024-11,Епіцентр,206688I,9.0,3.1095974
2024-12,Епіцентр,206688I,28.0,8.45291
2025-01,Епіцентр,206688I,10.0,6.5603414
2025-02,Епіцентр,206688I,9.0,3.0371869
2025-03,Епіцентр,206688I,8.0,2.8687327
2025-04,Епіцентр,206688I,0.0,2.7215228
2025-05,Епіцентр,206688I,6.0,1.7638624
2025-06,Епіцентр,206688I,8.0,2.449703
2024-07,Кадор Кідс,206688I,0.0,0.0
2024-08,Кадор Кідс,206688I,2.0,0.36288944
2024-09,Кадор Кідс,206688I,1.0,0.14695738
2024-10,Кадор Кідс,206688I,0.0,0.0
2024-11,Кадор Кідс,206688I,1.0,0.2019424
2024-12,Кадор Кідс,206688I,0.0,0.0
2025-01,Кадор Кідс,206688I,0.0,0.0
2025-02,Кадор Кідс,206688I,0.0,0.0
2025-03,Кадор Кідс,206688I,0.0,0.0
2025-04,Кадор Кідс,206688I,2.0,0.027346626
2025-05,Кадор Кідс,206688I,2.0,0.0
2025-06,Кадор Кідс,206688I,0.0,0.0
2024-07,МайПлей,206688I,0.0,1.065463
2024-08,МайПлей,206688I,2.0,0.7227712
2024-09,МайПлей,206688I,3.0,0.88178366
2024-10,МайПлей,206688I,4.0,0.7679781
2024-11,МайПлей,206688I,2.0,0.9120193
2024-12,МайПлей,206688I,9.0,3.2106853
2025-01,МайПлей,206688I,4.0,2.7214909
2025-02,МайПлей,206688I,7.0,1.4004554
2025-03,МайПлей,206688I,3.0,1.4707892
2025-04,МайПлей,206688I,4.0,1.0552491
2025-05,МайПлей,206688I,3.0,1.3414118
2025-06,МайПлей,206688I,5.0,0.7559477
2024-07,Мегамаркет,206688I,1.0,0.0
2024-08,Мегамаркет,206688I,2.0,0.031076446
2024-09,Мегамаркет,206688I,0.0,0.0
2024-10,Мегамаркет,206688I,2.0,0.21059667
2024-11,Мегамаркет,206688I,1.0,0.0
2024-12,Мегамаркет,206688I,3.0,0.6268497
2025-01,Мегамаркет,206688I,0.0,0.0
2025-02,Мегамаркет,206688I,0.0,0.0
2025-03,Мегамаркет,206688I,2.0,0.0
2025-04,Мегамаркет,206688I,2.0,0.0
2025-05,Мегамаркет,206688I,1.0,0.0
2025-06,Мегамаркет,206688I,1.0,0.0
2024-07,Монако,206688I,0.0,0.0
2024-08,Монако,206688I,0.0,0.0
2024-09,Монако,206688I,2.0,0.13492772
2024-10,Монако,206688I,3.0,0.12584572
2024-11,Монако,206688I,4.0,0.77278715
2024-12,Монако,206688I,0.0,0.004380015
2025-01,Монако,206688I,0.0,0.0
2025-02,Монако,206688I,2.0,0.36757505
2025-03,Монако,206688I,3.0,0.35488212
2025-04,Монако,206688I,2.0,0.28717175
2025-05,Монако,206688I,4.0,0.0
2025-06,Монако,206688I,0.0,0.0
2024-07,СмартБі Луцьк,206688I,0.0,0.0
2024-08,СмартБі Луцьк,206688I,0.0,0.0
2024-09,СмартБі Луцьк,206688I,0.0,0.0
2024-10,СмартБі Луцьк,206688I,2.0,0.29354206
2024-11,СмартБі Луцьк,206688I,0.0,0.0
2024-12,СмартБі Луцьк,206688I,1.0,0.33122903
2025-01,СмартБі Луцьк,206688I,2.0,0.26885483
2025-02,СмартБі Луцьк,206688I,0.0,0.0
2025-03,СмартБі Луцьк,206688I,2.0,0.0
2025-04,СмартБі Луцьк,206688I,0.0,0.0
2025-05,СмартБі Луцьк,206688I,0.0,0.0
2025-06,СмартБі Луцьк,206688I,0.0,0.0
2024-07,Смік,206688I,10.0,3.0682523
2024-08,Смік,206688I,4.0,2.1712315
2024-09,Смік,206688I,5.0,1.9210769
2024-10,Смік,206688I,0.0,2.02498
2024-11,Смік,206688I,0.0,0.8683592
2024-12,Смік,206688I,7.0,2.72603
2025-01,Смік,206688I,2.0,2.0307286
2025-02,Смік,206688I,2.0,1.0421655
2025-03,Смік,206688I,2.0,1.0137094
2025-04,Смік,206688I,5.0,0.70869464
2025-05,Смік,206688I,2.0,0.9120943
2025-06,Смік,206688I,3.0,0.8873025
2024-07,Супрун ФОП,206688I,0.0,0.0
2024-08,Супрун ФОП,206688I,0.0,0.0
2024-09,Супрун ФОП,206688I,3.0,0.2592909
2024-10,Супрун ФОП,206688I,0.0,0.23215574
2024-11,Супрун ФОП,206688I,0.0,0.0
2024-12,Супрун ФОП,206688I,0.0,0.041690048
2025-01,Супрун ФОП,206688I,0.0,0.0
2025-02,Супрун ФОП,206688I,0.0,0.0
2025-03,Супрун ФОП,206688I,1.0,0.007855171
2025-04,Супрун ФОП,206688I,0.0,0.0
2025-05,Супрун ФОП,206688I,3.0,0.06312567
2025-06,Супрун ФОП,206688I,0.0,0.0
2024-07,Чудо Острів,206688I,16.0,4.84775
2024-08,Чудо Острів,206688I,8.0,4.5830946
2024-09,Чудо Острів,206688I,6.0,3.635005
2024-10,Чудо Острів,206688I,5.0,3.4716797
2024-11,Чудо Острів,206688I,15.0,4.599433
2024-12,Чудо Острів,206688I,29.0,13.972789
2025-01,Чудо Острів,206688I,18.0,9.89313
2025-02,Чудо Острів,206688I,11.0,6.3556843
2025-03,Чудо Острів,206688I,11.0,5.3767557
2025-04,Чудо Острів,206688I,9.0,4.920256
2025-05,Чудо Острів,206688I,13.0,4.593427
2025-06,Чудо Острів,206688I,11.0,4.5687585
2024-07,Антошка,206711,5.0,1.8143616
2024-08,Антошка,206711,4.0,1.4367961
2024-09,Антошка,206711,2.0,1.2237813
2024-10,Антошка,206711,1.0,0.97257787
2024-11,Антошка,206711,1.0,0.89963627
2024-12,Антошка,206711,1.0,1.7639081
2025-01,Антошка,206711,2.0,0.8671896
2025-02,Антошка,206711,2.0,0.81641215
2025-03,Антошка,206711,2.0,0.6281623
2025-04,Антошка,206711,0.0,0.0
2025-05,Антошка,206711,0.0,0.0
2025-06,Антошка,206711,1.0,0.6826233
2024-07,БІ,206711,9.0,3.0242872
2024-08,БІ,206711,5.0,2.7914739
2024-09,БІ,206711,7.0,2.2155802
2024-10,БІ,206711,1.0,2.3619568
2024-11,БІ,206711,3.0,1.6941104
2024-12,БІ,206711,14.0,5.40821
2025-01,БІ,206711,7.0,2.2338648
2025-02,БІ,206711,1.0,1.8512218
2025-03,БІ,206711,9.0,0.9324947
2025-04,БІ,206711,1.0,1.2329785
2025-05,БІ,206711,3.0,0.82150584
2025-06,БІ,206711,3.0,0.7513367
2024-07,Епіцентр,206711,3.0,0.7905155
2024-08,Епіцентр,206711,0.0,0.0
2024-09,Епіцентр,206711,3.0,0.43457595
2024-10,Епіцентр,206711,4.0,0.4394288
2024-11,Епіцентр,206711,2.0,0.36962885
2024-12,Епіцентр,206711,5.0,1.6873419
2025-01,Епіцентр,206711,5.0,0.6272233
2025-02,Епіцентр,206711,2.0,0.36613616
2025-03,Епіцентр,206711,0.0,0.0
2025-04,Епіцентр,206711,0.0,0.0
2025-05,Епіцентр,206711,2.0,0.33749494
2025-06,Епіцентр,206711,1.0,0.37042388
2024-07,МайПлей,206711,0.0,0.0
2024-08,МайПлей,206711,0.0,0.0
2024-09,МайПлей,206711,0.0,0.0
2024-10,МайПлей,206711,0.0,0.0
2024-11,МайПлей,206711,0.0,0.0
2024-12,МайПлей,206711,1.0,0.09994726
2025-01,МайПлей,206711,2.0,0.0
2025-02,МайПлей,206711,0.0,0.0
2025-03,МайПлей,206711,1.0,0.0
2025-04,МайПлей,206711,0.0,0.0
2025-05,МайПлей,206711,1.0,0.0
2025-06,МайПлей,206711,0.0,0.0
2024-07,Чудо Острів,206711,2.0,1.0496855
2024-08,Чудо Острів,206711,3.0,0.6009668
2024-09,Чудо Острів,206711,1.0,0.6115105
2024-10,Чудо Острів,206711,1.0,0.42883536
2024-11,Чудо Острів,206711,1.0,0.44668406
2024-12,Чудо Острів,206711,4.0,1.3782258
2025-01,Чудо Острів,206711,0.0,0.0
2025-02,Чудо Острів,206711,1.0,0.39406633
2025-03,Чудо Острів,206711,1.0,0.3198548
2025-04,Чудо Острів,206711,0.0,0.0
2025-05,Чудо Острів,206711,3.0,0.15911032
2025-06,Чудо Острів,206711,1.0,0.79154104
2024-07,Антошка,206893I,13.0,4.9025736
2024-08,Антошка,206893I,9.0,5.906549
2024-09,Антошка,206893I,14.0,5.232534
2024-10,Антошка,206893I,12.0,5.8896093
2024-11,Антошка,206893I,8.0,5.0407257
2024-12,Антошка,206893I,19.0,9.846963
2025-01,Антошка,206893I,14.0,5.3885784
2025-02,Антошка,206893I,11.0,3.9143605
2025-03,Антошка,206893I,7.0,3.235146
2025-04,Антошка,206893I,4.0,3.188707
2025-05,Антошка,206893I,4.0,2.2733898
2025-06,Антошка,206893I,1.0,2.4239852
2024-07,БІ,206893I,26.0,24.327322
2024-08,БІ,206893I,42.0,20.092022
2024-09,БІ,206893I,47.0,22.590618
2024-10,БІ,206893I,45.0,24.941608
2024-11,БІ,206893I,45.0,29.172485
2024-12,БІ,206893I,75.0,46.60126
2025-01,БІ,206893I,41.0,23.453049
2025-02,БІ,206893I,37.0,20.503744
2025-03,БІ,206893I,35.0,18.567299
2025-04,БІ,206893I,40.0,22.42972
2025-05,БІ,206893I,43.0,24.71192
2025-06,БІ,206893I,39.0,23.238361
2024-07,Епіцентр,206893I,2.0,1.9371197
2024-08,Епіцентр,206893I,7.0,1.532263
2024-09,Епіцентр,206893I,3.0,1.9560745
2024-10,Епіцентр,206893I,6.0,2.255611
2024-11,Епіцентр,206893I,11.0,3.0619643
2024-12,Епіцентр,206893I,17.0,7.756671
2025-01,Епіцентр,206893I,6.0,2.8885517
2025-02,Епіцентр,206893I,8.0,2.3596196
2025-03,Епіцентр,206893I,11.0,2.122801
2025-04,Епіцентр,206893I,0.0,3.3844903
2025-05,Епіцентр,206893I,1.0,2.5467205
2025-06,Епіцентр,206893I,9.0,2.4633641
2024-07,Країна Казок,206893I,0.0,0.0
2024-08,Країна Казок,206893I,1.0,0.0
2024-09,Країна Казок,206893I,0.0,0.0
2024-10,Країна Казок,206893I,0.0,0.0
2024-11,Країна Казок,206893I,1.0,0.0
2024-12,Країна Казок,206893I,0.0,0.16529219
2025-01,Країна Казок,206893I,2.0,0.0
2025-02,Країна Казок,206893I,0.0,0.0
2025-03,Країна Казок,206893I,0.0,0.0
2025-04,Країна Казок,206893I,0.0,0.0
2025-05,Країна Казок,206893I,2.0,0.08295121
2025-06,Країна Казок,206893I,0.0,0.0
2024-07,МайПлей,206893I,8.0,3.493619
2024-08,МайПлей,206893I,6.0,3.234749
2024-09,МайПлей,206893I,10.0,3.2495723
2024-10,МайПлей,206893I,4.0,3.3921561
2024-11,МайПлей,206893I,5.0,2.5919187
2024-12,МайПлей,206893I,11.0,5.5579057
2025-01,МайПлей,206893I,5.0,2.311167
2025-02,МайПлей,206893I,3.0,1.9016131
2025-03,МайПлей,206893I,3.0,1.769943
2025-04,МайПлей,206893I,3.0,2.0673306
2025-05,МайПлей,206893I,5.0,1.6152303
2025-06,МайПлей,206893I,5.0,2.256067
2024-07,Мегамаркет,206893I,1.0,0.34488437
2024-08,Мегамаркет,206893I,0.0,0.044798847
2024-09,Мегамаркет,206893I,1.0,0.052982382
2024-10,Мегамаркет,206893I,0.0,0.0
2024-11,Мегамаркет,206893I,1.0,0.0
2024-12,Мегамаркет,206893I,1.0,0.29900005
2025-01,Мегамаркет,206893I,2.0,0.0
2025-02,Мегамаркет,206893I,0.0,0.0
2025-03,Мегамаркет,206893I,0.0,0.0
2025-04,Мегамаркет,206893I,1.0,0.0
2025-05,Мегамаркет,206893I,0.0,0.0
2025-06,Мегамаркет,206893I,1.0,0.0
2024-07,Монако,206893I,1.0,0.0
2024-08,Монако,206893I,4.0,0.16573729
2024-09,Монако,206893I,2.0,0.38753036
2024-10,Монако,206893I,1.0,0.2940806
2024-11,Монако,206893I,2.0,0.6612419
2024-12,Монако,206893I,0.0,0.09579814
2025-01,Монако,206893I,0.0,0.0
2025-02,Монако,206893I,0.0,0.0
2025-03,Монако,206893I,3.0,0.06186547
2025-04,Монако,206893I,0.0,0.0
2025-05,Монако,206893I,0.0,0.0
2025-06,Монако,206893I,0.0,0.0
2024-07,Смік,206893I,2.0,0.0
2024-08,Смік,206893I,2.0,0.049997114
2024-09,Смік,206893I,2.0,0.0
2024-10,Смік,206893I,0.0,0.0
2024-11,Смік,206893I,0.0,0.0
2024-12,Смік,206893I,0.0,0.0
2025-01,Смік,206893I,0.0,0.0
2025-02,Смік,206893I,2.0,0.0
2025-03,Смік,206893I,0.0,0.0
2025-04,Смік,206893I,0.0,0.0
2025-05,Смік,206893I,0.0,0.0
2025-06,Смік,206893I,2.0,0.0
2024-07,Супрун ФОП,206893I,0.0,0.0
2024-08,Супрун ФОП,206893I,0.0,0.0
2024-09,Супрун ФОП,206893I,1.0,0.12906548
2024-10,Супрун ФОП,206893I,0.0,0.0
2024-11,Супрун ФОП,206893I,0.0,0.0
2024-12,Супрун ФОП,206893I,0.0,0.0
2025-01,Супрун ФОП,206893I,0.0,0.0
2025-02,Супрун ФОП,206893I,0.0,0.0
2025-03,Супрун ФОП,206893I,0.0,0.0
2025-04,Супрун ФОП,206893I,0.0,0.0
2025-05,Супрун ФОП,206893I,0.0,0.0
2025-06,Супрун ФОП,206893I,0.0,0.0
2024-07,Чудо Острів,206893I,5.0,5.7590575
2024-08,Чудо Острів,206893I,15.0,5.306055
2024-09,Чудо Острів,206893I,11.0,5.7562265
2024-10,Чудо Острів,206893I,15.0,5.5091352
2024-11,Чудо Острів,206893I,10.0,5.551278
2024-12,Чудо Острів,206893I,22.0,12.393018
2025-01,Чудо Острів,206893I,4.0,6.5516634
2025-02,Чудо Острів,206893I,10.0,4.041386
2025-03,Чудо Острів,206893I,6.0,3.8536928
2025-04,Чудо Острів,206893I,7.0,5.1016107
2025-05,Чудо Острів,206893I,15.0,8.147272
2025-06,Чудо Острів,206893I,9.0,5.6748767
2024-07,ІМ-Розетка,212017I,1.0,0.55692846
2024-08,ІМ-Розетка,212017I,0.0,0.20615634
2024-09,ІМ-Розетка,212017I,1.0,0.71460694
2024-10,ІМ-Розетка,212017I,2.0,0.95958453
2024-11,ІМ-Розетка,212017I,8.0,2.2791677
2024-12,ІМ-Розетка,212017I,13.0,10.597933
2025-01,ІМ-Розетка,212017I,5.0,4.148315
2025-02,ІМ-Розетка,212017I,2.0,0.9347976
2025-03,ІМ-Розетка,212017I,0.0,0.0
2025-04,ІМ-Розетка,212017I,0.0,0.0
2025-05,ІМ-Розетка,212017I,1.0,0.25115353
2025-06,ІМ-Розетка,212017I,0.0,0.0
2024-07,Антошка,212017I,4.0,2.721993
2024-08,Антошка,212017I,6.0,3.8409894
2024-09,Антошка,212017I,10.0,3.3134637
2024-10,Антошка,212017I,4.0,3.1436417
2024-11,Антошка,212017I,10.0,3.3020048
2024-12,Антошка,212017I,29.0,10.682374
2025-01,Антошка,212017I,7.0,6.230176
2025-02,Антошка,212017I,13.0,2.2391164
2025-03,Антошка,212017I,7.0,3.70058
2025-04,Антошка,212017I,1.0,3.2380419
2025-05,Антошка,212017I,2.0,2.4816678
2025-06,Антошка,212017I,2.0,1.8609982
2024-07,БІ,212017I,23.0,9.788738
2024-08,БІ,212017I,29.0,16.708765
2024-09,БІ,212017I,36.0,18.188976
2024-10,БІ,212017I,23.0,15.186851
2024-11,БІ,212017I,39.0,18.782614
2024-12,БІ,212017I,128.0,45.15424
2025-01,БІ,212017I,38.0,25.699455
2025-02,БІ,212017I,19.0,16.68472
2025-03,БІ,212017I,31.0,10.380214
2025-04,БІ,212017I,28.0,14.915705
2025-05,БІ,212017I,43.0,14.2704525
2025-06,БІ,212017I,33.0,13.985913
2024-07,Епіцентр,212017I,2.0,0.44775188
2024-08,Епіцентр,212017I,3.0,0.34889618
2024-09,Епіцентр,212017I,0.0,0.11843611
2024-10,Епіцентр,212017I,5.0,0.26452208
2024-11,Епіцентр,212017I,3.0,0.29098168
2024-12,Епіцентр,212017I,1.0,1.4447211
2025-01,Епіцентр,212017I,0.0,0.0
2025-02,Епіцентр,212017I,1.0,0.07706941
2025-03,Епіцентр,212017I,2.0,0.0
2025-04,Епіцентр,212017I,0.0,0.0
2025-05,Епіцентр,212017I,1.0,0.0
2025-06,Епіцентр,212017I,1.0,0.0
2024-07,МайПлей,212017I,1.0,0.61470073
2024-08,МайПлей,212017I,3.0,0.95393896
2024-09,МайПлей,212017I,4.0,0.9814469
2024-10,МайПлей,212017I,0.0,0.6924668
2024-11,МайПлей,212017I,2.0,0.78538746
2024-12,МайПлей,212017I,6.0,2.6769137
2025-01,МайПлей,212017I,1.0,1.542129
2025-02,МайПлей,212017I,1.0,0.6748922
2025-03,МайПлей,212017I,1.0,0.4085072
2025-04,МайПлей,212017I,1.0,0.5100375
2025-05,МайПлей,212017I,2.0,0.23683612
2025-06,МайПлей,212017I,1.0,0.40114966
2024-07,Мегамаркет,212017I,1.0,0.0
2024-08,Мегамаркет,212017I,0.0,0.0
2024-09,Мегамаркет,212017I,1.0,0.0
2024-10,Мегамаркет,212017I,1.0,0.0
2024-11,Мегамаркет,212017I,0.0,0.0
2024-12,Мегамаркет,212017I,0.0,0.06626717
2025-01,Мегамаркет,212017I,0.0,0.0
2025-02,Мегамаркет,212017I,0.0,0.0
2025-03,Мегамаркет,212017I,0.0,0.0
2025-04,Мегамаркет,212017I,0.0,0.0
2025-05,Мегамаркет,212017I,0.0,0.0
2025-06,Мегамаркет,212017I,0.0,0.0
2024-07,Монако,212017I,0.0,0.0
2024-08,Монако,212017I,0.0,0.0
2024-09,Монако,212017I,0.0,0.0
2024-10,Монако,212017I,1.0,0.0
2024-11,Монако,212017I,0.0,0.0
2024-12,Монако,212017I,0.0,0.0
2025-01,Монако,212017I,0.0,0.0
2025-02,Монако,212017I,0.0,0.0
2025-03,Монако,212017I,0.0,0.0
2025-04,Монако,212017I,0.0,0.0
2025-05,Монако,212017I,0.0,0.0
2025-06,Монако,212017I,0.0,0.0
2024-07,РОСТ,212017I,0.0,0.0
2024-08,РОСТ,212017I,1.0,0.0
2024-09,РОСТ,212017I,0.0,0.0
2024-10,РОСТ,212017I,1.0,0.0
2024-11,РОСТ,212017I,0.0,0.0
2024-12,РОСТ,212017I,0.0,0.0
2025-01,РОСТ,212017I,1.0,0.0
2025-02,РОСТ,212017I,0.0,0.0
2025-03,РОСТ,212017I,0.0,0.0
2025-04,РОСТ,212017I,0.0,0.0
2025-05,РОСТ,212017I,0.0,0.0
2025-06,РОСТ,212017I,1.0,0.0
2024-07,Смік,212017I,0.0,0.0
2024-08,Смік,212017I,0.0,0.018368917
2024-09,Смік,212017I,0.0,0.0
2024-10,Смік,212017I,2.0,0.0
2024-11,Смік,212017I,1.0,0.0
2024-12,Смік,212017I,0.0,1.0989366
2025-01,Смік,212017I,0.0,0.0
2025-02,Смік,212017I,0.0,0.0
2025-03,Смік,212017I,1.0,0.0
2025-04,Смік,212017I,1.0,0.0
2025-05,Смік,212017I,0.0,0.0
2025-06,Смік,212017I,0.0,0.0
2024-07,Співробітники,212017I,0.0,0.0
2024-08,Співробітники,212017I,0.0,0.0
2024-09,Співробітники,212017I,0.0,0.0
2024-10,Співробітники,212017I,2.0,0.0
2024-11,Співробітники,212017I,0.0,0.0
2024-12,Співробітники,212017I,0.0,0.0
2025-01,Співробітники,212017I,0.0,0.0
2025-02,Співробітники,212017I,0.0,0.0
2025-03,Співробітники,212017I,0.0,0.0
2025-04,Співробітники,212017I,0.0,0.0
2025-05,Співробітники,212017I,0.0,0.0
2025-06,Співробітники,212017I,0.0,0.0
2024-07,Чудо Острів,212017I,3.0,2.073882
2024-08,Чудо Острів,212017I,4.0,2.0057454
2024-09,Чудо Острів,212017I,5.0,1.9353888
2024-10,Чудо Острів,212017I,5.0,1.6632161
2024-11,Чудо Острів,212017I,5.0,2.1885467
2024-12,Чудо Острів,212017I,14.0,7.1217613
2025-01,Чудо Острів,212017I,5.0,3.9440582
2025-02,Чудо Острів,212017I,6.0,1.6177768
2025-03,Чудо Острів,212017I,3.0,1.5932797
2025-04,Чудо Острів,212017I,3.0,1.9368848
2025-05,Чудо Острів,212017I,4.0,2.0695107
2025-06,Чудо Острів,212017I,4.0,1.6458519
2024-07,ІМ-МауДау,216216I,0.0,0.0
2024-08,ІМ-МауДау,216216I,0.0,0.0
2024-09,ІМ-МауДау,216216I,2.0,0.07796991
2024-10,ІМ-МауДау,216216I,0.0,0.0
2024-11,ІМ-МауДау,216216I,2.0,0.24550968
2024-12,ІМ-МауДау,216216I,1.0,0.5844389
2025-01,ІМ-МауДау,216216I,0.0,0.0
2025-02,ІМ-МауДау,216216I,0.0,0.0
2025-03,ІМ-МауДау,216216I,0.0,0.0
2025-04,ІМ-МауДау,216216I,0.0,0.0
2025-05,ІМ-МауДау,216216I,3.0,0.046469394
2025-06,ІМ-МауДау,216216I,3.0,0.38824037
2024-07,ІМ-Розетка,216216I,0.0,0.8071622
2024-08,ІМ-Розетка,216216I,2.0,0.99150795
2024-09,ІМ-Розетка,216216I,4.0,0.87232405
2024-10,ІМ-Розетка,216216I,0.0,0.443921
2024-11,ІМ-Розетка,216216I,0.0,1.024291
2024-12,ІМ-Розетка,216216I,0.0,0.6148568
2025-01,ІМ-Розетка,216216I,2.0,0.40408587
2025-02,ІМ-Розетка,216216I,2.0,0.08128842
2025-03,ІМ-Розетка,216216I,1.0,0.0
2025-04,ІМ-Розетка,216216I,0.0,0.016014498
2025-05,ІМ-Розетка,216216I,0.0,0.0
2025-06,ІМ-Розетка,216216I,2.0,0.39977476
2024-07,Антошка,216216I,16.0,7.8447313
2024-08,Антошка,216216I,22.0,8.087344
2024-09,Антошка,216216I,10.0,7.4896464
2024-10,Антошка,216216I,19.0,6.7597504
2024-11,Антошка,216216I,9.0,7.6705656
2024-12,Антошка,216216I,14.0,9.620267
2025-01,Антошка,216216I,8.0,5.7015524
2025-02,Антошка,216216I,11.0,3.305205
2025-03,Антошка,216216I,12.0,3.8469937
2025-04,Антошка,216216I,16.0,5.757918
2025-05,Антошка,216216I,18.0,9.305197
2025-06,Антошка,216216I,12.0,8.527898
2024-07,БІ,216216I,51.0,20.921886
2024-08,БІ,216216I,43.0,24.787075
2024-09,БІ,216216I,50.0,24.52497
2024-10,БІ,216216I,53.0,27.144463
2024-11,БІ,216216I,55.0,28.892235
2024-12,БІ,216216I,99.0,46.48315
2025-01,БІ,216216I,46.0,27.283888
2025-02,БІ,216216I,36.0,20.444405
2025-03,БІ,216216I,40.0,18.75799
2025-04,БІ,216216I,48.0,23.497557
2025-05,БІ,216216I,81.0,27.561777
2025-06,БІ,216216I,68.0,37.771217
2024-07,Епіцентр,216216I,11.0,3.2377276
2024-08,Епіцентр,216216I,9.0,3.288614
2024-09,Епіцентр,216216I,9.0,3.3424797
2024-10,Епіцентр,216216I,7.0,3.5191035
2024-11,Епіцентр,216216I,17.0,3.666471
2024-12,Епіцентр,216216I,17.0,7.964906
2025-01,Епіцентр,216216I,8.0,3.4252558
2025-02,Епіцентр,216216I,5.0,2.6676102
2025-03,Епіцентр,216216I,6.0,2.1581385
2025-04,Епіцентр,216216I,0.0,3.1223989
2025-05,Епіцентр,216216I,8.0,2.7175977
2025-06,Епіцентр,216216I,14.0,3.602171
2024-07,Клас,216216I,0.0,0.0
2024-08,Клас,216216I,1.0,0.0
2024-09,Клас,216216I,0.0,0.0
2024-10,Клас,216216I,0.0,0.0
2024-11,Клас,216216I,1.0,0.0
2024-12,Клас,216216I,0.0,0.0
2025-01,Клас,216216I,0.0,0.0
2025-02,Клас,216216I,1.0,0.0
2025-03,Клас,216216I,0.0,0.0
2025-04,Клас,216216I,0.0,0.0
2025-05,Клас,216216I,0.0,0.0
2025-06,Клас,216216I,1.0,0.0
2024-07,МайПлей,216216I,7.0,2.1292112
2024-08,МайПлей,216216I,8.0,2.412399
2024-09,МайПлей,216216I,4.0,2.5541325
2024-10,МайПлей,216216I,3.0,2.3615465
2024-11,МайПлей,216216I,3.0,2.4364474
2024-12,МайПлей,216216I,8.0,4.1827903
2025-01,МайПлей,216216I,6.0,1.7239183
2025-02,МайПлей,216216I,4.0,1.2485788
2025-03,МайПлей,216216I,0.0,1.3269836
2025-04,МайПлей,216216I,5.0,1.2873162
2025-05,МайПлей,216216I,1.0,1.69992
2025-06,МайПлей,216216I,4.0,1.1655418
2024-07,Мегамаркет,216216I,2.0,0.15511115
2024-08,Мегамаркет,216216I,0.0,0.0
2024-09,Мегамаркет,216216I,3.0,0.0
2024-10,Мегамаркет,216216I,0.0,0.0
2024-11,Мегамаркет,216216I,2.0,0.086775765
2024-12,Мегамаркет,216216I,1.0,0.20159492
2025-01,Мегамаркет,216216I,0.0,0.0
2025-02,Мегамаркет,216216I,0.0,0.0
2025-03,Мегамаркет,216216I,0.0,0.0
2025-04,Мегамаркет,216216I,1.0,0.0
2025-05,Мегамаркет,216216I,0.0,0.0
2025-06,Мегамаркет,216216I,2.0,0.0
2024-07,Монако,216216I,1.0,0.16995713
2024-08,Монако,216216I,0.0,0.05139675
2024-09,Монако,216216I,1.0,0.57017183
2024-10,Монако,216216I,1.0,0.46814212
2024-11,Монако,216216I,3.0,0.6770787
2024-12,Монако,216216I,0.0,0.0
2025-01,Монако,216216I,0.0,0.0
2025-02,Монако,216216I,0.0,0.0
2025-03,Монако,216216I,0.0,0.0
2025-04,Монако,216216I,2.0,0.38219395
2025-05,Монако,216216I,2.0,0.07905445
2025-06,Монако,216216I,0.0,0.0
2024-07,Росицька ФОП,216216I,0.0,0.0
2024-08,Росицька ФОП,216216I,1.0,0.0
2024-09,Росицька ФОП,216216I,0.0,0.0
2024-10,Росицька ФОП,216216I,0.0,0.0
2024-11,Росицька ФОП,216216I,1.0,0.0
2024-12,Росицька ФОП,216216I,2.0,0.22763553
2025-01,Росицька ФОП,216216I,1.0,0.0
2025-02,Росицька ФОП,216216I,1.0,0.0
2025-03,Росицька ФОП,216216I,0.0,0.0
2025-04,Росицька ФОП,216216I,1.0,0.0
2025-05,Росицька ФОП,216216I,0.0,0.0
2025-06,Росицька ФОП,216216I,0.0,0.0
2024-07,Смік,216216I,6.0,0.4399253
2024-08,Смік,216216I,6.0,1.6579721
2024-09,Смік,216216I,8.0,2.2832718
2024-10,Смік,216216I,4.0,2.7156456
2024-11,Смік,216216I,0.0,1.6577489
2024-12,Смік,216216I,1.0,1.5841538
2025-01,Смік,216216I,4.0,0.90889925
2025-02,Смік,216216I,3.0,0.8534269
2025-03,Смік,216216I,1.0,0.7227458
2025-04,Смік,216216I,3.0,0.81719446
2025-05,Смік,216216I,4.0,0.9330357
2025-06,Смік,216216I,3.0,1.4469196
2024-07,Чудо Острів,216216I,8.0,4.651074
2024-08,Чудо Острів,216216I,15.0,5.2987256
2024-09,Чудо Острів,216216I,8.0,5.854583
2024-10,Чудо Острів,216216I,11.0,5.183793
2024-11,Чудо Острів,216216I,13.0,5.982432
2024-12,Чудо Острів,216216I,16.0,9.406046
2025-01,Чудо Острів,216216I,11.0,5.364931
2025-02,Чудо Острів,216216I,9.0,5.0410123
2025-03,Чудо Острів,216216I,6.0,4.8541293
2025-04,Чудо Острів,216216I,13.0,4.9749227
2025-05,Чудо Острів,216216I,11.0,8.779846
2025-06,Чудо Острів,216216I,13.0,5.614507
2024-07,БІ,216265I,5.0,5.7630987
2024-08,БІ,216265I,18.0,5.748795
2024-09,БІ,216265I,8.0,6.822903
2024-10,БІ,216265I,1.0,2.9556737
2024-11,БІ,216265I,1.0,1.8302006
2024-12,БІ,216265I,5.0,3.8073218
2025-01,БІ,216265I,1.0,1.5495821
2025-02,БІ,216265I,2.0,1.2994542
2025-03,БІ,216265I,1.0,1.1886725
2025-04,БІ,216265I,4.0,1.2449815
2025-05,БІ,216265I,1.0,0.9721737
2025-06,БІ,216265I,0.0,0.06189497
2024-07,Епіцентр,216265I,4.0,0.68111813
2024-08,Епіцентр,216265I,2.0,0.82472485
2024-09,Епіцентр,216265I,2.0,0.73832524
2024-10,Епіцентр,216265I,0.0,0.0
2024-11,Епіцентр,216265I,1.0,0.3137798
2024-12,Епіцентр,216265I,1.0,1.1323557
2025-01,Епіцентр,216265I,3.0,0.48612195
2025-02,Епіцентр,216265I,0.0,0.0
2025-03,Епіцентр,216265I,3.0,0.059008077
2025-04,Епіцентр,216265I,0.0,0.0
2025-05,Епіцентр,216265I,1.0,0.23127167
2025-06,Епіцентр,216265I,2.0,0.009768083
2024-07,Чудо Острів,216265I,3.0,0.95358634
2024-08,Чудо Острів,216265I,4.0,1.239256
2024-09,Чудо Острів,216265I,7.0,1.2964281
2024-10,Чудо Острів,216265I,0.0,0.04890858
2024-11,Чудо Острів,216265I,0.0,0.0
2024-12,Чудо Острів,216265I,0.0,0.20029865
2025-01,Чудо Острів,216265I,0.0,0.0
2025-02,Чудо Острів,216265I,0.0,0.0
2025-03,Чудо Острів,216265I,1.0,0.408217
2025-04,Чудо Острів,216265I,0.0,0.0
2025-05,Чудо Острів,216265I,1.0,0.13754746
2025-06,Чудо Острів,216265I,0.0,0.0
2024-07,ІМ-МауДау,216267I,3.0,0.9485547
2024-08,ІМ-МауДау,216267I,0.0,0.54867315
2024-09,ІМ-МауДау,216267I,0.0,0.32860443
2024-10,ІМ-МауДау,216267I,0.0,0.3598323
2024-11,ІМ-МауДау,216267I,0.0,0.24584945
2024-12,ІМ-МауДау,216267I,0.0,0.65006363
2025-01,ІМ-МауДау,216267I,1.0,0.0
2025-02,ІМ-МауДау,216267I,2.0,0.0
2025-03,ІМ-МауДау,216267I,0.0,0.0
2025-04,ІМ-МауДау,216267I,0.0,0.3556485
2025-05,ІМ-МауДау,216267I,1.0,0.29312092
2025-06,ІМ-МауДау,216267I,1.0,0.077388264
2024-07,ІМ-Розетка,216267I,2.0,0.09236556
2024-08,ІМ-Розетка,216267I,0.0,0.0
2024-09,ІМ-Розетка,216267I,0.0,0.0
2024-10,ІМ-Розетка,216267I,2.0,0.40174752
2024-11,ІМ-Розетка,216267I,0.0,0.9548843
2024-12,ІМ-Розетка,216267I,1.0,2.3318107
2025-01,ІМ-Розетка,216267I,2.0,0.6294282
2025-02,ІМ-Розетка,216267I,0.0,0.0
2025-03,ІМ-Розетка,216267I,0.0,0.0
2025-04,ІМ-Розетка,216267I,1.0,0.07022141
2025-05,ІМ-Розетка,216267I,0.0,0.038709056
2025-06,ІМ-Розетка,216267I,1.0,0.12012539
2024-07,Антошка,216267I,16.0,8.43223
2024-08,Антошка,216267I,11.0,8.963012
2024-09,Антошка,216267I,22.0,7.66792
2024-10,Антошка,216267I,17.0,9.289339
2024-11,Антошка,216267I,19.0,9.588865
2024-12,Антошка,216267I,28.0,16.91159
2025-01,Антошка,216267I,16.0,8.220058
2025-02,Антошка,216267I,8.0,5.499491
2025-03,Антошка,216267I,12.0,5.556484
2025-04,Антошка,216267I,15.0,8.411368
2025-05,Антошка,216267I,31.0,8.200921
2025-06,Антошка,216267I,14.0,12.284915
2024-07,БІ,216267I,38.0,25.48215
2024-08,БІ,216267I,45.0,22.284525
2024-09,БІ,216267I,48.0,25.321215
2024-10,БІ,216267I,57.0,26.217398
2024-11,БІ,216267I,60.0,31.066628
2024-12,БІ,216267I,104.0,55.43067
2025-01,БІ,216267I,52.0,27.908337
2025-02,БІ,216267I,31.0,20.026945
2025-03,БІ,216267I,43.0,16.352869
2025-04,БІ,216267I,58.0,26.192867
2025-05,БІ,216267I,80.0,29.295576
2025-06,БІ,216267I,59.0,34.493725
2024-07,Епіцентр,216267I,16.0,6.242358
2024-08,Епіцентр,216267I,16.0,6.5136275
2024-09,Епіцентр,216267I,11.0,6.871622
2024-10,Епіцентр,216267I,16.0,6.186371
2024-11,Епіцентр,216267I,20.0,6.799077
2024-12,Епіцентр,216267I,37.0,13.145268
2025-01,Епіцентр,216267I,14.0,7.1166797
2025-02,Епіцентр,216267I,13.0,5.0260344
2025-03,Епіцентр,216267I,8.0,5.4925604
2025-04,Епіцентр,216267I,0.0,5.7052746
2025-05,Епіцентр,216267I,20.0,3.7338676
2025-06,Епіцентр,216267I,22.0,7.079906
2024-07,Кубі,216267I,2.0,0.16833545
2024-08,Кубі,216267I,1.0,0.20700656
2024-09,Кубі,216267I,2.0,0.4884915
2024-10,Кубі,216267I,2.0,0.6593394
2024-11,Кубі,216267I,1.0,0.5754907
2024-12,Кубі,216267I,2.0,0.71465176
2025-01,Кубі,216267I,0.0,0.0
2025-02,Кубі,216267I,0.0,0.0
2025-03,Кубі,216267I,2.0,0.0
2025-04,Кубі,216267I,0.0,0.0
2025-05,Кубі,216267I,0.0,0.09135305
2025-06,Кубі,216267I,0.0,0.0
2024-07,МайПлей,216267I,10.0,2.1030715
2024-08,МайПлей,216267I,10.0,3.2724576
2024-09,МайПлей,216267I,8.0,3.9156015
2024-10,МайПлей,216267I,5.0,3.489573
2024-11,МайПлей,216267I,4.0,2.393898
2024-12,МайПлей,216267I,8.0,4.7923007
2025-01,МайПлей,216267I,2.0,1.9904116
2025-02,МайПлей,216267I,3.0,1.0150026
2025-03,МайПлей,216267I,2.0,1.0323256
2025-04,МайПлей,216267I,5.0,1.7149224
2025-05,МайПлей,216267I,10.0,1.586386
2025-06,МайПлей,216267I,5.0,2.6297243
2024-07,Мегамаркет,216267I,4.0,0.11117369
2024-08,Мегамаркет,216267I,3.0,0.07412629
2024-09,Мегамаркет,216267I,1.0,0.044168007
2024-10,Мегамаркет,216267I,1.0,0.24935111
2024-11,Мегамаркет,216267I,0.0,0.0
2024-12,Мегамаркет,216267I,4.0,0.51585066
2025-01,Мегамаркет,216267I,1.0,0.0
2025-02,Мегамаркет,216267I,1.0,0.0
2025-03,Мегамаркет,216267I,0.0,0.0
2025-04,Мегамаркет,216267I,0.0,0.0
2025-05,Мегамаркет,216267I,1.0,0.0
2025-06,Мегамаркет,216267I,1.0,0.0
2024-07,Монако,216267I,1.0,0.067585275
2024-08,Монако,216267I,2.0,0.49649215
2024-09,Монако,216267I,1.0,0.48254076
2024-10,Монако,216267I,4.0,0.7076158
2024-11,Монако,216267I,5.0,0.8414718
2024-12,Монако,216267I,0.0,0.2799861
2025-01,Монако,216267I,0.0,0.0
2025-02,Монако,216267I,0.0,0.0
2025-03,Монако,216267I,2.0,0.22381105
2025-04,Монако,216267I,1.0,0.375719
2025-05,Монако,216267I,2.0,0.34167534
2025-06,Монако,216267I,0.0,0.0
2024-07,РОСТ,216267I,0.0,0.0
2024-08,РОСТ,216267I,1.0,0.09862999
2024-09,РОСТ,216267I,1.0,0.08865909
2024-10,РОСТ,216267I,1.0,0.07197893
2024-11,РОСТ,216267I,1.0,0.09942046
2024-12,РОСТ,216267I,1.0,0.688932
2025-01,РОСТ,216267I,1.0,0.08645102
2025-02,РОСТ,216267I,2.0,0.0
2025-03,РОСТ,216267I,1.0,0.0
2025-04,РОСТ,216267I,3.0,0.0
2025-05,РОСТ,216267I,1.0,0.0
2025-06,РОСТ,216267I,0.0,0.0
2024-07,Росицька ФОП,216267I,0.0,0.0
2024-08,Росицька ФОП,216267I,1.0,0.0
2024-09,Росицька ФОП,216267I,1.0,0.0
2024-10,Росицька ФОП,216267I,0.0,0.0
2024-11,Росицька ФОП,216267I,0.0,0.0
2024-12,Росицька ФОП,216267I,1.0,0.040027253
2025-01,Росицька ФОП,216267I,0.0,0.0
2025-02,Росицька ФОП,216267I,1.0,0.0
2025-03,Росицька ФОП,216267I,0.0,0.0
2025-04,Росицька ФОП,216267I,0.0,0.0
2025-05,Росицька ФОП,216267I,0.0,0.0
2025-06,Росицька ФОП,216267I,1.0,0.0
2024-07,СмартБі Луцьк,216267I,0.0,0.0
2024-08,СмартБі Луцьк,216267I,1.0,0.49753523
2024-09,СмартБі Луцьк,216267I,2.0,0.2752995
2024-10,СмартБі Луцьк,216267I,4.0,0.479359
2024-11,СмартБі Луцьк,216267I,2.0,0.51979846
2024-12,СмартБі Луцьк,216267I,0.0,0.2856701
2025-01,СмартБі Луцьк,216267I,0.0,0.0
2025-02,СмартБі Луцьк,216267I,0.0,0.0
2025-03,СмартБі Луцьк,216267I,3.0,0.031460315
2025-04,СмартБі Луцьк,216267I,1.0,0.19013007
2025-05,СмартБі Луцьк,216267I,0.0,0.0
2025-06,СмартБі Луцьк,216267I,0.0,0.016147131
2024-07,Чудо Острів,216267I,12.0,6.4479733
2024-08,Чудо Острів,216267I,18.0,7.5442367
2024-09,Чудо Острів,216267I,13.0,8.239276
2024-10,Чудо Острів,216267I,23.0,8.748351
2024-11,Чудо Острів,216267I,8.0,8.728075
2024-12,Чудо Острів,216267I,28.0,13.064144
2025-01,Чудо Острів,216267I,18.0,9.043192
2025-02,Чудо Острів,216267I,7.0,6.9629593
2025-03,Чудо Острів,216267I,12.0,6.315344
2025-04,Чудо Острів,216267I,18.0,7.053141
2025-05,Чудо Острів,216267I,26.0,11.158856
2025-06,Чудо Острів,216267I,25.0,10.923237
2024-07,ІМ-МауДау,216271I,3.0,0.53685445
2024-08,ІМ-МауДау,216271I,0.0,0.28444636
2024-09,ІМ-МауДау,216271I,0.0,0.0
2024-10,ІМ-МауДау,216271I,0.0,0.0
2024-11,ІМ-МауДау,216271I,0.0,0.0
2024-12,ІМ-МауДау,216271I,2.0,0.75797486
2025-01,ІМ-МауДау,216271I,2.0,0.52687824
2025-02,ІМ-МауДау,216271I,0.0,0.0
2025-03,ІМ-МауДау,216271I,0.0,0.0
2025-04,ІМ-МауДау,216271I,0.0,0.0
2025-05,ІМ-МауДау,216271I,0.0,0.0
2025-06,ІМ-МауДау,216271I,0.0,0.0
2024-07,ІМ-Розетка,216271I,0.0,0.0
2024-08,ІМ-Розетка,216271I,0.0,0.061411448
2024-09,ІМ-Розетка,216271I,0.0,0.0
2024-10,ІМ-Розетка,216271I,1.0,1.1841037
2024-11,ІМ-Розетка,216271I,4.0,3.2076094
2024-12,ІМ-Розетка,216271I,2.0,8.412513
2025-01,ІМ-Розетка,216271I,0.0,0.1956626
2025-02,ІМ-Розетка,216271I,4.0,0.56841016
2025-03,ІМ-Розетка,216271I,1.0,0.775447
2025-04,ІМ-Розетка,216271I,3.0,0.6896775
2025-05,ІМ-Розетка,216271I,0.0,0.0
2025-06,ІМ-Розетка,216271I,0.0,0.31420657
2024-07,Антошка,216271I,12.0,7.5350747
2024-08,Антошка,216271I,27.0,8.433262
2024-09,Антошка,216271I,21.0,10.675937
2024-10,Антошка,216271I,20.0,10.861565
2024-11,Антошка,216271I,26.0,12.060797
2024-12,Антошка,216271I,55.0,28.85431
2025-01,Антошка,216271I,37.0,19.153292
2025-02,Антошка,216271I,43.0,12.480336
2025-03,Антошка,216271I,26.0,16.085606
2025-04,Антошка,216271I,21.0,13.297235
2025-05,Антошка,216271I,27.0,10.185121
2025-06,Антошка,216271I,11.0,9.223716
2024-07,БІ,216271I,25.0,14.092003
2024-08,БІ,216271I,27.0,14.920964
2024-09,БІ,216271I,29.0,15.632985
2024-10,БІ,216271I,31.0,16.516682
2024-11,БІ,216271I,54.0,19.72471
2024-12,БІ,216271I,136.0,49.945774
2025-01,БІ,216271I,54.0,31.033403
2025-02,БІ,216271I,21.0,25.533455
2025-03,БІ,216271I,34.0,13.358665
2025-04,БІ,216271I,47.0,18.58011
2025-05,БІ,216271I,28.0,17.579527
2025-06,БІ,216271I,18.0,12.991642
2024-07,Епіцентр,216271I,8.0,3.2952142
2024-08,Епіцентр,216271I,4.0,3.4634078
2024-09,Епіцентр,216271I,8.0,2.6896408
2024-10,Епіцентр,216271I,11.0,3.531604
2024-11,Епіцентр,216271I,19.0,4.503983
2024-12,Епіцентр,216271I,44.0,13.671795
2025-01,Епіцентр,216271I,18.0,8.415399
2025-02,Епіцентр,216271I,8.0,4.350356
2025-03,Епіцентр,216271I,8.0,3.1229463
2025-04,Епіцентр,216271I,0.0,1.9376992
2025-05,Епіцентр,216271I,7.0,2.3709848
2025-06,Епіцентр,216271I,12.0,3.1787095
2024-07,Країна Казок,216271I,0.0,0.0
2024-08,Країна Казок,216271I,0.0,0.0
2024-09,Країна Казок,216271I,0.0,0.0
2024-10,Країна Казок,216271I,0.0,0.0
2024-11,Країна Казок,216271I,0.0,0.0
2024-12,Країна Казок,216271I,0.0,0.0
2025-01,Країна Казок,216271I,1.0,0.0
2025-02,Країна Казок,216271I,0.0,0.0
2025-03,Країна Казок,216271I,0.0,0.0
2025-04,Країна Казок,216271I,1.0,0.0
2025-05,Країна Казок,216271I,0.0,0.0
2025-06,Країна Казок,216271I,0.0,0.0
2024-07,МайПлей,216271I,2.0,1.3146117
2024-08,МайПлей,216271I,2.0,1.4128598
2024-09,МайПлей,216271I,2.0,1.4733979
2024-10,МайПлей,216271I,3.0,1.3883731
2024-11,МайПлей,216271I,6.0,1.7533998
2024-12,МайПлей,216271I,9.0,5.8248696
2025-01,МайПлей,216271I,3.0,3.4571762
2025-02,МайПлей,216271I,4.0,1.7864499
2025-03,МайПлей,216271I,5.0,1.3660425
2025-04,МайПлей,216271I,8.0,1.6032299
2025-05,МайПлей,216271I,3.0,1.5408317
2025-06,МайПлей,216271I,4.0,1.346607
2024-07,Мегамаркет,216271I,0.0,0.0
2024-08,Мегамаркет,216271I,0.0,0.0
2024-09,Мегамаркет,216271I,2.0,0.0
2024-10,Мегамаркет,216271I,1.0,0.0
2024-11,Мегамаркет,216271I,2.0,0.15908994
2024-12,Мегамаркет,216271I,1.0,0.38932806
2025-01,Мегамаркет,216271I,1.0,0.062281385
2025-02,Мегамаркет,216271I,2.0,0.0
2025-03,Мегамаркет,216271I,0.0,0.0
2025-04,Мегамаркет,216271I,0.0,0.0
2025-05,Мегамаркет,216271I,0.0,0.0
2025-06,Мегамаркет,216271I,0.0,0.0
2024-07,Монако,216271I,2.0,0.0
2024-08,Монако,216271I,1.0,0.26246062
2024-09,Монако,216271I,0.0,0.0
2024-10,Монако,216271I,1.0,0.22840606
2024-11,Монако,216271I,4.0,0.5196773
2024-12,Монако,216271I,0.0,0.26006684
2025-01,Монако,216271I,0.0,0.0
2025-02,Монако,216271I,0.0,0.0
2025-03,Монако,216271I,0.0,0.0
2025-04,Монако,216271I,0.0,0.0
2025-05,Монако,216271I,0.0,0.0
2025-06,Монако,216271I,0.0,0.0
2024-07,РОСТ,216271I,0.0,0.0
2024-08,РОСТ,216271I,0.0,0.0
2024-09,РОСТ,216271I,0.0,0.0
2024-10,РОСТ,216271I,1.0,0.0
2024-11,РОСТ,216271I,0.0,0.0
2024-12,РОСТ,216271I,2.0,0.1481693
2025-01,РОСТ,216271I,1.0,0.0
2025-02,РОСТ,216271I,0.0,0.0
2025-03,РОСТ,216271I,0.0,0.0
2025-04,РОСТ,216271I,0.0,0.0
2025-05,РОСТ,216271I,1.0,0.0
2025-06,РОСТ,216271I,0.0,0.0
2024-07,Росицька ФОП,216271I,0.0,0.0
2024-08,Росицька ФОП,216271I,0.0,0.0
2024-09,Росицька ФОП,216271I,1.0,0.0
2024-10,Росицька ФОП,216271I,1.0,0.051401325
2024-11,Росицька ФОП,216271I,1.0,0.0
2024-12,Росицька ФОП,216271I,5.0,0.6361314
2025-01,Росицька ФОП,216271I,0.0,0.50438565
2025-02,Росицька ФОП,216271I,2.0,0.0
2025-03,Росицька ФОП,216271I,0.0,0.0
2025-04,Росицька ФОП,216271I,0.0,0.0
2025-05,Росицька ФОП,216271I,0.0,0.0
2025-06,Росицька ФОП,216271I,0.0,0.0
2024-07,Смік,216271I,4.0,0.3893492
2024-08,Смік,216271I,6.0,1.51576
2024-09,Смік,216271I,3.0,2.1791773
2024-10,Смік,216271I,0.0,1.1591197
2024-11,Смік,216271I,2.0,0.81079465
2024-12,Смік,216271I,5.0,1.7841296
2025-01,Смік,216271I,2.0,1.8770578
2025-02,Смік,216271I,4.0,1.1328813
2025-03,Смік,216271I,5.0,0.9650133
2025-04,Смік,216271I,1.0,0.96170104
2025-05,Смік,216271I,0.0,0.62482464
2025-06,Смік,216271I,5.0,0.35999244
2024-07,Супрун ФОП,216271I,1.0,0.12722747
2024-08,Супрун ФОП,216271I,0.0,0.0
2024-09,Супрун ФОП,216271I,3.0,0.16778405
2024-10,Супрун ФОП,216271I,0.0,0.060702294
2024-11,Супрун ФОП,216271I,1.0,0.38935897
2024-12,Супрун ФОП,216271I,0.0,0.20242974
2025-01,Супрун ФОП,216271I,1.0,0.11174342
2025-02,Супрун ФОП,216271I,0.0,0.0
2025-03,Супрун ФОП,216271I,0.0,0.0
2025-04,Супрун ФОП,216271I,1.0,0.0
2025-05,Супрун ФОП,216271I,2.0,0.0
2025-06,Супрун ФОП,216271I,0.0,0.0
2024-07,Чудо Острів,216271I,8.0,3.8402922
2024-08,Чудо Острів,216271I,9.0,3.9699855
2024-09,Чудо Острів,216271I,11.0,3.9637153
2024-10,Чудо Острів,216271I,4.0,5.5141435
2024-11,Чудо Острів,216271I,20.0,5.421796
2024-12,Чудо Острів,216271I,53.0,17.10615
2025-01,Чудо Острів,216271I,41.0,14.122889
2025-02,Чудо Острів,216271I,15.0,11.416006
2025-03,Чудо Острів,216271I,19.0,7.4362473
2025-04,Чудо Острів,216271I,10.0,8.557267
2025-05,Чудо Острів,216271I,11.0,5.1469564
2025-06,Чудо Острів,216271I,9.0,4.65835
2024-07,Антошка,216273,9.0,6.2395616
2024-08,Антошка,216273,22.0,6.757372
2024-09,Антошка,216273,11.0,8.619722
2024-10,Антошка,216273,11.0,5.911265
2024-11,Антошка,216273,8.0,5.70095
2024-12,Антошка,216273,12.0,7.495188
2025-01,Антошка,216273,8.0,3.9977047
2025-02,Антошка,216273,9.0,2.7403798
2025-03,Антошка,216273,6.0,2.8970532
2025-04,Антошка,216273,7.0,3.0841196
2025-05,Антошка,216273,12.0,4.68009
2025-06,Антошка,216273,51.0,14.701867
2024-07,БІ,216273,24.0,14.38676
2024-08,БІ,216273,42.0,16.522062
2024-09,БІ,216273,38.0,19.475288
2024-10,БІ,216273,30.0,19.414694
2024-11,БІ,216273,31.0,18.763205
2024-12,БІ,216273,76.0,32.689995
2025-01,БІ,216273,21.0,20.399393
2025-02,БІ,216273,30.0,13.429333
2025-03,БІ,216273,18.0,15.4788
2025-04,БІ,216273,38.0,14.5807
2025-05,БІ,216273,51.0,19.503504
2025-06,БІ,216273,84.0,27.548658
2024-07,Епіцентр,216273,10.0,2.8405473
2024-08,Епіцентр,216273,10.0,3.7246895
2024-09,Епіцентр,216273,11.0,3.987851
2024-10,Епіцентр,216273,12.0,4.005267
2024-11,Епіцентр,216273,15.0,4.4109855
2024-12,Епіцентр,216273,24.0,8.507348
2025-01,Епіцентр,216273,4.0,3.8590896
2025-02,Епіцентр,216273,5.0,2.432985
2025-03,Епіцентр,216273,6.0,2.3494687
2025-04,Епіцентр,216273,0.0,2.5102959
2025-05,Епіцентр,216273,5.0,3.3063889
2025-06,Епіцентр,216273,8.0,4.3948903
2024-07,Країна Казок,216273,1.0,0.0
2024-08,Країна Казок,216273,1.0,0.0
2024-09,Країна Казок,216273,0.0,0.07190226
2024-10,Країна Казок,216273,3.0,0.0
2024-11,Країна Казок,216273,1.0,0.006524416
2024-12,Країна Казок,216273,1.0,0.2504177
2025-01,Країна Казок,216273,0.0,0.0
2025-02,Країна Казок,216273,0.0,0.0
2025-03,Країна Казок,216273,0.0,0.0
2025-04,Країна Казок,216273,1.0,0.0
2025-05,Країна Казок,216273,0.0,0.0
2025-06,Країна Казок,216273,1.0,0.0
2024-07,МайПлей,216273,4.0,1.1748773
2024-08,МайПлей,216273,3.0,1.9121795
2024-09,МайПлей,216273,4.0,1.7181511
2024-10,МайПлей,216273,10.0,2.090195
2024-11,МайПлей,216273,4.0,2.162096
2024-12,МайПлей,216273,5.0,3.6961775
2025-01,МайПлей,216273,1.0,1.3442298
2025-02,МайПлей,216273,8.0,0.9640466
2025-03,МайПлей,216273,4.0,1.6159649
2025-04,МайПлей,216273,2.0,2.0765302
2025-05,МайПлей,216273,8.0,1.6340117
2025-06,МайПлей,216273,9.0,3.352534
2024-07,Монако,216273,1.0,0.87722015
2024-08,Монако,216273,3.0,0.93895376
2024-09,Монако,216273,2.0,0.6470115
2024-10,Монако,216273,2.0,0.54420185
2024-11,Монако,216273,7.0,1.2637719
2024-12,Монако,216273,0.0,0.5013803
2025-01,Монако,216273,0.0,0.0
2025-02,Монако,216273,0.0,0.0
2025-03,Монако,216273,2.0,0.2650326
2025-04,Монако,216273,1.0,0.6600842
2025-05,Монако,216273,6.0,0.47021437
2025-06,Монако,216273,6.0,1.3436075
2024-07,РОСТ,216273,2.0,0.0
2024-08,РОСТ,216273,0.0,0.0
2024-09,РОСТ,216273,3.0,0.0
2024-10,РОСТ,216273,0.0,0.5327008
2024-11,РОСТ,216273,0.0,0.0
2024-12,РОСТ,216273,2.0,0.085011505
2025-01,РОСТ,216273,1.0,0.0
2025-02,РОСТ,216273,1.0,0.0
2025-03,РОСТ,216273,2.0,0.0
2025-04,РОСТ,216273,4.0,0.0
2025-05,РОСТ,216273,1.0,0.14828762
2025-06,РОСТ,216273,1.0,0.15234971
2024-07,Росицька ФОП,216273,0.0,0.0
2024-08,Росицька ФОП,216273,1.0,0.0
2024-09,Росицька ФОП,216273,1.0,0.0
2024-10,Росицька ФОП,216273,1.0,0.0
2024-11,Росицька ФОП,216273,1.0,0.0
2024-12,Росицька ФОП,216273,1.0,0.30650163
2025-01,Росицька ФОП,216273,1.0,0.0
2025-02,Росицька ФОП,216273,0.0,0.0
2025-03,Росицька ФОП,216273,1.0,0.0
2025-04,Росицька ФОП,216273,1.0,0.0
2025-05,Росицька ФОП,216273,1.0,0.0
2025-06,Росицька ФОП,216273,1.0,0.0
2024-07,СмартБі Луцьк,216273,0.0,0.0
2024-08,СмартБі Луцьк,216273,0.0,0.06055234
2024-09,СмартБі Луцьк,216273,0.0,0.0
2024-10,СмартБі Луцьк,216273,4.0,0.36974543
2024-11,СмартБі Луцьк,216273,0.0,0.06781298
2024-12,СмартБі Луцьк,216273,2.0,0.49806285
2025-01,СмартБі Луцьк,216273,0.0,0.0
2025-02,СмартБі Луцьк,216273,0.0,0.0
2025-03,СмартБі Луцьк,216273,1.0,0.0
2025-04,СмартБі Луцьк,216273,2.0,0.18640299
2025-05,СмартБі Луцьк,216273,0.0,0.0
2025-06,СмартБі Луцьк,216273,1.0,0.7734997
2024-07,Чудо Острів,216273,1.0,1.3857231
2024-08,Чудо Острів,216273,6.0,1.0251637
2024-09,Чудо Острів,216273,1.0,1.2469344
2024-10,Чудо Острів,216273,0.0,0.8778712
2024-11,Чудо Острів,216273,1.0,0.5855871
2024-12,Чудо Острів,216273,0.0,1.6827044
2025-01,Чудо Острів,216273,2.0,0.46243042
2025-02,Чудо Острів,216273,1.0,0.71401864
2025-03,Чудо Острів,216273,3.0,0.2560061
2025-04,Чудо Острів,216273,0.0,0.7233671
2025-05,Чудо Острів,216273,1.0,0.4235495
2025-06,Чудо Острів,216273,2.0,0.8976687
2024-07,Епіцентр,216274I,11.0,2.6575785
2024-08,Епіцентр,216274I,10.0,2.7729576
2024-09,Епіцентр,216274I,7.0,3.496506
2024-10,Епіцентр,216274I,12.0,4.4802613
2024-11,Епіцентр,216274I,15.0,5.2125044
2024-12,Епіцентр,216274I,10.0,8.061975
2025-01,Епіцентр,216274I,3.0,2.8250127
2025-02,Епіцентр,216274I,10.0,1.3616788
2025-03,Епіцентр,216274I,4.0,1.8140167
2025-04,Епіцентр,216274I,0.0,0.04002694
2025-05,Епіцентр,216274I,9.0,1.5749214
2025-06,Епіцентр,216274I,4.0,1.5863606
2024-07,МайПлей,216274I,2.0,1.0211061
2024-08,МайПлей,216274I,2.0,1.2283869
2024-09,МайПлей,216274I,4.0,1.3173233
2024-10,МайПлей,216274I,2.0,1.372343
2024-11,МайПлей,216274I,9.0,1.2597364
2024-12,МайПлей,216274I,12.0,3.02134
2025-01,МайПлей,216274I,3.0,1.5590682
2025-02,МайПлей,216274I,2.0,0.9903392
2025-03,МайПлей,216274I,1.0,0.57634
2025-04,МайПлей,216274I,1.0,0.47216573
2025-05,МайПлей,216274I,0.0,0.0
2025-06,МайПлей,216274I,0.0,0.0
2024-07,Мегамаркет,216274I,0.0,0.0
2024-08,Мегамаркет,216274I,1.0,0.0
2024-09,Мегамаркет,216274I,1.0,0.0
2024-10,Мегамаркет,216274I,2.0,0.0519174
2024-11,Мегамаркет,216274I,2.0,0.0
2024-12,Мегамаркет,216274I,0.0,0.0
2025-01,Мегамаркет,216274I,0.0,0.0
2025-02,Мегамаркет,216274I,0.0,0.0
2025-03,Мегамаркет,216274I,1.0,0.0
2025-04,Мегамаркет,216274I,1.0,0.0
2025-05,Мегамаркет,216274I,0.0,0.0
2025-06,Мегамаркет,216274I,0.0,0.0
2024-07,Чудо Острів,216274I,5.0,3.8529892
2024-08,Чудо Острів,216274I,19.0,4.291212
2024-09,Чудо Острів,216274I,11.0,5.463401
2024-10,Чудо Острів,216274I,31.0,6.9369698
2024-11,Чудо Острів,216274I,23.0,11.790647
2024-12,Чудо Острів,216274I,51.0,16.060865
2025-01,Чудо Острів,216274I,20.0,11.033185
2025-02,Чудо Острів,216274I,9.0,6.3447
2025-03,Чудо Острів,216274I,11.0,4.782562
2025-04,Чудо Острів,216274I,4.0,3.4534245
2025-05,Чудо Острів,216274I,5.0,2.5373788
2025-06,Чудо Острів,216274I,8.0,1.9903903
2024-07,Антошка,216276,13.0,8.898315
2024-08,Антошка,216276,15.0,8.062687
2024-09,Антошка,216276,16.0,7.441968
2024-10,Антошка,216276,22.0,8.451799
2024-11,Антошка,216276,16.0,10.675683
2024-12,Антошка,216276,26.0,12.831615
2025-01,Антошка,216276,21.0,9.076788
2025-02,Антошка,216276,12.0,7.316544
2025-03,Антошка,216276,9.0,6.799319
2025-04,Антошка,216276,18.0,8.970166
2025-05,Антошка,216276,18.0,9.343841
2025-06,Антошка,216276,18.0,9.237732
2024-07,БІ,216276,46.0,22.702442
2024-08,БІ,216276,51.0,25.995077
2024-09,БІ,216276,53.0,24.373474
2024-10,БІ,216276,45.0,30.046227
2024-11,БІ,216276,25.0,27.454361
2024-12,БІ,216276,83.0,35.84082
2025-01,БІ,216276,47.0,22.981491
2025-02,БІ,216276,26.0,19.163515
2025-03,БІ,216276,25.0,14.655661
2025-04,БІ,216276,23.0,19.183952
2025-05,БІ,216276,27.0,15.043788
2025-06,БІ,216276,35.0,16.569408
2024-07,Епіцентр,216276,9.0,4.238972
2024-08,Епіцентр,216276,12.0,4.0338697
2024-09,Епіцентр,216276,10.0,4.1810865
2024-10,Епіцентр,216276,15.0,4.627066
2024-11,Епіцентр,216276,16.0,5.322549
2024-12,Епіцентр,216276,47.0,10.648998
2025-01,Епіцентр,216276,12.0,7.68169
2025-02,Епіцентр,216276,9.0,4.2733765
2025-03,Епіцентр,216276,15.0,3.8917968
2025-04,Епіцентр,216276,0.0,2.8409786
2025-05,Епіцентр,216276,8.0,3.8905294
2025-06,Епіцентр,216276,17.0,4.8987217
2024-07,Країна Казок,216276,0.0,0.0
2024-08,Країна Казок,216276,0.0,0.0
2024-09,Країна Казок,216276,0.0,0.0
2024-10,Країна Казок,216276,1.0,0.0
2024-11,Країна Казок,216276,0.0,0.0
2024-12,Країна Казок,216276,0.0,0.0
2025-01,Країна Казок,216276,0.0,0.0
2025-02,Країна Казок,216276,0.0,0.0
2025-03,Країна Казок,216276,0.0,0.0
2025-04,Країна Казок,216276,0.0,0.0
2025-05,Країна Казок,216276,1.0,0.0
2025-06,Країна Казок,216276,1.0,0.0
2024-07,МайПлей,216276,3.0,2.4425805
2024-08,МайПлей,216276,6.0,2.8344357
2024-09,МайПлей,216276,5.0,2.4087017
2024-10,МайПлей,216276,5.0,2.6151397
2024-11,МайПлей,216276,6.0,2.4838233
2024-12,МайПлей,216276,11.0,4.772626
2025-01,МайПлей,216276,6.0,1.8965791
2025-02,МайПлей,216276,1.0,1.3608022
2025-03,МайПлей,216276,4.0,1.0933797
2025-04,МайПлей,216276,6.0,2.6084797
2025-05,МайПлей,216276,2.0,1.2636662
2025-06,МайПлей,216276,4.0,1.1472974
2024-07,Мегамаркет,216276,2.0,0.0
2024-08,Мегамаркет,216276,0.0,0.016664868
2024-09,Мегамаркет,216276,1.0,0.0
2024-10,Мегамаркет,216276,1.0,0.1936478
2024-11,Мегамаркет,216276,1.0,0.0
2024-12,Мегамаркет,216276,2.0,0.091026224
2025-01,Мегамаркет,216276,0.0,0.0
2025-02,Мегамаркет,216276,0.0,0.0
2025-03,Мегамаркет,216276,0.0,0.0
2025-04,Мегамаркет,216276,1.0,0.0
2025-05,Мегамаркет,216276,0.0,0.0
2025-06,Мегамаркет,216276,0.0,0.0
2024-07,Монако,216276,3.0,0.41754827
2024-08,Монако,216276,2.0,0.82454467
2024-09,Монако,216276,0.0,0.24827522
2024-10,Монако,216276,4.0,0.8470721
2024-11,Монако,216276,8.0,1.0131841
2024-12,Монако,216276,0.0,0.6391964
2025-01,Монако,216276,0.0,0.0
2025-02,Монако,216276,0.0,0.0
2025-03,Монако,216276,2.0,0.21514858
2025-04,Монако,216276,0.0,0.0
2025-05,Монако,216276,0.0,0.0
2025-06,Монако,216276,0.0,0.0
2024-07,Росицька ФОП,216276,1.0,0.0
2024-08,Росицька ФОП,216276,2.0,0.0
2024-09,Росицька ФОП,216276,0.0,0.0
2024-10,Росицька ФОП,216276,0.0,0.0
2024-11,Росицька ФОП,216276,1.0,0.0
2024-12,Росицька ФОП,216276,0.0,0.31548387
2025-01,Росицька ФОП,216276,1.0,0.0
2025-02,Росицька ФОП,216276,0.0,0.0
2025-03,Росицька ФОП,216276,0.0,0.0
2025-04,Росицька ФОП,216276,0.0,0.0
2025-05,Росицька ФОП,216276,0.0,0.0
2025-06,Росицька ФОП,216276,0.0,0.0
2024-07,Чудо Острів,216276,14.0,7.5420637
2024-08,Чудо Острів,216276,23.0,9.325363
2024-09,Чудо Острів,216276,15.0,9.895346
2024-10,Чудо Острів,216276,13.0,7.867349
2024-11,Чудо Острів,216276,18.0,9.139021
2024-12,Чудо Острів,216276,31.0,15.9040785
2025-01,Чудо Острів,216276,19.0,9.310857
2025-02,Чудо Острів,216276,10.0,7.6717196
2025-03,Чудо Острів,216276,22.0,7.603784
2025-04,Чудо Острів,216276,12.0,10.319982
2025-05,Чудо Острів,216276,8.0,7.8717647
2025-06,Чудо Острів,216276,15.0,6.9492373
2024-07,Антошка,216279I,30.0,14.50951
2024-08,Антошка,216279I,23.0,16.101194
2024-09,Антошка,216279I,27.0,14.100036
2024-10,Антошка,216279I,11.0,12.327804
2024-11,Антошка,216279I,16.0,10.626133
2024-12,Антошка,216279I,23.0,14.114303
2025-01,Антошка,216279I,21.0,11.593679
2025-02,Антошка,216279I,23.0,9.641943
2025-03,Антошка,216279I,13.0,9.9015665
2025-04,Антошка,216279I,22.0,10.977305
2025-05,Антошка,216279I,16.0,12.912019
2025-06,Антошка,216279I,13.0,9.535846
2024-07,БІ,216279I,63.0,36.92542
2024-08,БІ,216279I,53.0,38.784252
2024-09,БІ,216279I,55.0,33.571968
2024-10,БІ,216279I,38.0,35.518845
2024-11,БІ,216279I,47.0,27.955933
2024-12,БІ,216279I,82.0,51.52223
2025-01,БІ,216279I,52.0,27.214731
2025-02,БІ,216279I,35.0,27.70054
2025-03,БІ,216279I,47.0,20.902485
2025-04,БІ,216279I,37.0,25.64936
2025-05,БІ,216279I,60.0,28.118443
2025-06,БІ,216279I,54.0,34.183456
2024-07,Епіцентр,216279I,11.0,6.2738333
2024-08,Епіцентр,216279I,22.0,5.7723246
2024-09,Епіцентр,216279I,17.0,5.479433
2024-10,Епіцентр,216279I,16.0,5.613878
2024-11,Епіцентр,216279I,10.0,7.027827
2024-12,Епіцентр,216279I,33.0,9.486033
2025-01,Епіцентр,216279I,18.0,7.7081213
2025-02,Епіцентр,216279I,14.0,6.3445845
2025-03,Епіцентр,216279I,21.0,6.1829743
2025-04,Епіцентр,216279I,0.0,8.329767
2025-05,Епіцентр,216279I,16.0,4.0444255
2025-06,Епіцентр,216279I,12.0,7.3728557
2024-07,Клас,216279I,1.0,0.0
2024-08,Клас,216279I,1.0,0.011424638
2024-09,Клас,216279I,1.0,0.0
2024-10,Клас,216279I,0.0,0.0
2024-11,Клас,216279I,2.0,0.0
2024-12,Клас,216279I,1.0,0.0
2025-01,Клас,216279I,1.0,0.0
2025-02,Клас,216279I,1.0,0.0
2025-03,Клас,216279I,1.0,0.0
2025-04,Клас,216279I,1.0,0.0
2025-05,Клас,216279I,1.0,0.0
2025-06,Клас,216279I,0.0,0.0
2024-07,Країна Казок,216279I,0.0,0.0
2024-08,Країна Казок,216279I,1.0,0.0
2024-09,Країна Казок,216279I,2.0,0.0
2024-10,Країна Казок,216279I,2.0,0.0
2024-11,Країна Казок,216279I,1.0,0.22200598
2024-12,Країна Казок,216279I,0.0,0.051431846
2025-01,Країна Казок,216279I,0.0,0.0
2025-02,Країна Казок,216279I,1.0,0.0
2025-03,Країна Казок,216279I,0.0,0.0
2025-04,Країна Казок,216279I,1.0,0.0
2025-05,Країна Казок,216279I,1.0,0.0
2025-06,Країна Казок,216279I,0.0,0.0
2024-07,МайПлей,216279I,5.0,3.483103
2024-08,МайПлей,216279I,8.0,4.0133743
2024-09,МайПлей,216279I,4.0,2.9669032
2024-10,МайПлей,216279I,7.0,3.0224676
2024-11,МайПлей,216279I,3.0,3.1924107
2024-12,МайПлей,216279I,11.0,4.9111505
2025-01,МайПлей,216279I,5.0,2.7573252
2025-02,МайПлей,216279I,1.0,1.8108692
2025-03,МайПлей,216279I,5.0,1.2526507
2025-04,МайПлей,216279I,6.0,2.3156984
2025-05,МайПлей,216279I,11.0,2.600771
2025-06,МайПлей,216279I,6.0,3.372925
2024-07,Мегамаркет,216279I,1.0,0.0
2024-08,Мегамаркет,216279I,2.0,0.14887522
2024-09,Мегамаркет,216279I,0.0,0.0
2024-10,Мегамаркет,216279I,2.0,0.056904428
2024-11,Мегамаркет,216279I,0.0,0.0
2024-12,Мегамаркет,216279I,0.0,0.08219741
2025-01,Мегамаркет,216279I,0.0,0.0
2025-02,Мегамаркет,216279I,1.0,0.0
2025-03,Мегамаркет,216279I,0.0,0.0
2025-04,Мегамаркет,216279I,2.0,0.0
2025-05,Мегамаркет,216279I,0.0,0.0
2025-06,Мегамаркет,216279I,1.0,0.0
2024-07,Монако,216279I,1.0,0.07940156
2024-08,Монако,216279I,3.0,0.57177395
2024-09,Монако,216279I,0.0,0.0
2024-10,Монако,216279I,0.0,0.03173738
2024-11,Монако,216279I,4.0,0.52577335
2024-12,Монако,216279I,0.0,0.0
2025-01,Монако,216279I,0.0,0.04158686
2025-02,Монако,216279I,0.0,0.0
2025-03,Монако,216279I,1.0,0.18386371
2025-04,Монако,216279I,2.0,0.40351814
2025-05,Монако,216279I,1.0,0.32450035
2025-06,Монако,216279I,0.0,0.0
2024-07,Новая Лінія,216279I,0.0,0.0
2024-08,Новая Лінія,216279I,0.0,0.0
2024-09,Новая Лінія,216279I,0.0,0.0
2024-10,Новая Лінія,216279I,0.0,0.0
2024-11,Новая Лінія,216279I,0.0,0.0
2024-12,Новая Лінія,216279I,1.0,0.0
2025-01,Новая Лінія,216279I,1.0,0.0
2025-02,Новая Лінія,216279I,0.0,0.0
2025-03,Новая Лінія,216279I,0.0,0.0
2025-04,Новая Лінія,216279I,0.0,0.0
2025-05,Новая Лінія,216279I,0.0,0.0
2025-06,Новая Лінія,216279I,1.0,0.0
2024-07,РОСТ,216279I,0.0,0.0
2024-08,РОСТ,216279I,0.0,0.0
2024-09,РОСТ,216279I,1.0,0.0
2024-10,РОСТ,216279I,0.0,0.0
2024-11,РОСТ,216279I,0.0,0.0
2024-12,РОСТ,216279I,0.0,0.0
2025-01,РОСТ,216279I,0.0,0.0
2025-02,РОСТ,216279I,0.0,0.0
2025-03,РОСТ,216279I,1.0,0.0
2025-04,РОСТ,216279I,0.0,0.0
2025-05,РОСТ,216279I,0.0,0.0
2025-06,РОСТ,216279I,0.0,0.0
2024-07,Росицька ФОП,216279I,1.0,0.0
2024-08,Росицька ФОП,216279I,0.0,0.0
2024-09,Росицька ФОП,216279I,0.0,0.0
2024-10,Росицька ФОП,216279I,0.0,0.0
2024-11,Росицька ФОП,216279I,0.0,0.0
2024-12,Росицька ФОП,216279I,1.0,0.13594973
2025-01,Росицька ФОП,216279I,0.0,0.0
2025-02,Росицька ФОП,216279I,0.0,0.0
2025-03,Росицька ФОП,216279I,0.0,0.0
2025-04,Росицька ФОП,216279I,0.0,0.0
2025-05,Росицька ФОП,216279I,1.0,0.0
2025-06,Росицька ФОП,216279I,2.0,0.0
2024-07,Смік,216279I,4.0,0.35178563
2024-08,Смік,216279I,5.0,1.7389896
2024-09,Смік,216279I,5.0,0.8610086
2024-10,Смік,216279I,4.0,1.4387739
2024-11,Смік,216279I,3.0,1.5361685
2024-12,Смік,216279I,2.0,1.7698472
2025-01,Смік,216279I,4.0,1.3929697
2025-02,Смік,216279I,2.0,1.5272182
2025-03,Смік,216279I,4.0,0.6885196
2025-04,Смік,216279I,7.0,1.1872957
2025-05,Смік,216279I,5.0,1.6511021
2025-06,Смік,216279I,3.0,1.7306333
2024-07,Чудо Острів,216279I,12.0,6.8297415
2024-08,Чудо Острів,216279I,18.0,7.031516
2024-09,Чудо Острів,216279I,16.0,7.216981
2024-10,Чудо Острів,216279I,11.0,6.847857
2024-11,Чудо Острів,216279I,12.0,7.402883
2024-12,Чудо Острів,216279I,36.0,12.644563
2025-01,Чудо Острів,216279I,15.0,11.932857
2025-02,Чудо Острів,216279I,13.0,8.287469
2025-03,Чудо Острів,216279I,19.0,8.149813
2025-04,Чудо Острів,216279I,20.0,9.343063
2025-05,Чудо Острів,216279I,14.0,11.937461
2025-06,Чудо Острів,216279I,15.0,8.772956
2024-07,ІМ-Розетка,216289I,2.0,0.4870237
2024-08,ІМ-Розетка,216289I,1.0,0.5578278
2024-09,ІМ-Розетка,216289I,2.0,0.60910696
2024-10,ІМ-Розетка,216289I,8.0,1.7175201
2024-11,ІМ-Розетка,216289I,1.0,3.7143297
2024-12,ІМ-Розетка,216289I,6.0,4.375964
2025-01,ІМ-Розетка,216289I,4.0,1.77842
2025-02,ІМ-Розетка,216289I,4.0,1.0167722
2025-03,ІМ-Розетка,216289I,1.0,1.3796805
2025-04,ІМ-Розетка,216289I,5.0,0.43861988
2025-05,ІМ-Розетка,216289I,0.0,0.22312118
2025-06,ІМ-Розетка,216289I,0.0,0.0
2024-07,Антошка,216289I,29.0,12.83117
2024-08,Антошка,216289I,30.0,10.697651
2024-09,Антошка,216289I,14.0,10.162019
2024-10,Антошка,216289I,18.0,13.560002
2024-11,Антошка,216289I,24.0,15.207132
2024-12,Антошка,216289I,46.0,22.337864
2025-01,Антошка,216289I,16.0,12.537373
2025-02,Антошка,216289I,16.0,9.886893
2025-03,Антошка,216289I,12.0,9.514919
2025-04,Антошка,216289I,12.0,7.2795796
2025-05,Антошка,216289I,18.0,7.416531
2025-06,Антошка,216289I,13.0,7.715391
2024-07,БІ,216289I,34.0,17.87239
2024-08,БІ,216289I,26.0,16.935913
2024-09,БІ,216289I,24.0,14.319517
2024-10,БІ,216289I,48.0,22.224674
2024-11,БІ,216289I,42.0,27.938927
2024-12,БІ,216289I,45.0,42.643772
2025-01,БІ,216289I,18.0,19.149328
2025-02,БІ,216289I,30.0,12.56402
2025-03,БІ,216289I,31.0,16.612257
2025-04,БІ,216289I,21.0,15.834792
2025-05,БІ,216289I,42.0,13.070229
2025-06,БІ,216289I,30.0,15.975051
2024-07,Епіцентр,216289I,8.0,2.688996
2024-08,Епіцентр,216289I,3.0,1.8038781
2024-09,Епіцентр,216289I,3.0,1.6017282
2024-10,Епіцентр,216289I,7.0,2.5483224
2024-11,Епіцентр,216289I,8.0,3.3871021
2024-12,Епіцентр,216289I,17.0,5.4542675
2025-01,Епіцентр,216289I,8.0,2.4854002
2025-02,Епіцентр,216289I,6.0,2.188697
2025-03,Епіцентр,216289I,6.0,2.2498071
2025-04,Епіцентр,216289I,0.0,2.1370938
2025-05,Епіцентр,216289I,6.0,1.9013956
2025-06,Епіцентр,216289I,5.0,1.8369709
2024-07,Літл Бук,216289I,0.0,0.0
2024-08,Літл Бук,216289I,0.0,0.0
2024-09,Літл Бук,216289I,0.0,0.0
2024-10,Літл Бук,216289I,0.0,0.015785307
2024-11,Літл Бук,216289I,0.0,0.20675515
2024-12,Літл Бук,216289I,6.0,0.84226
2025-01,Літл Бук,216289I,0.0,0.0
2025-02,Літл Бук,216289I,0.0,0.0
2025-03,Літл Бук,216289I,2.0,0.18809089
2025-04,Літл Бук,216289I,0.0,0.0
2025-05,Літл Бук,216289I,0.0,0.0
2025-06,Літл Бук,216289I,0.0,0.0
2024-07,МайПлей,216289I,6.0,1.8310306
2024-08,МайПлей,216289I,1.0,0.9388304
2024-09,МайПлей,216289I,3.0,1.2206943
2024-10,МайПлей,216289I,6.0,2.6152887
2024-11,МайПлей,216289I,3.0,2.6641395
2024-12,МайПлей,216289I,5.0,4.2817907
2025-01,МайПлей,216289I,4.0,1.6175013
2025-02,МайПлей,216289I,2.0,1.1331042
2025-03,МайПлей,216289I,4.0,0.74541605
2025-04,МайПлей,216289I,4.0,0.9036033
2025-05,МайПлей,216289I,3.0,1.0178219
2025-06,МайПлей,216289I,2.0,1.173664
2024-07,Мегамаркет,216289I,1.0,0.22414978
2024-08,Мегамаркет,216289I,3.0,0.14161675
2024-09,Мегамаркет,216289I,1.0,0.035275847
2024-10,Мегамаркет,216289I,4.0,0.52122885
2024-11,Мегамаркет,216289I,3.0,0.5073643
2024-12,Мегамаркет,216289I,1.0,0.49223694
2025-01,Мегамаркет,216289I,0.0,0.0
2025-02,Мегамаркет,216289I,1.0,0.0
2025-03,Мегамаркет,216289I,0.0,0.0
2025-04,Мегамаркет,216289I,1.0,0.0
2025-05,Мегамаркет,216289I,2.0,0.0
2025-06,Мегамаркет,216289I,2.0,0.0
2024-07,Монако,216289I,1.0,0.338969
2024-08,Монако,216289I,1.0,0.25474715
2024-09,Монако,216289I,2.0,0.11422769
2024-10,Монако,216289I,6.0,0.831103
2024-11,Монако,216289I,1.0,1.4426273
2024-12,Монако,216289I,0.0,0.03744849
2025-01,Монако,216289I,0.0,0.0
2025-02,Монако,216289I,1.0,0.5199006
2025-03,Монако,216289I,3.0,0.38822523
2025-04,Монако,216289I,0.0,0.0
2025-05,Монако,216289I,1.0,0.111798756
2025-06,Монако,216289I,0.0,0.00345103
2024-07,РОСТ,216289I,0.0,0.0
2024-08,РОСТ,216289I,1.0,0.0
2024-09,РОСТ,216289I,0.0,0.0
2024-10,РОСТ,216289I,0.0,0.0
2024-11,РОСТ,216289I,2.0,0.0
2024-12,РОСТ,216289I,0.0,0.0
2025-01,РОСТ,216289I,1.0,0.017997503
2025-02,РОСТ,216289I,0.0,0.0
2025-03,РОСТ,216289I,1.0,0.0
2025-04,РОСТ,216289I,0.0,0.0
2025-05,РОСТ,216289I,0.0,0.0
2025-06,РОСТ,216289I,0.0,0.0
2024-07,Росицька ФОП,216289I,0.0,0.0
2024-08,Росицька ФОП,216289I,0.0,0.0
2024-09,Росицька ФОП,216289I,0.0,0.0
2024-10,Росицька ФОП,216289I,0.0,0.0
2024-11,Росицька ФОП,216289I,1.0,0.0
2024-12,Росицька ФОП,216289I,2.0,0.2336356
2025-01,Росицька ФОП,216289I,0.0,0.0
2025-02,Росицька ФОП,216289I,1.0,0.0
2025-03,Росицька ФОП,216289I,0.0,0.0
2025-04,Росицька ФОП,216289I,0.0,0.0
2025-05,Росицька ФОП,216289I,0.0,0.0
2025-06,Росицька ФОП,216289I,1.0,0.0
2024-07,СмартБі Луцьк,216289I,0.0,0.0
2024-08,СмартБі Луцьк,216289I,2.0,0.32076257
2024-09,СмартБі Луцьк,216289I,0.0,0.0
2024-10,СмартБі Луцьк,216289I,1.0,0.3525516
2024-11,СмартБі Луцьк,216289I,2.0,0.4644382
2024-12,СмартБі Луцьк,216289I,0.0,0.0
2025-01,СмартБі Луцьк,216289I,1.0,0.025397236
2025-02,СмартБі Луцьк,216289I,0.0,0.0
2025-03,СмартБі Луцьк,216289I,1.0,0.04559714
2025-04,СмартБі Луцьк,216289I,1.0,0.08691595
2025-05,СмартБі Луцьк,216289I,0.0,0.0
2025-06,СмартБі Луцьк,216289I,1.0,0.22817384
2024-07,Смік,216289I,0.0,0.5129653
2024-08,Смік,216289I,3.0,0.56841576
2024-09,Смік,216289I,4.0,0.34614325
2024-10,Смік,216289I,2.0,0.8645476
2024-11,Смік,216289I,0.0,0.43137452
2024-12,Смік,216289I,0.0,0.9596629
2025-01,Смік,216289I,1.0,0.57903457
2025-02,Смік,216289I,0.0,0.5478446
2025-03,Смік,216289I,1.0,0.14445485
2025-04,Смік,216289I,4.0,0.09325527
2025-05,Смік,216289I,3.0,0.5024965
2025-06,Смік,216289I,2.0,0.4866498
2024-07,Чарівник,216289I,0.0,0.0
2024-08,Чарівник,216289I,0.0,0.0
2024-09,Чарівник,216289I,0.0,0.0
2024-10,Чарівник,216289I,1.0,0.0
2024-11,Чарівник,216289I,0.0,0.0
2024-12,Чарівник,216289I,0.0,0.0
2025-01,Чарівник,216289I,0.0,0.0
2025-02,Чарівник,216289I,0.0,0.0
2025-03,Чарівник,216289I,1.0,0.0
2025-04,Чарівник,216289I,0.0,0.0
2025-05,Чарівник,216289I,0.0,0.0
2025-06,Чарівник,216289I,0.0,0.0
2024-07,Чудо Острів,216289I,15.0,6.117607
2024-08,Чудо Острів,216289I,6.0,4.093359
2024-09,Чудо Острів,216289I,5.0,3.5086656
2024-10,Чудо Острів,216289I,21.0,6.843248
2024-11,Чудо Острів,216289I,15.0,9.842935
2024-12,Чудо Острів,216289I,16.0,12.868966
2025-01,Чудо Острів,216289I,9.0,5.1064143
2025-02,Чудо Острів,216289I,4.0,4.66035
2025-03,Чудо Острів,216289I,11.0,3.9724686
2025-04,Чудо Острів,216289I,15.0,3.859349
2025-05,Чудо Острів,216289I,8.0,4.6548533
2025-06,Чудо Острів,216289I,11.0,4.48566
2024-07,ІМ-МауДау,216314_I,2.0,0.13715489
2024-08,ІМ-МауДау,216314_I,0.0,0.18322049
2024-09,ІМ-МауДау,216314_I,0.0,0.0
2024-10,ІМ-МауДау,216314_I,0.0,0.0
2024-11,ІМ-МауДау,216314_I,0.0,0.0
2024-12,ІМ-МауДау,216314_I,0.0,0.038378004
2025-01,ІМ-МауДау,216314_I,0.0,0.0
2025-02,ІМ-МауДау,216314_I,0.0,0.0
2025-03,ІМ-МауДау,216314_I,0.0,0.0
2025-04,ІМ-МауДау,216314_I,2.0,0.030787515
2025-05,ІМ-МауДау,216314_I,0.0,0.0
2025-06,ІМ-МауДау,216314_I,0.0,0.0
2024-07,Антошка,216314_I,65.0,34.623676
2024-08,Антошка,216314_I,56.0,39.20175
2024-09,Антошка,216314_I,50.0,26.85275
2024-10,Антошка,216314_I,57.0,36.938423
2024-11,Антошка,216314_I,69.0,37.15098
2024-12,Антошка,216314_I,100.0,50.07062
2025-01,Антошка,216314_I,48.0,32.909332
2025-02,Антошка,216314_I,45.0,22.062153
2025-03,Антошка,216314_I,36.0,22.364965
2025-04,Антошка,216314_I,44.0,23.030231
2025-05,Антошка,216314_I,50.0,33.092148
2025-06,Антошка,216314_I,30.0,22.485855
2024-07,БІ,216314_I,76.0,48.7552
2024-08,БІ,216314_I,94.0,48.388275
2024-09,БІ,216314_I,64.0,42.158474
2024-10,БІ,216314_I,99.0,44.424255
2024-11,БІ,216314_I,86.0,45.20667
2024-12,БІ,216314_I,119.0,65.38308
2025-01,БІ,216314_I,69.0,31.060207
2025-02,БІ,216314_I,53.0,27.731438
2025-03,БІ,216314_I,55.0,25.665943
2025-04,БІ,216314_I,99.0,43.678455
2025-05,БІ,216314_I,94.0,41.240463
2025-06,БІ,216314_I,45.0,34.098183
2024-07,Епіцентр,216314_I,26.0,7.5720234
2024-08,Епіцентр,216314_I,30.0,8.391999
2024-09,Епіцентр,216314_I,16.0,7.3224707
2024-10,Епіцентр,216314_I,16.0,6.1199
2024-11,Епіцентр,216314_I,28.0,10.054241
2024-12,Епіцентр,216314_I,46.0,14.794152
2025-01,Епіцентр,216314_I,20.0,8.421217
2025-02,Епіцентр,216314_I,16.0,5.299993
2025-03,Епіцентр,216314_I,6.0,4.8828793
2025-04,Епіцентр,216314_I,0.0,2.9399748
2025-05,Епіцентр,216314_I,13.0,8.20653
2025-06,Епіцентр,216314_I,20.0,6.1194725
2024-07,МайПлей,216314_I,8.0,5.1654253
2024-08,МайПлей,216314_I,9.0,5.227457
2024-09,МайПлей,216314_I,6.0,3.3432097
2024-10,МайПлей,216314_I,12.0,4.899387
2024-11,МайПлей,216314_I,13.0,5.428542
2024-12,МайПлей,216314_I,17.0,7.636437
2025-01,МайПлей,216314_I,3.0,2.5335047
2025-02,МайПлей,216314_I,2.0,1.050816
2025-03,МайПлей,216314_I,1.0,1.857822
2025-04,МайПлей,216314_I,8.0,4.7830653
2025-05,МайПлей,216314_I,7.0,2.7198436
2025-06,МайПлей,216314_I,6.0,2.0347242
2024-07,Мегамаркет,216314_I,1.0,0.044564594
2024-08,Мегамаркет,216314_I,0.0,0.14340168
2024-09,Мегамаркет,216314_I,1.0,0.0
2024-10,Мегамаркет,216314_I,1.0,0.0
2024-11,Мегамаркет,216314_I,0.0,0.0
2024-12,Мегамаркет,216314_I,1.0,0.03908078
2025-01,Мегамаркет,216314_I,0.0,0.0
2025-02,Мегамаркет,216314_I,1.0,0.0
2025-03,Мегамаркет,216314_I,0.0,0.0
2025-04,Мегамаркет,216314_I,0.0,0.0
2025-05,Мегамаркет,216314_I,0.0,0.0
2025-06,Мегамаркет,216314_I,0.0,0.0
2024-07,Монако,216314_I,1.0,0.40836316
2024-08,Монако,216314_I,2.0,0.46581635
2024-09,Монако,216314_I,0.0,0.0
2024-10,Монако,216314_I,0.0,0.09644567
2024-11,Монако,216314_I,9.0,0.6505176
2024-12,Монако,216314_I,0.0,0.33925897
2025-01,Монако,216314_I,0.0,0.0
2025-02,Монако,216314_I,0.0,0.0
2025-03,Монако,216314_I,3.0,0.47398904
2025-04,Монако,216314_I,0.0,0.0
2025-05,Монако,216314_I,0.0,0.0
2025-06,Монако,216314_I,0.0,0.0
2024-07,Росицька ФОП,216314_I,1.0,0.3321438
2024-08,Росицька ФОП,216314_I,1.0,0.10439997
2024-09,Росицька ФОП,216314_I,0.0,0.0
2024-10,Росицька ФОП,216314_I,0.0,0.0
2024-11,Росицька ФОП,216314_I,0.0,0.0
2024-12,Росицька ФОП,216314_I,0.0,0.0
2025-01,Росицька ФОП,216314_I,0.0,0.0
2025-02,Росицька ФОП,216314_I,0.0,0.0
2025-03,Росицька ФОП,216314_I,0.0,0.0
2025-04,Росицька ФОП,216314_I,3.0,0.37270066
2025-05,Росицька ФОП,216314_I,0.0,0.0
2025-06,Росицька ФОП,216314_I,0.0,0.0
2024-07,Смік,216314_I,3.0,0.45441437
2024-08,Смік,216314_I,4.0,0.7033317
2024-09,Смік,216314_I,2.0,0.0
2024-10,Смік,216314_I,0.0,0.0
2024-11,Смік,216314_I,0.0,0.0
2024-12,Смік,216314_I,12.0,0.79819816
2025-01,Смік,216314_I,3.0,2.420728
2025-02,Смік,216314_I,0.0,0.8818779
2025-03,Смік,216314_I,2.0,0.10227145
2025-04,Смік,216314_I,0.0,0.5240186
2025-05,Смік,216314_I,2.0,0.0
2025-06,Смік,216314_I,2.0,0.0
2024-07,Чудо Острів,216314_I,33.0,12.823245
2024-08,Чудо Острів,216314_I,16.0,14.033029
2024-09,Чудо Острів,216314_I,15.0,7.0377784
2024-10,Чудо Острів,216314_I,21.0,9.213357
2024-11,Чудо Острів,216314_I,28.0,13.667972
2024-12,Чудо Острів,216314_I,48.0,21.83016
2025-01,Чудо Острів,216314_I,25.0,15.189086
2025-02,Чудо Острів,216314_I,23.0,11.017961
2025-03,Чудо Острів,216314_I,21.0,11.813896
2025-04,Чудо Острів,216314_I,34.0,14.345706
2025-05,Чудо Острів,216314_I,31.0,21.557291
2025-06,Чудо Острів,216314_I,24.0,13.377362
2024-07,ІМ-МауДау,216320I,0.0,0.23565044
2024-08,ІМ-МауДау,216320I,1.0,0.14683446
2024-09,ІМ-МауДау,216320I,1.0,0.10415762
2024-10,ІМ-МауДау,216320I,0.0,0.0
2024-11,ІМ-МауДау,216320I,0.0,0.0
2024-12,ІМ-МауДау,216320I,0.0,0.0
2025-01,ІМ-МауДау,216320I,0.0,0.0
2025-02,ІМ-МауДау,216320I,0.0,0.0
2025-03,ІМ-МауДау,216320I,0.0,0.0
2025-04,ІМ-МауДау,216320I,0.0,0.0
2025-05,ІМ-МауДау,216320I,0.0,0.0
2025-06,ІМ-МауДау,216320I,1.0,0.0
2024-07,ІМ-Розетка,216320I,0.0,0.22677597
2024-08,ІМ-Розетка,216320I,1.0,0.41117945
2024-09,ІМ-Розетка,216320I,1.0,0.2782866
2024-10,ІМ-Розетка,216320I,0.0,0.0
2024-11,ІМ-Розетка,216320I,1.0,0.51323634
2024-12,ІМ-Розетка,216320I,0.0,1.408183
2025-01,ІМ-Розетка,216320I,0.0,0.0
2025-02,ІМ-Розетка,216320I,1.0,0.029908197
2025-03,ІМ-Розетка,216320I,1.0,0.31831172
2025-04,ІМ-Розетка,216320I,1.0,0.13229674
2025-05,ІМ-Розетка,216320I,1.0,0.06282662
2025-06,ІМ-Розетка,216320I,2.0,0.14872684
2024-07,Антошка,216320I,7.0,4.32656
2024-08,Антошка,216320I,6.0,2.6792488
2024-09,Антошка,216320I,4.0,2.2311234
2024-10,Антошка,216320I,6.0,2.4209368
2024-11,Антошка,216320I,3.0,1.98258
2024-12,Антошка,216320I,7.0,3.8867633
2025-01,Антошка,216320I,4.0,2.1985285
2025-02,Антошка,216320I,9.0,3.124061
2025-03,Антошка,216320I,7.0,3.322008
2025-04,Антошка,216320I,5.0,1.5764381
2025-05,Антошка,216320I,9.0,2.3729055
2025-06,Антошка,216320I,4.0,3.3626406
2024-07,БІ,216320I,31.0,13.508457
2024-08,БІ,216320I,17.0,11.605199
2024-09,БІ,216320I,13.0,7.9247003
2024-10,БІ,216320I,16.0,7.6513186
2024-11,БІ,216320I,10.0,8.775974
2024-12,БІ,216320I,29.0,12.537492
2025-01,БІ,216320I,13.0,9.485896
2025-02,БІ,216320I,25.0,11.691833
2025-03,БІ,216320I,20.0,14.051861
2025-04,БІ,216320I,6.0,6.453688
2025-05,БІ,216320I,10.0,4.1286116
2025-06,БІ,216320I,15.0,3.8080807
2024-07,Епіцентр,216320I,7.0,2.1050544
2024-08,Епіцентр,216320I,5.0,1.7318249
2024-09,Епіцентр,216320I,5.0,1.3990471
2024-10,Епіцентр,216320I,4.0,1.3761635
2024-11,Епіцентр,216320I,4.0,1.8335733
2024-12,Епіцентр,216320I,4.0,3.0368662
2025-01,Епіцентр,216320I,3.0,1.0067207
2025-02,Епіцентр,216320I,2.0,1.7518212
2025-03,Епіцентр,216320I,5.0,1.4436654
2025-04,Епіцентр,216320I,0.0,1.2859951
2025-05,Епіцентр,216320I,5.0,1.0044323
2025-06,Епіцентр,216320I,1.0,0.9972915
2024-07,МайПлей,216320I,3.0,2.460081
2024-08,МайПлей,216320I,2.0,1.5446273
2024-09,МайПлей,216320I,6.0,1.2762685
2024-10,МайПлей,216320I,3.0,1.4295194
2024-11,МайПлей,216320I,0.0,0.9409588
2024-12,МайПлей,216320I,4.0,1.6647528
2025-01,МайПлей,216320I,1.0,0.92804927
2025-02,МайПлей,216320I,2.0,1.384256
2025-03,МайПлей,216320I,5.0,1.6477607
2025-04,МайПлей,216320I,0.0,1.5941179
2025-05,МайПлей,216320I,5.0,0.75809085
2025-06,МайПлей,216320I,4.0,1.4630088
2024-07,Мегамаркет,216320I,1.0,0.27365798
2024-08,Мегамаркет,216320I,1.0,0.105941735
2024-09,Мегамаркет,216320I,2.0,0.0
2024-10,Мегамаркет,216320I,2.0,0.0
2024-11,Мегамаркет,216320I,0.0,0.0
2024-12,Мегамаркет,216320I,0.0,0.02694678
2025-01,Мегамаркет,216320I,0.0,0.0
2025-02,Мегамаркет,216320I,0.0,0.0
2025-03,Мегамаркет,216320I,1.0,0.0
2025-04,Мегамаркет,216320I,1.0,0.0
2025-05,Мегамаркет,216320I,1.0,0.0
2025-06,Мегамаркет,216320I,2.0,0.0
2024-07,Монако,216320I,0.0,0.0
2024-08,Монако,216320I,2.0,0.4273519
2024-09,Монако,216320I,0.0,0.008717706
2024-10,Монако,216320I,2.0,0.38705876
2024-11,Монако,216320I,4.0,0.5453123
2024-12,Монако,216320I,0.0,0.0
2025-01,Монако,216320I,0.0,0.0
2025-02,Монако,216320I,0.0,0.05026964
2025-03,Монако,216320I,0.0,0.0
2025-04,Монако,216320I,0.0,0.0
2025-05,Монако,216320I,0.0,0.0
2025-06,Монако,216320I,0.0,0.0
2024-07,Новая Лінія,216320I,0.0,0.0
2024-08,Новая Лінія,216320I,0.0,0.0
2024-09,Новая Лінія,216320I,1.0,0.0
2024-10,Новая Лінія,216320I,0.0,0.0
2024-11,Новая Лінія,216320I,1.0,0.0
2024-12,Новая Лінія,216320I,2.0,0.0
2025-01,Новая Лінія,216320I,0.0,0.0
2025-02,Новая Лінія,216320I,1.0,0.0
2025-03,Новая Лінія,216320I,1.0,0.0
2025-04,Новая Лінія,216320I,0.0,0.0
2025-05,Новая Лінія,216320I,0.0,0.0
2025-06,Новая Лінія,216320I,0.0,0.0
2024-07,РОСТ,216320I,2.0,0.0
2024-08,РОСТ,216320I,0.0,0.0
2024-09,РОСТ,216320I,0.0,0.0
2024-10,РОСТ,216320I,0.0,0.0
2024-11,РОСТ,216320I,0.0,0.0
2024-12,РОСТ,216320I,0.0,0.0
2025-01,РОСТ,216320I,0.0,0.0
2025-02,РОСТ,216320I,1.0,0.0
2025-03,РОСТ,216320I,1.0,0.0
2025-04,РОСТ,216320I,0.0,0.0
2025-05,РОСТ,216320I,0.0,0.0
2025-06,РОСТ,216320I,0.0,0.0
2024-07,Смік,216320I,5.0,0.47060177
2024-08,Смік,216320I,5.0,1.1401838
2024-09,Смік,216320I,3.0,1.1964751
2024-10,Смік,216320I,0.0,0.5974312
2024-11,Смік,216320I,0.0,0.37047836
2024-12,Смік,216320I,0.0,0.617093
2025-01,Смік,216320I,1.0,0.13712655
2025-02,Смік,216320I,1.0,0.5972356
2025-03,Смік,216320I,3.0,0.8190263
2025-04,Смік,216320I,2.0,0.576789
2025-05,Смік,216320I,1.0,0.4663616
2025-06,Смік,216320I,0.0,0.63823414
2024-07,Чарівник,216320I,2.0,0.0
2024-08,Чарівник,216320I,0.0,0.0
2024-09,Чарівник,216320I,0.0,0.0
2024-10,Чарівник,216320I,0.0,0.0
2024-11,Чарівник,216320I,1.0,0.0
2024-12,Чарівник,216320I,0.0,0.0
2025-01,Чарівник,216320I,0.0,0.0
2025-02,Чарівник,216320I,0.0,0.0
2025-03,Чарівник,216320I,1.0,0.0
2025-04,Чарівник,216320I,0.0,0.0
2025-05,Чарівник,216320I,0.0,0.0
2025-06,Чарівник,216320I,2.0,0.0
2024-07,Чудо Острів,216320I,12.0,5.149454
2024-08,Чудо Острів,216320I,6.0,3.4760146
2024-09,Чудо Острів,216320I,3.0,2.4023247
2024-10,Чудо Острів,216320I,2.0,2.283559
2024-11,Чудо Острів,216320I,2.0,2.2159338
2024-12,Чудо Острів,216320I,15.0,3.8827596
2025-01,Чудо Острів,216320I,5.0,3.2279627
2025-02,Чудо Острів,216320I,14.0,4.4820843
2025-03,Чудо Острів,216320I,15.0,6.462246
2025-04,Чудо Острів,216320I,16.0,4.769324
2025-05,Чудо Острів,216320I,4.0,8.232967
2025-06,Чудо Острів,216320I,8.0,3.423589
2024-07,ІМ-МауДау,216429I,0.0,0.5703823
2024-08,ІМ-МауДау,216429I,1.0,0.31162015
2024-09,ІМ-МауДау,216429I,1.0,0.115587994
2024-10,ІМ-МауДау,216429I,2.0,0.35853192
2024-11,ІМ-МауДау,216429I,1.0,0.53288305
2024-12,ІМ-МауДау,216429I,1.0,0.80395216
2025-01,ІМ-МауДау,216429I,2.0,0.70194453
2025-02,ІМ-МауДау,216429I,1.0,0.47137806
2025-03,ІМ-МауДау,216429I,0.0,0.0
2025-04,ІМ-МауДау,216429I,0.0,0.0
2025-05,ІМ-МауДау,216429I,0.0,0.0
2025-06,ІМ-МауДау,216429I,0.0,0.0
2024-07,ІМ-Розетка,216429I,1.0,0.7309329
2024-08,ІМ-Розетка,216429I,0.0,0.049414486
2024-09,ІМ-Розетка,216429I,0.0,0.023521151
2024-10,ІМ-Розетка,216429I,3.0,0.90778077
2024-11,ІМ-Розетка,216429I,3.0,1.8270969
2024-12,ІМ-Розетка,216429I,9.0,3.6654944
2025-01,ІМ-Розетка,216429I,3.0,1.8321027
2025-02,ІМ-Розетка,216429I,0.0,0.0023578145
2025-03,ІМ-Розетка,216429I,0.0,0.0
2025-04,ІМ-Розетка,216429I,0.0,0.0
2025-05,ІМ-Розетка,216429I,0.0,0.0
2025-06,ІМ-Розетка,216429I,0.0,0.0
2024-07,Антошка,216429I,11.0,4.8213716
2024-08,Антошка,216429I,17.0,4.919573
2024-09,Антошка,216429I,10.0,5.503275
2024-10,Антошка,216429I,8.0,5.6113286
2024-11,Антошка,216429I,9.0,4.7383304
2024-12,Антошка,216429I,13.0,9.956512
2025-01,Антошка,216429I,8.0,6.7091947
2025-02,Антошка,216429I,15.0,4.345879
2025-03,Антошка,216429I,9.0,4.898352
2025-04,Антошка,216429I,9.0,4.527982
2025-05,Антошка,216429I,17.0,5.453792
2025-06,Антошка,216429I,10.0,4.524595
2024-07,БІ,216429I,57.0,37.35992
2024-08,БІ,216429I,58.0,37.64025
2024-09,БІ,216429I,57.0,34.918846
2024-10,БІ,216429I,70.0,35.485146
2024-11,БІ,216429I,73.0,38.413692
2024-12,БІ,216429I,132.0,62.555172
2025-01,БІ,216429I,111.0,41.00426
2025-02,БІ,216429I,66.0,41.101395
2025-03,БІ,216429I,67.0,32.24205
2025-04,БІ,216429I,60.0,36.381386
2025-05,БІ,216429I,53.0,29.160992
2025-06,БІ,216429I,42.0,24.876833
2024-07,Епіцентр,216429I,13.0,3.6840985
2024-08,Епіцентр,216429I,10.0,3.756448
2024-09,Епіцентр,216429I,13.0,3.986405
2024-10,Епіцентр,216429I,11.0,3.96707
2024-11,Епіцентр,216429I,14.0,5.2745385
2024-12,Епіцентр,216429I,22.0,9.482217
2025-01,Епіцентр,216429I,13.0,6.916908
2025-02,Епіцентр,216429I,11.0,4.2133865
2025-03,Епіцентр,216429I,9.0,3.5823143
2025-04,Епіцентр,216429I,0.0,2.3236828
2025-05,Епіцентр,216429I,9.0,2.0459902
2025-06,Епіцентр,216429I,5.0,3.0897038
2024-07,Країна Казок,216429I,0.0,0.0
2024-08,Країна Казок,216429I,0.0,0.0
2024-09,Країна Казок,216429I,1.0,0.0
2024-10,Країна Казок,216429I,0.0,0.0
2024-11,Країна Казок,216429I,0.0,0.0
2024-12,Країна Казок,216429I,1.0,0.0
2025-01,Країна Казок,216429I,0.0,0.0
2025-02,Країна Казок,216429I,0.0,0.0
2025-03,Країна Казок,216429I,1.0,0.0
2025-04,Країна Казок,216429I,0.0,0.0
2025-05,Країна Казок,216429I,1.0,0.0
2025-06,Країна Казок,216429I,1.0,0.0
2024-07,МайПлей,216429I,3.0,1.8275682
2024-08,МайПлей,216429I,9.0,1.7126895
2024-09,МайПлей,216429I,6.0,2.4691126
2024-10,МайПлей,216429I,5.0,2.5713902
2024-11,МайПлей,216429I,7.0,2.9021993
2024-12,МайПлей,216429I,13.0,6.2364964
2025-01,МайПлей,216429I,10.0,4.803351
2025-02,МайПлей,216429I,5.0,2.8526807
2025-03,МайПлей,216429I,3.0,2.097468
2025-04,МайПлей,216429I,6.0,1.7172948
2025-05,МайПлей,216429I,3.0,1.071749
2025-06,МайПлей,216429I,2.0,0.80540246
2024-07,Мегамаркет,216429I,1.0,0.023645552
2024-08,Мегамаркет,216429I,0.0,0.0
2024-09,Мегамаркет,216429I,1.0,0.0
2024-10,Мегамаркет,216429I,1.0,0.0
2024-11,Мегамаркет,216429I,1.0,0.107279256
2024-12,Мегамаркет,216429I,2.0,0.15328765
2025-01,Мегамаркет,216429I,1.0,0.0
2025-02,Мегамаркет,216429I,1.0,0.0
2025-03,Мегамаркет,216429I,0.0,0.0
2025-04,Мегамаркет,216429I,0.0,0.0
2025-05,Мегамаркет,216429I,0.0,0.0
2025-06,Мегамаркет,216429I,0.0,0.0
2024-07,Монако,216429I,0.0,0.0
2024-08,Монако,216429I,0.0,0.0916058
2024-09,Монако,216429I,2.0,0.5264827
2024-10,Монако,216429I,1.0,0.27255365
2024-11,Монако,216429I,0.0,0.09579416
2024-12,Монако,216429I,0.0,0.069598295
2025-01,Монако,216429I,0.0,0.0
2025-02,Монако,216429I,0.0,0.0
2025-03,Монако,216429I,1.0,0.0
2025-04,Монако,216429I,0.0,0.0
2025-05,Монако,216429I,0.0,0.0
2025-06,Монако,216429I,0.0,0.0
2024-07,Росицька ФОП,216429I,0.0,0.0
2024-08,Росицька ФОП,216429I,0.0,0.0
2024-09,Росицька ФОП,216429I,0.0,0.0
2024-10,Росицька ФОП,216429I,1.0,0.0
2024-11,Росицька ФОП,216429I,1.0,0.0
2024-12,Росицька ФОП,216429I,3.0,0.24299711
2025-01,Росицька ФОП,216429I,0.0,0.10007242
2025-02,Росицька ФОП,216429I,0.0,0.0
2025-03,Росицька ФОП,216429I,0.0,0.0
2025-04,Росицька ФОП,216429I,2.0,0.0
2025-05,Росицька ФОП,216429I,1.0,0.0
2025-06,Росицька ФОП,216429I,2.0,0.0
2024-07,Смік,216429I,1.0,0.032679934
2024-08,Смік,216429I,0.0,0.18267708
2024-09,Смік,216429I,1.0,0.0
2024-10,Смік,216429I,0.0,0.0
2024-11,Смік,216429I,0.0,0.0
2024-12,Смік,216429I,0.0,0.0
2025-01,Смік,216429I,0.0,0.0
2025-02,Смік,216429I,0.0,0.0
2025-03,Смік,216429I,1.0,0.0
2025-04,Смік,216429I,1.0,0.0
2025-05,Смік,216429I,1.0,0.0
2025-06,Смік,216429I,0.0,0.0
2024-07,Чудо Острів,216429I,10.0,6.995742
2024-08,Чудо Острів,216429I,17.0,6.7677174
2024-09,Чудо Острів,216429I,18.0,7.992433
2024-10,Чудо Острів,216429I,8.0,7.602824
2024-11,Чудо Острів,216429I,19.0,7.2913313
2024-12,Чудо Острів,216429I,29.0,20.161154
2025-01,Чудо Острів,216429I,25.0,13.388692
2025-02,Чудо Острів,216429I,14.0,10.439036
2025-03,Чудо Острів,216429I,19.0,7.9238877
2025-04,Чудо Острів,216429I,14.0,9.449638
2025-05,Чудо Острів,216429I,13.0,8.457967
2025-06,Чудо Острів,216429I,16.0,6.619042
2024-07,ІМ-МауДау,216569,0.0,0.0
2024-08,ІМ-МауДау,216569,1.0,0.2923903
2024-09,ІМ-МауДау,216569,0.0,0.0
2024-10,ІМ-МауДау,216569,0.0,0.0
2024-11,ІМ-МауДау,216569,0.0,0.0
2024-12,ІМ-МауДау,216569,0.0,0.0
2025-01,ІМ-МауДау,216569,0.0,0.0
2025-02,ІМ-МауДау,216569,0.0,0.0
2025-03,ІМ-МауДау,216569,0.0,0.0
2025-04,ІМ-МауДау,216569,0.0,0.0
2025-05,ІМ-МауДау,216569,8.0,0.25418022
2025-06,ІМ-МауДау,216569,0.0,0.23965614
2024-07,Антошка,216569,63.0,29.083574
2024-08,Антошка,216569,66.0,43.312145
2024-09,Антошка,216569,34.0,33.25165
2024-10,Антошка,216569,48.0,31.509817
2024-11,Антошка,216569,65.0,33.85232
2024-12,Антошка,216569,70.0,44.5387
2025-01,Антошка,216569,28.0,20.29111
2025-02,Антошка,216569,26.0,12.43768
2025-03,Антошка,216569,16.0,17.033558
2025-04,Антошка,216569,63.0,19.14343
2025-05,Антошка,216569,66.0,33.498585
2025-06,Антошка,216569,55.0,31.498161
2024-07,БІ,216569,54.0,28.93133
2024-08,БІ,216569,78.0,37.254562
2024-09,БІ,216569,70.0,37.813908
2024-10,БІ,216569,81.0,38.69894
2024-11,БІ,216569,58.0,45.184555
2024-12,БІ,216569,106.0,48.48268
2025-01,БІ,216569,54.0,23.94343
2025-02,БІ,216569,25.0,20.232021
2025-03,БІ,216569,20.0,15.400676
2025-04,БІ,216569,86.0,25.734968
2025-05,БІ,216569,95.0,40.90014
2025-06,БІ,216569,65.0,32.38554
2024-07,Епіцентр,216569,10.0,4.7554135
2024-08,Епіцентр,216569,7.0,5.484519
2024-09,Епіцентр,216569,7.0,2.7100635
2024-10,Епіцентр,216569,9.0,5.1022882
2024-11,Епіцентр,216569,30.0,11.055486
2024-12,Епіцентр,216569,36.0,16.357044
2025-01,Епіцентр,216569,20.0,6.9866805
2025-02,Епіцентр,216569,20.0,5.475997
2025-03,Епіцентр,216569,11.0,4.9251585
2025-04,Епіцентр,216569,0.0,5.8953557
2025-05,Епіцентр,216569,18.0,8.134278
2025-06,Епіцентр,216569,23.0,7.1961684
2024-07,МайПлей,216569,5.0,2.619099
2024-08,МайПлей,216569,14.0,6.442586
2024-09,МайПлей,216569,5.0,3.7516341
2024-10,МайПлей,216569,9.0,4.732117
2024-11,МайПлей,216569,13.0,4.767356
2024-12,МайПлей,216569,11.0,6.4628296
2025-01,МайПлей,216569,3.0,1.6588343
2025-02,МайПлей,216569,0.0,0.0
2025-03,МайПлей,216569,0.0,0.78709155
2025-04,МайПлей,216569,14.0,3.2400014
2025-05,МайПлей,216569,20.0,4.8693614
2025-06,МайПлей,216569,9.0,4.3516397
2024-07,Монако,216569,0.0,0.0
2024-08,Монако,216569,5.0,0.5703916
2024-09,Монако,216569,0.0,0.04280105
2024-10,Монако,216569,4.0,0.73255914
2024-11,Монако,216569,10.0,1.0443023
2024-12,Монако,216569,0.0,0.026810167
2025-01,Монако,216569,0.0,0.0
2025-02,Монако,216569,0.0,0.0
2025-03,Монако,216569,5.0,0.38230288
2025-04,Монако,216569,0.0,0.09231856
2025-05,Монако,216569,0.0,0.0
2025-06,Монако,216569,0.0,0.0
2024-07,Чудо Острів,216569,14.0,5.7675986
2024-08,Чудо Острів,216569,24.0,11.801153
2024-09,Чудо Острів,216569,10.0,7.4931507
2024-10,Чудо Острів,216569,30.0,6.699982
2024-11,Чудо Острів,216569,12.0,16.095112
2024-12,Чудо Острів,216569,38.0,14.141437
2025-01,Чудо Острів,216569,22.0,10.4576845
2025-02,Чудо Острів,216569,7.0,7.783085
2025-03,Чудо Острів,216569,17.0,5.527089
2025-04,Чудо Острів,216569,35.0,8.802136
2025-05,Чудо Острів,216569,36.0,25.971704
2025-06,Чудо Острів,216569,28.0,14.869111
2024-07,Антошка,216570I,8.0,3.8297377
2024-08,Антошка,216570I,9.0,4.492502
2024-09,Антошка,216570I,9.0,4.2331033
2024-10,Антошка,216570I,13.0,6.172115
2024-11,Антошка,216570I,4.0,6.554757
2024-12,Антошка,216570I,7.0,5.2483077
2025-01,Антошка,216570I,4.0,2.335925
2025-02,Антошка,216570I,5.0,1.548603
2025-03,Антошка,216570I,6.0,1.724786
2025-04,Антошка,216570I,8.0,1.3983213
2025-05,Антошка,216570I,0.0,1.6805843
2025-06,Антошка,216570I,1.0,1.0408041
2024-07,БІ,216570I,26.0,13.596118
2024-08,БІ,216570I,28.0,14.08957
2024-09,БІ,216570I,20.0,12.3277235
2024-10,БІ,216570I,39.0,17.838175
2024-11,БІ,216570I,27.0,19.474487
2024-12,БІ,216570I,37.0,23.109713
2025-01,БІ,216570I,21.0,12.410189
2025-02,БІ,216570I,16.0,10.4259615
2025-03,БІ,216570I,14.0,9.47246
2025-04,БІ,216570I,6.0,7.755875
2025-05,БІ,216570I,16.0,4.9220333
2025-06,БІ,216570I,10.0,5.907957
2024-07,Епіцентр,216570I,8.0,2.7516563
2024-08,Епіцентр,216570I,12.0,2.5110426
2024-09,Епіцентр,216570I,5.0,3.633045
2024-10,Епіцентр,216570I,14.0,4.280116
2024-11,Епіцентр,216570I,9.0,5.3891525
2024-12,Епіцентр,216570I,16.0,6.136809
2025-01,Епіцентр,216570I,10.0,3.118212
2025-02,Епіцентр,216570I,6.0,2.612492
2025-03,Епіцентр,216570I,4.0,2.2526512
2025-04,Епіцентр,216570I,0.0,0.2451122
2025-05,Епіцентр,216570I,5.0,1.1171565
2025-06,Епіцентр,216570I,3.0,1.2761899
2024-07,Клас,216570I,2.0,0.0
2024-08,Клас,216570I,1.0,0.0
2024-09,Клас,216570I,1.0,0.0
2024-10,Клас,216570I,0.0,0.0
2024-11,Клас,216570I,0.0,0.0
2024-12,Клас,216570I,1.0,0.0034289602
2025-01,Клас,216570I,0.0,0.0
2025-02,Клас,216570I,0.0,0.0
2025-03,Клас,216570I,1.0,0.0
2025-04,Клас,216570I,1.0,0.0
2025-05,Клас,216570I,0.0,0.0
2025-06,Клас,216570I,0.0,0.0
2024-07,МайПлей,216570I,3.0,1.2768202
2024-08,МайПлей,216570I,2.0,1.1867995
2024-09,МайПлей,216570I,5.0,1.269103
2024-10,МайПлей,216570I,3.0,2.6578097
2024-11,МайПлей,216570I,3.0,1.6641023
2024-12,МайПлей,216570I,6.0,2.4205306
2025-01,МайПлей,216570I,5.0,1.259278
2025-02,МайПлей,216570I,3.0,1.132807
2025-03,МайПлей,216570I,3.0,1.0716659
2025-04,МайПлей,216570I,2.0,0.90801084
2025-05,МайПлей,216570I,0.0,0.69113654
2025-06,МайПлей,216570I,0.0,0.27804503
2024-07,Мегамаркет,216570I,2.0,0.0
2024-08,Мегамаркет,216570I,0.0,0.0
2024-09,Мегамаркет,216570I,1.0,0.0
2024-10,Мегамаркет,216570I,1.0,0.1711012
2024-11,Мегамаркет,216570I,0.0,0.0
2024-12,Мегамаркет,216570I,1.0,0.045159668
2025-01,Мегамаркет,216570I,2.0,2.02656e-06
2025-02,Мегамаркет,216570I,0.0,0.0
2025-03,Мегамаркет,216570I,0.0,0.0
2025-04,Мегамаркет,216570I,0.0,0.0
2025-05,Мегамаркет,216570I,2.0,0.0
2025-06,Мегамаркет,216570I,0.0,0.0
2024-07,Монако,216570I,0.0,0.14152284
2024-08,Монако,216570I,2.0,0.8978042
2024-09,Монако,216570I,1.0,0.74083763
2024-10,Монако,216570I,1.0,0.69530815
2024-11,Монако,216570I,1.0,1.0190144
2024-12,Монако,216570I,0.0,0.0
2025-01,Монако,216570I,0.0,0.0
2025-02,Монако,216570I,0.0,0.0
2025-03,Монако,216570I,0.0,0.0
2025-04,Монако,216570I,0.0,0.0
2025-05,Монако,216570I,0.0,0.0
2025-06,Монако,216570I,0.0,0.0
2024-07,Новая Лінія,216570I,0.0,0.0
2024-08,Новая Лінія,216570I,0.0,0.0
2024-09,Новая Лінія,216570I,0.0,0.0
2024-10,Новая Лінія,216570I,1.0,0.0
2024-11,Новая Лінія,216570I,1.0,0.0
2024-12,Новая Лінія,216570I,1.0,0.0
2025-01,Новая Лінія,216570I,0.0,0.0
2025-02,Новая Лінія,216570I,0.0,0.0
2025-03,Новая Лінія,216570I,0.0,0.0
2025-04,Новая Лінія,216570I,0.0,0.0
2025-05,Новая Лінія,216570I,0.0,0.0
2025-06,Новая Лінія,216570I,1.0,0.0
2024-07,Росицька ФОП,216570I,0.0,0.0
2024-08,Росицька ФОП,216570I,2.0,0.0
2024-09,Росицька ФОП,216570I,1.0,0.0
2024-10,Росицька ФОП,216570I,0.0,0.0
2024-11,Росицька ФОП,216570I,1.0,0.0
2024-12,Росицька ФОП,216570I,0.0,0.0
2025-01,Росицька ФОП,216570I,0.0,0.0
2025-02,Росицька ФОП,216570I,1.0,0.0
2025-03,Росицька ФОП,216570I,1.0,0.0
2025-04,Росицька ФОП,216570I,0.0,0.0
2025-05,Росицька ФОП,216570I,1.0,0.0
2025-06,Росицька ФОП,216570I,0.0,0.0
2024-07,Смік,216570I,2.0,0.6033198
2024-08,Смік,216570I,0.0,0.7157015
2024-09,Смік,216570I,1.0,0.44251838
2024-10,Смік,216570I,0.0,0.37856627
2024-11,Смік,216570I,3.0,0.012128899
2024-12,Смік,216570I,1.0,0.7411384
2025-01,Смік,216570I,4.0,0.47158065
2025-02,Смік,216570I,0.0,0.0
2025-03,Смік,216570I,0.0,0.0
2025-04,Смік,216570I,1.0,0.11738206
2025-05,Смік,216570I,0.0,0.21863936
2025-06,Смік,216570I,0.0,0.0
2024-07,Чудо Острів,216570I,5.0,4.4247837
2024-08,Чудо Острів,216570I,16.0,4.1500645
2024-09,Чудо Острів,216570I,15.0,5.973643
2024-10,Чудо Острів,216570I,7.0,9.242022
2024-11,Чудо Острів,216570I,11.0,6.738089
2024-12,Чудо Острів,216570I,19.0,9.670678
2025-01,Чудо Острів,216570I,8.0,5.663719
2025-02,Чудо Острів,216570I,7.0,4.4410944
2025-03,Чудо Острів,216570I,6.0,5.0308824
2025-04,Чудо Острів,216570I,3.0,3.6471257
2025-05,Чудо Острів,216570I,5.0,2.7595172
2025-06,Чудо Острів,216570I,8.0,2.920492
2024-07,ІМ-МауДау,216571,1.0,0.26745212
2024-08,ІМ-МауДау,216571,0.0,0.103190064
2024-09,ІМ-МауДау,216571,0.0,0.025399743
2024-10,ІМ-МауДау,216571,0.0,0.0051126797
2024-11,ІМ-МауДау,216571,0.0,0.0
2024-12,ІМ-МауДау,216571,1.0,0.33849272
2025-01,ІМ-МауДау,216571,5.0,0.27560017
2025-02,ІМ-МауДау,216571,0.0,0.03566066
2025-03,ІМ-МауДау,216571,0.0,0.0
2025-04,ІМ-МауДау,216571,0.0,0.0
2025-05,ІМ-МауДау,216571,0.0,0.0
2025-06,ІМ-МауДау,216571,0.0,0.0
2024-07,Антошка,216571,16.0,13.663573
2024-08,Антошка,216571,20.0,10.116148
2024-09,Антошка,216571,12.0,8.640781
2024-10,Антошка,216571,18.0,8.637006
2024-11,Антошка,216571,16.0,10.253635
2024-12,Антошка,216571,31.0,20.003296
2025-01,Антошка,216571,26.0,13.200663
2025-02,Антошка,216571,20.0,11.399839
2025-03,Антошка,216571,28.0,10.046023
2025-04,Антошка,216571,24.0,13.124977
2025-05,Антошка,216571,16.0,12.010243
2025-06,Антошка,216571,13.0,7.2609677
2024-07,БІ,216571,12.0,15.9793005
2024-08,БІ,216571,25.0,12.623352
2024-09,БІ,216571,18.0,14.15829
2024-10,БІ,216571,23.0,12.454178
2024-11,БІ,216571,37.0,17.025944
2024-12,БІ,216571,85.0,43.958008
2025-01,БІ,216571,48.0,23.686161
2025-02,БІ,216571,27.0,21.49009
2025-03,БІ,216571,35.0,15.847677
2025-04,БІ,216571,28.0,21.78229
2025-05,БІ,216571,24.0,17.096493
2025-06,БІ,216571,28.0,13.37401
2024-07,Епіцентр,216571,2.0,0.79763436
2024-08,Епіцентр,216571,4.0,0.8394343
2024-09,Епіцентр,216571,6.0,1.0785747
2024-10,Епіцентр,216571,1.0,1.1167668
2024-11,Епіцентр,216571,9.0,2.051896
2024-12,Епіцентр,216571,16.0,6.6477222
2025-01,Епіцентр,216571,10.0,4.086425
2025-02,Епіцентр,216571,6.0,2.7811189
2025-03,Епіцентр,216571,8.0,1.8552041
2025-04,Епіцентр,216571,0.0,1.7069649
2025-05,Епіцентр,216571,1.0,1.7144877
2025-06,Епіцентр,216571,4.0,1.0374993
2024-07,Казковий Світ Малюка,216571,0.0,0.0
2024-08,Казковий Світ Малюка,216571,2.0,0.0
2024-09,Казковий Світ Малюка,216571,0.0,0.0
2024-10,Казковий Світ Малюка,216571,1.0,0.04013512
2024-11,Казковий Світ Малюка,216571,1.0,0.09966341
2024-12,Казковий Світ Малюка,216571,0.0,0.0
2025-01,Казковий Світ Малюка,216571,0.0,0.0
2025-02,Казковий Світ Малюка,216571,0.0,0.0
2025-03,Казковий Світ Малюка,216571,0.0,0.0
2025-04,Казковий Світ Малюка,216571,1.0,0.04227081
2025-05,Казковий Світ Малюка,216571,0.0,0.0
2025-06,Казковий Світ Малюка,216571,0.0,0.0
2024-07,МайПлей,216571,3.0,0.8335014
2024-08,МайПлей,216571,3.0,1.1234174
2024-09,МайПлей,216571,2.0,0.879048
2024-10,МайПлей,216571,2.0,1.1151574
2024-11,МайПлей,216571,2.0,1.2674855
2024-12,МайПлей,216571,14.0,3.9653144
2025-01,МайПлей,216571,4.0,2.5199487
2025-02,МайПлей,216571,1.0,1.5752469
2025-03,МайПлей,216571,3.0,0.88578296
2025-04,МайПлей,216571,2.0,0.8677439
2025-05,МайПлей,216571,2.0,0.7329593
2025-06,МайПлей,216571,4.0,0.53207666
2024-07,Мегамаркет,216571,2.0,0.0
2024-08,Мегамаркет,216571,1.0,0.0
2024-09,Мегамаркет,216571,0.0,0.0
2024-10,Мегамаркет,216571,0.0,0.0
2024-11,Мегамаркет,216571,0.0,0.0
2024-12,Мегамаркет,216571,0.0,0.0
2025-01,Мегамаркет,216571,0.0,0.0
2025-02,Мегамаркет,216571,0.0,0.0
2025-03,Мегамаркет,216571,0.0,0.0
2025-04,Мегамаркет,216571,0.0,0.0
2025-05,Мегамаркет,216571,1.0,0.0
2025-06,Мегамаркет,216571,0.0,0.0
2024-07,Монако,216571,0.0,0.0
2024-08,Монако,216571,1.0,0.24917255
2024-09,Монако,216571,1.0,0.108216636
2024-10,Монако,216571,3.0,0.4401834
2024-11,Монако,216571,3.0,0.6414995
2024-12,Монако,216571,0.0,0.13186495
2025-01,Монако,216571,0.0,0.0348966
2025-02,Монако,216571,0.0,0.0
2025-03,Монако,216571,0.0,0.0
2025-04,Монако,216571,0.0,0.0
2025-05,Монако,216571,0.0,0.0
2025-06,Монако,216571,0.0,0.0
2024-07,СмартБі Луцьк,216571,0.0,0.0
2024-08,СмартБі Луцьк,216571,1.0,0.15916622
2024-09,СмартБі Луцьк,216571,0.0,0.0
2024-10,СмартБі Луцьк,216571,1.0,0.2099876
2024-11,СмартБі Луцьк,216571,0.0,0.0
2024-12,СмартБі Луцьк,216571,1.0,0.22834837
2025-01,СмартБі Луцьк,216571,3.0,0.27249852
2025-02,СмартБі Луцьк,216571,0.0,0.0
2025-03,СмартБі Луцьк,216571,0.0,0.0
2025-04,СмартБі Луцьк,216571,2.0,0.13946445
2025-05,СмартБі Луцьк,216571,0.0,0.0
2025-06,СмартБі Луцьк,216571,0.0,0.0
2024-07,Чудо Острів,216571,3.0,2.5521128
2024-08,Чудо Острів,216571,6.0,2.431296
2024-09,Чудо Острів,216571,6.0,2.602952
2024-10,Чудо Острів,216571,8.0,3.1740503
2024-11,Чудо Острів,216571,8.0,3.7843642
2024-12,Чудо Острів,216571,26.0,11.995661
2025-01,Чудо Острів,216571,16.0,8.858229
2025-02,Чудо Острів,216571,8.0,5.7685604
2025-03,Чудо Острів,216571,12.0,4.617467
2025-04,Чудо Острів,216571,11.0,5.998724
2025-05,Чудо Острів,216571,6.0,4.4564548
2025-06,Чудо Острів,216571,4.0,3.4803622
2024-07,Антошка,217023I,2.0,0.3425945
2024-08,Антошка,217023I,0.0,0.07610321
2024-09,Антошка,217023I,1.0,0.2682835
2024-10,Антошка,217023I,1.0,0.046060674
2024-11,Антошка,217023I,0.0,0.0
2024-12,Антошка,217023I,0.0,0.6870221
2025-01,Антошка,217023I,0.0,0.0
2025-02,Антошка,217023I,0.0,0.0
2025-03,Антошка,217023I,0.0,0.0
2025-04,Антошка,217023I,0.0,0.0
2025-05,Антошка,217023I,3.0,0.09398012
2025-06,Антошка,217023I,1.0,0.111634485
2024-07,БІ,217023I,9.0,2.93974
2024-08,БІ,217023I,9.0,3.709691
2024-09,БІ,217023I,6.0,3.1957457
2024-10,БІ,217023I,3.0,2.0352068
2024-11,БІ,217023I,3.0,2.0223422
2024-12,БІ,217023I,4.0,4.7302012
2025-01,БІ,217023I,1.0,1.3463993
2025-02,БІ,217023I,4.0,1.1267725
2025-03,БІ,217023I,1.0,1.0510384
2025-04,БІ,217023I,3.0,1.0713195
2025-05,БІ,217023I,9.0,1.0457855
2025-06,БІ,217023I,1.0,1.513142
2024-07,Антошка,227018I,0.0,0.06844384
2024-08,Антошка,227018I,4.0,0.91210526
2024-09,Антошка,227018I,3.0,1.2024369
2024-10,Антошка,227018I,1.0,0.97292054
2024-11,Антошка,227018I,2.0,0.8971417
2024-12,Антошка,227018I,3.0,2.3947098
2025-01,Антошка,227018I,5.0,0.9410428
2025-02,Антошка,227018I,3.0,1.1650268
2025-03,Антошка,227018I,0.0,0.70239407
2025-04,Антошка,227018I,1.0,0.071645446
2025-05,Антошка,227018I,2.0,0.29548237
2025-06,Антошка,227018I,2.0,0.11044029
2024-07,БІ,227018I,2.0,0.9039025
2024-08,БІ,227018I,5.0,2.145651
2024-09,БІ,227018I,6.0,1.9806514
2024-10,БІ,227018I,3.0,1.4688237
2024-11,БІ,227018I,3.0,1.5795758
2024-12,БІ,227018I,3.0,4.6601205
2025-01,БІ,227018I,1.0,1.9330872
2025-02,БІ,227018I,5.0,1.8355836
2025-03,БІ,227018I,1.0,1.5442085
2025-04,БІ,227018I,3.0,0.87852097
2025-05,БІ,227018I,4.0,0.7053169
2025-06,БІ,227018I,1.0,0.7067281
2024-07,МайПлей,227018I,1.0,0.55722034
2024-08,МайПлей,227018I,0.0,0.0
2024-09,МайПлей,227018I,1.0,0.23322362
2024-10,МайПлей,227018I,0.0,0.0
2024-11,МайПлей,227018I,0.0,0.0
2024-12,МайПлей,227018I,2.0,0.71179336
2025-01,МайПлей,227018I,0.0,0.0
2025-02,МайПлей,227018I,1.0,0.008307742
2025-03,МайПлей,227018I,1.0,0.18385032
2025-04,МайПлей,227018I,1.0,0.08827664
2025-05,МайПлей,227018I,0.0,0.0
2025-06,МайПлей,227018I,1.0,0.0
2024-07,Чудо Острів,227018I,0.0,0.0
2024-08,Чудо Острів,227018I,0.0,0.0
2024-09,Чудо Острів,227018I,0.0,0.0
2024-10,Чудо Острів,227018I,3.0,0.2864345
2024-11,Чудо Острів,227018I,1.0,0.3930132
2024-12,Чудо Острів,227018I,2.0,1.7913411
2025-01,Чудо Острів,227018I,1.0,0.5711775
2025-02,Чудо Острів,227018I,1.0,0.52678406
2025-03,Чудо Острів,227018I,2.0,0.3682994
2025-04,Чудо Острів,227018I,1.0,0.52568
2025-05,Чудо Острів,227018I,4.0,0.29917526
2025-06,Чудо Острів,227018I,0.0,0.54870135
2024-07,Антошка,302021,1.0,0.38329655
2024-08,Антошка,302021,1.0,0.6443776
2024-09,Антошка,302021,1.0,0.6632387
2024-10,Антошка,302021,4.0,0.37208298
2024-11,Антошка,302021,0.0,0.38452443
2024-12,Антошка,302021,3.0,1.5286834
2025-01,Антошка,302021,1.0,0.704924
2025-02,Антошка,302021,1.0,0.6833552
2025-03,Антошка,302021,1.0,0.518936
2025-04,Антошка,302021,0.0,0.013547349
2025-05,Антошка,302021,0.0,0.0047845496
2025-06,Антошка,302021,2.0,0.2706523
2024-07,БІ,302021,2.0,0.4767601
2024-08,БІ,302021,9.0,1.7049683
2024-09,БІ,302021,9.0,3.7607548
2024-10,БІ,302021,1.0,2.0230722
2024-11,БІ,302021,1.0,1.1697503
2024-12,БІ,302021,9.0,6.1957235
2025-01,БІ,302021,5.0,3.4000976
2025-02,БІ,302021,5.0,3.4934025
2025-03,БІ,302021,1.0,2.6047144
2025-04,БІ,302021,1.0,1.0740641
2025-05,БІ,302021,0.0,0.6942693
2025-06,БІ,302021,3.0,1.2761184
2024-07,Епіцентр,302021,1.0,0.0
2024-08,Епіцентр,302021,2.0,0.069205076
2024-09,Епіцентр,302021,2.0,0.34859776
2024-10,Епіцентр,302021,3.0,0.17450155
2024-11,Епіцентр,302021,2.0,0.23901635
2024-12,Епіцентр,302021,2.0,1.2697772
2025-01,Епіцентр,302021,1.0,0.54503113
2025-02,Епіцентр,302021,2.0,0.42463914
2025-03,Епіцентр,302021,0.0,0.30321437
2025-04,Епіцентр,302021,0.0,0.0
2025-05,Епіцентр,302021,0.0,0.0
2025-06,Епіцентр,302021,0.0,0.0
2024-07,МайПлей,302021,1.0,0.0
2024-08,МайПлей,302021,0.0,0.0
2024-09,МайПлей,302021,1.0,0.0
2024-10,МайПлей,302021,0.0,0.0
2024-11,МайПлей,302021,0.0,0.0
2024-12,МайПлей,302021,1.0,0.59038913
2025-01,МайПлей,302021,1.0,0.11805719
2025-02,МайПлей,302021,0.0,0.0
2025-03,МайПлей,302021,2.0,0.0
2025-04,МайПлей,302021,0.0,0.0
2025-05,МайПлей,302021,0.0,0.0
2025-06,МайПлей,302021,0.0,0.0
2024-07,Чудо Острів,302021,2.0,0.057487745
2024-08,Чудо Острів,302021,2.0,0.6691446
2024-09,Чудо Острів,302021,6.0,1.2289456
2024-10,Чудо Острів,302021,1.0,0.91073173
2024-11,Чудо Острів,302021,4.0,1.2732457
2024-12,Чудо Острів,302021,10.0,8.24999
2025-01,Чудо Острів,302021,4.0,3.0892308
2025-02,Чудо Острів,302021,5.0,2.1669648
2025-03,Чудо Острів,302021,4.0,2.7900298
2025-04,Чудо Острів,302021,3.0,1.3370605
2025-05,Чудо Острів,302021,1.0,1.3990668
2025-06,Чудо Острів,302021,2.0,2.1614945
2024-07,Антошка,302032,12.0,1.8048937
2024-08,Антошка,302032,5.0,4.0913024
2024-09,Антошка,302032,19.0,3.096282
2024-10,Антошка,302032,6.0,4.6784735
2024-11,Антошка,302032,6.0,3.0320885
2024-12,Антошка,302032,11.0,7.4463887
2025-01,Антошка,302032,9.0,4.4191566
2025-02,Антошка,302032,9.0,2.2288463
2025-03,Антошка,302032,5.0,2.5292394
2025-04,Антошка,302032,3.0,2.350257
2025-05,Антошка,302032,12.0,2.405985
2025-06,Антошка,302032,6.0,2.9293988
2024-07,БІ,302032,11.0,3.5246968
2024-08,БІ,302032,24.0,6.2969785
2024-09,БІ,302032,12.0,8.757448
2024-10,БІ,302032,7.0,5.951225
2024-11,БІ,302032,7.0,4.513818
2024-12,БІ,302032,19.0,11.809171
2025-01,БІ,302032,19.0,8.414447
2025-02,БІ,302032,6.0,5.7610154
2025-03,БІ,302032,33.0,3.2362013
2025-04,БІ,302032,27.0,8.009662
2025-05,БІ,302032,24.0,7.054696
2025-06,БІ,302032,4.0,9.547168
2024-07,Епіцентр,302032,1.0,0.36170864
2024-08,Епіцентр,302032,1.0,0.22293843
2024-09,Епіцентр,302032,3.0,0.33620188
2024-10,Епіцентр,302032,4.0,0.24619947
2024-11,Епіцентр,302032,2.0,0.4313556
2024-12,Епіцентр,302032,7.0,2.3637528
2025-01,Епіцентр,302032,2.0,0.7332992
2025-02,Епіцентр,302032,2.0,0.2060373
2025-03,Епіцентр,302032,0.0,0.24192683
2025-04,Епіцентр,302032,0.0,0.29857937
2025-05,Епіцентр,302032,0.0,0.11645801
2025-06,Епіцентр,302032,2.0,0.06963075
2024-07,МайПлей,302032,2.0,0.0
2024-08,МайПлей,302032,6.0,0.18556453
2024-09,МайПлей,302032,3.0,1.1413019
2024-10,МайПлей,302032,0.0,0.6600187
2024-11,МайПлей,302032,1.0,0.31471655
2024-12,МайПлей,302032,3.0,1.7259296
2025-01,МайПлей,302032,0.0,0.8262202
2025-02,МайПлей,302032,1.0,0.12050748
2025-03,МайПлей,302032,1.0,0.054071438
2025-04,МайПлей,302032,0.0,0.08247921
2025-05,МайПлей,302032,0.0,0.04075118
2025-06,МайПлей,302032,0.0,0.0
2024-07,Чудо Острів,302032,5.0,1.1943498
2024-08,Чудо Острів,302032,8.0,2.1823728
2024-09,Чудо Острів,302032,10.0,2.5226884
2024-10,Чудо Острів,302032,4.0,2.8198264
2024-11,Чудо Острів,302032,8.0,2.4945054
2024-12,Чудо Острів,302032,14.0,6.9340143
2025-01,Чудо Острів,302032,7.0,3.922365
2025-02,Чудо Острів,302032,4.0,2.4954154
2025-03,Чудо Острів,302032,3.0,1.7937173
2025-04,Чудо Острів,302032,2.0,2.0153701
2025-05,Чудо Острів,302032,6.0,1.8123077
2025-06,Чудо Острів,302032,2.0,2.0952878
2024-07,Антошка,302035,6.0,2.4163911
2024-08,Антошка,302035,3.0,1.5838109
2024-09,Антошка,302035,3.0,1.330332
2024-10,Антошка,302035,0.0,1.2955785
2024-11,Антошка,302035,2.0,0.7413038
2024-12,Антошка,302035,3.0,2.1320205
2025-01,Антошка,302035,2.0,1.0119662
2025-02,Антошка,302035,2.0,0.5577669
2025-03,Антошка,302035,4.0,0.89838684
2025-04,Антошка,302035,1.0,1.063697
2025-05,Антошка,302035,0.0,1.0047534
2025-06,Антошка,302035,4.0,1.453605
2024-07,БІ,302035,7.0,5.4328904
2024-08,БІ,302035,10.0,3.7906833
2024-09,БІ,302035,10.0,4.160453
2024-10,БІ,302035,6.0,6.0163164
2024-11,БІ,302035,8.0,4.823515
2024-12,БІ,302035,12.0,9.537089
2025-01,БІ,302035,7.0,5.462624
2025-02,БІ,302035,10.0,3.3814995
2025-03,БІ,302035,5.0,2.9060612
2025-04,БІ,302035,6.0,3.2318544
2025-05,БІ,302035,7.0,2.956766
2025-06,БІ,302035,5.0,4.874449
2024-07,Епіцентр,302035,1.0,0.35482696
2024-08,Епіцентр,302035,2.0,0.274068
2024-09,Епіцентр,302035,0.0,0.0
2024-10,Епіцентр,302035,1.0,0.0
2024-11,Епіцентр,302035,3.0,0.5844945
2024-12,Епіцентр,302035,2.0,1.1852754
2025-01,Епіцентр,302035,1.0,0.089547336
2025-02,Епіцентр,302035,2.0,0.064849705
2025-03,Епіцентр,302035,2.0,0.14964402
2025-04,Епіцентр,302035,0.0,0.051307138
2025-05,Епіцентр,302035,0.0,0.042648904
2025-06,Епіцентр,302035,2.0,0.37970668
2024-07,МайПлей,302035,1.0,0.85984915
2024-08,МайПлей,302035,2.0,0.56417876
2024-09,МайПлей,302035,0.0,0.4495331
2024-10,МайПлей,302035,1.0,0.29045114
2024-11,МайПлей,302035,1.0,0.27008712
2024-12,МайПлей,302035,4.0,1.4951133
2025-01,МайПлей,302035,2.0,0.6904061
2025-02,МайПлей,302035,1.0,0.38480818
2025-03,МайПлей,302035,1.0,0.28802755
2025-04,МайПлей,302035,1.0,0.3326868
2025-05,МайПлей,302035,3.0,0.5447192
2025-06,МайПлей,302035,6.0,1.3593581
2024-07,Мегамаркет,302035,1.0,0.0
2024-08,Мегамаркет,302035,1.0,0.0
2024-09,Мегамаркет,302035,1.0,0.0
2024-10,Мегамаркет,302035,0.0,0.0
2024-11,Мегамаркет,302035,0.0,0.0
2024-12,Мегамаркет,302035,0.0,0.0
2025-01,Мегамаркет,302035,0.0,0.0
2025-02,Мегамаркет,302035,1.0,0.0
2025-03,Мегамаркет,302035,0.0,0.0
2025-04,Мегамаркет,302035,0.0,0.0
2025-05,Мегамаркет,302035,0.0,0.0
2025-06,Мегамаркет,302035,1.0,0.0
2024-07,Монако,302035,0.0,0.0
2024-08,Монако,302035,1.0,0.21919675
2024-09,Монако,302035,0.0,0.0
2024-10,Монако,302035,2.0,0.118784085
2024-11,Монако,302035,1.0,0.42852056
2024-12,Монако,302035,0.0,0.0
2025-01,Монако,302035,0.0,0.0
2025-02,Монако,302035,2.0,0.2433971
2025-03,Монако,302035,4.0,0.009948839
2025-04,Монако,302035,1.0,0.27636155
2025-05,Монако,302035,0.0,0.0
2025-06,Монако,302035,2.0,0.42483667
2024-07,Смік,302035,0.0,0.0
2024-08,Смік,302035,2.0,0.10209769
2024-09,Смік,302035,2.0,0.26491407
2024-10,Смік,302035,1.0,0.17425781
2024-11,Смік,302035,0.0,0.0
2024-12,Смік,302035,0.0,0.17938049
2025-01,Смік,302035,2.0,0.0
2025-02,Смік,302035,0.0,0.05132362
2025-03,Смік,302035,1.0,0.0
2025-04,Смік,302035,0.0,0.14083666
2025-05,Смік,302035,0.0,0.0
2025-06,Смік,302035,3.0,0.031861797
2024-07,Чудо Острів,302035,3.0,1.8791658
2024-08,Чудо Острів,302035,5.0,1.7142594
2024-09,Чудо Острів,302035,3.0,1.8738137
2024-10,Чудо Острів,302035,10.0,2.137888
2024-11,Чудо Острів,302035,10.0,3.2733042
2024-12,Чудо Острів,302035,12.0,7.6459985
2025-01,Чудо Острів,302035,11.0,4.788493
2025-02,Чудо Острів,302035,7.0,3.2630548
2025-03,Чудо Острів,302035,5.0,3.5571086
2025-04,Чудо Острів,302035,3.0,3.3430305
2025-05,Чудо Острів,302035,5.0,2.8947423
2025-06,Чудо Острів,302035,10.0,4.9579167
2024-07,ІМ-МауДау,304889I,0.0,0.0
2024-08,ІМ-МауДау,304889I,0.0,0.0
2024-09,ІМ-МауДау,304889I,0.0,0.0
2024-10,ІМ-МауДау,304889I,0.0,0.0
2024-11,ІМ-МауДау,304889I,0.0,0.0
2024-12,ІМ-МауДау,304889I,1.0,0.15498908
2025-01,ІМ-МауДау,304889I,0.0,0.0
2025-02,ІМ-МауДау,304889I,0.0,0.0
2025-03,ІМ-МауДау,304889I,0.0,0.0
2025-04,ІМ-МауДау,304889I,0.0,0.0
2025-05,ІМ-МауДау,304889I,0.0,0.0
2025-06,ІМ-МауДау,304889I,0.0,0.0
2024-07,Антошка,304889I,36.0,20.555182
2024-08,Антошка,304889I,41.0,20.243015
2024-09,Антошка,304889I,31.0,17.512577
2024-10,Антошка,304889I,24.0,20.835443
2024-11,Антошка,304889I,40.0,18.983337
2024-12,Антошка,304889I,37.0,31.76456
2025-01,Антошка,304889I,41.0,16.470428
2025-02,Антошка,304889I,29.0,17.084967
2025-03,Антошка,304889I,27.0,13.128163
2025-04,Антошка,304889I,12.0,12.736561
2025-05,Антошка,304889I,11.0,7.6596475
2025-06,Антошка,304889I,6.0,7.038556
2024-07,БІ,304889I,52.0,33.780388
2024-08,БІ,304889I,59.0,36.43358
2024-09,БІ,304889I,68.0,31.066292
2024-10,БІ,304889I,59.0,37.38713
2024-11,БІ,304889I,60.0,36.64462
2024-12,БІ,304889I,91.0,54.91874
2025-01,БІ,304889I,60.0,31.974285
2025-02,БІ,304889I,61.0,26.32574
2025-03,БІ,304889I,43.0,28.478945
2025-04,БІ,304889I,40.0,30.386406
2025-05,БІ,304889I,72.0,33.047455
2025-06,БІ,304889I,79.0,38.531612
2024-07,Епіцентр,304889I,18.0,5.9110193
2024-08,Епіцентр,304889I,13.0,6.399999
2024-09,Епіцентр,304889I,7.0,5.025552
2024-10,Епіцентр,304889I,17.0,4.665475
2024-11,Епіцентр,304889I,16.0,7.6019483
2024-12,Епіцентр,304889I,32.0,11.685152
2025-01,Епіцентр,304889I,11.0,6.9931116
2025-02,Епіцентр,304889I,13.0,4.7734904
2025-03,Епіцентр,304889I,19.0,4.834751
2025-04,Епіцентр,304889I,0.0,5.6124463
2025-05,Епіцентр,304889I,8.0,5.3324013
2025-06,Епіцентр,304889I,19.0,6.3048954
2024-07,Кадор Кідс,304889I,0.0,0.0
2024-08,Кадор Кідс,304889I,0.0,0.0
2024-09,Кадор Кідс,304889I,0.0,0.0
2024-10,Кадор Кідс,304889I,2.0,0.36850175
2024-11,Кадор Кідс,304889I,1.0,0.20744722
2024-12,Кадор Кідс,304889I,0.0,0.0
2025-01,Кадор Кідс,304889I,0.0,0.0
2025-02,Кадор Кідс,304889I,0.0,0.0
2025-03,Кадор Кідс,304889I,0.0,0.0
2025-04,Кадор Кідс,304889I,6.0,0.07492117
2025-05,Кадор Кідс,304889I,3.0,0.60412234
2025-06,Кадор Кідс,304889I,2.0,0.37903473
2024-07,Країна Казок,304889I,0.0,0.0
2024-08,Країна Казок,304889I,0.0,0.0
2024-09,Країна Казок,304889I,1.0,0.0
2024-10,Країна Казок,304889I,1.0,0.0
2024-11,Країна Казок,304889I,1.0,0.2989768
2024-12,Країна Казок,304889I,1.0,0.015260089
2025-01,Країна Казок,304889I,0.0,0.0
2025-02,Країна Казок,304889I,0.0,0.0
2025-03,Країна Казок,304889I,0.0,0.0
2025-04,Країна Казок,304889I,2.0,0.0
2025-05,Країна Казок,304889I,2.0,0.0
2025-06,Країна Казок,304889I,1.0,0.046457045
2024-07,Кубі,304889I,6.0,0.065044515
2024-08,Кубі,304889I,1.0,0.46873266
2024-09,Кубі,304889I,0.0,0.0
2024-10,Кубі,304889I,5.0,0.6815215
2024-11,Кубі,304889I,3.0,0.7553025
2024-12,Кубі,304889I,2.0,0.80412
2025-01,Кубі,304889I,0.0,0.0
2025-02,Кубі,304889I,0.0,0.0
2025-03,Кубі,304889I,2.0,0.1578195
2025-04,Кубі,304889I,0.0,0.096341304
2025-05,Кубі,304889I,0.0,0.3610147
2025-06,Кубі,304889I,0.0,0.0
2024-07,МайПлей,304889I,7.0,2.5053532
2024-08,МайПлей,304889I,5.0,2.8340518
2024-09,МайПлей,304889I,3.0,1.918712
2024-10,МайПлей,304889I,13.0,3.2828624
2024-11,МайПлей,304889I,8.0,4.2718368
2024-12,МайПлей,304889I,24.0,6.68544
2025-01,МайПлей,304889I,4.0,4.573285
2025-02,МайПлей,304889I,4.0,1.5078837
2025-03,МайПлей,304889I,2.0,2.1488123
2025-04,МайПлей,304889I,3.0,3.3120592
2025-05,МайПлей,304889I,11.0,2.3983984
2025-06,МайПлей,304889I,6.0,3.5337934
2024-07,Мегамаркет,304889I,1.0,0.0
2024-08,Мегамаркет,304889I,0.0,0.0
2024-09,Мегамаркет,304889I,0.0,0.0
2024-10,Мегамаркет,304889I,1.0,0.0
2024-11,Мегамаркет,304889I,2.0,0.0
2024-12,Мегамаркет,304889I,3.0,0.022739407
2025-01,Мегамаркет,304889I,0.0,0.0
2025-02,Мегамаркет,304889I,0.0,0.0
2025-03,Мегамаркет,304889I,0.0,0.0
2025-04,Мегамаркет,304889I,1.0,0.0
2025-05,Мегамаркет,304889I,1.0,0.04202669
2025-06,Мегамаркет,304889I,3.0,0.008758471
2024-07,Монако,304889I,1.0,0.06743289
2024-08,Монако,304889I,3.0,0.5687026
2024-09,Монако,304889I,0.0,0.0
2024-10,Монако,304889I,1.0,0.5967279
2024-11,Монако,304889I,9.0,0.8066863
2024-12,Монако,304889I,0.0,0.32382563
2025-01,Монако,304889I,0.0,0.0
2025-02,Монако,304889I,0.0,0.0
2025-03,Монако,304889I,5.0,0.33676285
2025-04,Монако,304889I,1.0,0.54200494
2025-05,Монако,304889I,3.0,0.60519916
2025-06,Монако,304889I,0.0,0.008378241
2024-07,Новая Лінія,304889I,1.0,0.0
2024-08,Новая Лінія,304889I,1.0,0.0
2024-09,Новая Лінія,304889I,0.0,0.0
2024-10,Новая Лінія,304889I,0.0,0.0
2024-11,Новая Лінія,304889I,0.0,0.0
2024-12,Новая Лінія,304889I,0.0,0.0
2025-01,Новая Лінія,304889I,1.0,0.0
2025-02,Новая Лінія,304889I,1.0,0.0
2025-03,Новая Лінія,304889I,0.0,0.0
2025-04,Новая Лінія,304889I,0.0,0.0
2025-05,Новая Лінія,304889I,0.0,0.0
2025-06,Новая Лінія,304889I,1.0,0.0
2024-07,РОСТ,304889I,1.0,0.0
2024-08,РОСТ,304889I,1.0,0.0
2024-09,РОСТ,304889I,0.0,0.0
2024-10,РОСТ,304889I,0.0,0.0
2024-11,РОСТ,304889I,0.0,0.0
2024-12,РОСТ,304889I,0.0,0.0
2025-01,РОСТ,304889I,0.0,0.0
2025-02,РОСТ,304889I,0.0,0.0
2025-03,РОСТ,304889I,1.0,0.0
2025-04,РОСТ,304889I,0.0,0.0
2025-05,РОСТ,304889I,0.0,0.0
2025-06,РОСТ,304889I,1.0,0.0
2024-07,Росицька ФОП,304889I,0.0,0.0
2024-08,Росицька ФОП,304889I,1.0,0.0
2024-09,Росицька ФОП,304889I,1.0,0.0
2024-10,Росицька ФОП,304889I,0.0,0.0
2024-11,Росицька ФОП,304889I,0.0,0.0
2024-12,Росицька ФОП,304889I,0.0,0.0
2025-01,Росицька ФОП,304889I,0.0,0.0
2025-02,Росицька ФОП,304889I,0.0,0.0
2025-03,Росицька ФОП,304889I,1.0,0.0
2025-04,Росицька ФОП,304889I,2.0,0.0
2025-05,Росицька ФОП,304889I,1.0,0.0
2025-06,Росицька ФОП,304889I,0.0,0.0
2024-07,СмартБі Луцьк,304889I,0.0,0.0
2024-08,СмартБі Луцьк,304889I,0.0,0.0
2024-09,СмартБі Луцьк,304889I,0.0,0.0
2024-10,СмартБі Луцьк,304889I,3.0,0.45060277
2024-11,СмартБі Луцьк,304889I,0.0,0.0
2024-12,СмартБі Луцьк,304889I,2.0,0.4960685
2025-01,СмартБі Луцьк,304889I,0.0,0.0
2025-02,СмартБі Луцьк,304889I,0.0,0.0
2025-03,СмартБі Луцьк,304889I,0.0,0.0
2025-04,СмартБі Луцьк,304889I,2.0,0.34834513
2025-05,СмартБі Луцьк,304889I,0.0,0.0
2025-06,СмартБі Луцьк,304889I,0.0,0.023869315
2024-07,Чарівник,304889I,0.0,0.0
2024-08,Чарівник,304889I,0.0,0.0
2024-09,Чарівник,304889I,0.0,0.0
2024-10,Чарівник,304889I,1.0,0.0
2024-11,Чарівник,304889I,0.0,0.0
2024-12,Чарівник,304889I,0.0,0.0
2025-01,Чарівник,304889I,0.0,0.0
2025-02,Чарівник,304889I,0.0,0.0
2025-03,Чарівник,304889I,0.0,0.0
2025-04,Чарівник,304889I,1.0,0.0
2025-05,Чарівник,304889I,0.0,0.0
2025-06,Чарівник,304889I,0.0,0.0
2024-07,Чудо Острів,304889I,9.0,7.9738965
2024-08,Чудо Острів,304889I,21.0,7.9488707
2024-09,Чудо Острів,304889I,9.0,7.0427833
2024-10,Чудо Острів,304889I,12.0,6.615789
2024-11,Чудо Острів,304889I,15.0,8.223799
2024-12,Чудо Острів,304889I,29.0,12.608264
2025-01,Чудо Острів,304889I,17.0,9.392082
2025-02,Чудо Острів,304889I,16.0,7.213553
2025-03,Чудо Острів,304889I,17.0,7.269256
2025-04,Чудо Острів,304889I,20.0,8.895444
2025-05,Чудо Острів,304889I,22.0,12.974819
2025-06,Чудо Острів,304889I,19.0,9.971799
2024-07,ІМ-МауДау,304890I,0.0,0.0
2024-08,ІМ-МауДау,304890I,0.0,0.0
2024-09,ІМ-МауДау,304890I,0.0,0.0
2024-10,ІМ-МауДау,304890I,0.0,0.0
2024-11,ІМ-МауДау,304890I,0.0,0.0
2024-12,ІМ-МауДау,304890I,0.0,0.0
2025-01,ІМ-МауДау,304890I,0.0,0.0
2025-02,ІМ-МауДау,304890I,0.0,0.0
2025-03,ІМ-МауДау,304890I,0.0,0.0
2025-04,ІМ-МауДау,304890I,0.0,0.0
2025-05,ІМ-МауДау,304890I,0.0,0.0
2025-06,ІМ-МауДау,304890I,0.0,0.0
2024-07,ІМ-Розетка,304890I,3.0,0.2005684
2024-08,ІМ-Розетка,304890I,0.0,0.08298697
2024-09,ІМ-Розетка,304890I,2.0,0.43149593
2024-10,ІМ-Розетка,304890I,1.0,0.38470295
2024-11,ІМ-Розетка,304890I,0.0,0.816155
2024-12,ІМ-Розетка,304890I,4.0,1.4131764
2025-01,ІМ-Розетка,304890I,1.0,0.54508215
2025-02,ІМ-Розетка,304890I,0.0,0.0706515
2025-03,ІМ-Розетка,304890I,0.0,0.0
2025-04,ІМ-Розетка,304890I,0.0,0.0
2025-05,ІМ-Розетка,304890I,0.0,0.0
2025-06,ІМ-Розетка,304890I,0.0,0.0
2024-07,Антошка,304890I,19.0,10.967905
2024-08,Антошка,304890I,17.0,10.854607
2024-09,Антошка,304890I,22.0,10.5924425
2024-10,Антошка,304890I,15.0,11.088479
2024-11,Антошка,304890I,15.0,10.744957
2024-12,Антошка,304890I,25.0,16.574184
2025-01,Антошка,304890I,25.0,10.068381
2025-02,Антошка,304890I,18.0,11.454109
2025-03,Антошка,304890I,20.0,10.324954
2025-04,Антошка,304890I,33.0,9.067312
2025-05,Антошка,304890I,22.0,14.199934
2025-06,Антошка,304890I,16.0,14.187498
2024-07,БІ,304890I,28.0,20.692324
2024-08,БІ,304890I,40.0,19.795456
2024-09,БІ,304890I,33.0,19.881351
2024-10,БІ,304890I,33.0,19.175148
2024-11,БІ,304890I,24.0,20.898834
2024-12,БІ,304890I,54.0,28.777414
2025-01,БІ,304890I,34.0,19.63386
2025-02,БІ,304890I,32.0,18.418938
2025-03,БІ,304890I,45.0,19.071434
2025-04,БІ,304890I,26.0,19.487637
2025-05,БІ,304890I,36.0,20.452986
2025-06,БІ,304890I,40.0,22.063896
2024-07,Епіцентр,304890I,9.0,4.347135
2024-08,Епіцентр,304890I,9.0,4.218552
2024-09,Епіцентр,304890I,11.0,4.032731
2024-10,Епіцентр,304890I,8.0,4.9271874
2024-11,Епіцентр,304890I,15.0,4.487782
2024-12,Епіцентр,304890I,28.0,8.935535
2025-01,Епіцентр,304890I,10.0,5.8716836
2025-02,Епіцентр,304890I,11.0,4.3576975
2025-03,Епіцентр,304890I,9.0,4.130341
2025-04,Епіцентр,304890I,0.0,3.4210837
2025-05,Епіцентр,304890I,6.0,3.0670226
2025-06,Епіцентр,304890I,11.0,3.5582247
2024-07,Країна Казок,304890I,0.0,0.0
2024-08,Країна Казок,304890I,0.0,0.0
2024-09,Країна Казок,304890I,1.0,0.0
2024-10,Країна Казок,304890I,1.0,0.0
2024-11,Країна Казок,304890I,2.0,0.0
2024-12,Країна Казок,304890I,2.0,0.21297304
2025-01,Країна Казок,304890I,1.0,0.08171329
2025-02,Країна Казок,304890I,1.0,0.0
2025-03,Країна Казок,304890I,1.0,0.01748873
2025-04,Країна Казок,304890I,1.0,0.0
2025-05,Країна Казок,304890I,0.0,0.0
2025-06,Країна Казок,304890I,2.0,0.035652574
2024-07,МайПлей,304890I,7.0,2.4078078
2024-08,МайПлей,304890I,12.0,2.6153595
2024-09,МайПлей,304890I,7.0,3.805548
2024-10,МайПлей,304890I,4.0,3.4017775
2024-11,МайПлей,304890I,9.0,3.220371
2024-12,МайПлей,304890I,6.0,5.4054527
2025-01,МайПлей,304890I,5.0,2.7665474
2025-02,МайПлей,304890I,5.0,3.361087
2025-03,МайПлей,304890I,4.0,2.2464862
2025-04,МайПлей,304890I,4.0,2.3800547
2025-05,МайПлей,304890I,9.0,2.5050874
2025-06,МайПлей,304890I,7.0,2.429868
2024-07,Мегамаркет,304890I,2.0,0.20457876
2024-08,Мегамаркет,304890I,1.0,0.0
2024-09,Мегамаркет,304890I,2.0,0.07568599
2024-10,Мегамаркет,304890I,0.0,0.11152861
2024-11,Мегамаркет,304890I,1.0,0.05062603
2024-12,Мегамаркет,304890I,2.0,0.23643838
2025-01,Мегамаркет,304890I,1.0,0.03104842
2025-02,Мегамаркет,304890I,1.0,0.0
2025-03,Мегамаркет,304890I,2.0,0.0
2025-04,Мегамаркет,304890I,0.0,0.0
2025-05,Мегамаркет,304890I,1.0,0.0
2025-06,Мегамаркет,304890I,2.0,0.0
2024-07,Монако,304890I,1.0,0.1938488
2024-08,Монако,304890I,4.0,0.7695297
2024-09,Монако,304890I,1.0,0.41988742
2024-10,Монако,304890I,1.0,0.6141657
2024-11,Монако,304890I,4.0,0.8228272
2024-12,Монако,304890I,0.0,0.042792346
2025-01,Монако,304890I,0.0,0.10990973
2025-02,Монако,304890I,1.0,0.80405587
2025-03,Монако,304890I,3.0,0.37362045
2025-04,Монако,304890I,2.0,0.46718308
2025-05,Монако,304890I,5.0,0.23013824
2025-06,Монако,304890I,0.0,0.0
2024-07,Новая Лінія,304890I,0.0,0.0
2024-08,Новая Лінія,304890I,0.0,0.0
2024-09,Новая Лінія,304890I,2.0,0.0
2024-10,Новая Лінія,304890I,0.0,0.0
2024-11,Новая Лінія,304890I,0.0,0.0
2024-12,Новая Лінія,304890I,0.0,0.0
2025-01,Новая Лінія,304890I,0.0,0.0
2025-02,Новая Лінія,304890I,0.0,0.0
2025-03,Новая Лінія,304890I,0.0,0.0
2025-04,Новая Лінія,304890I,0.0,0.0
2025-05,Новая Лінія,304890I,0.0,0.0
2025-06,Новая Лінія,304890I,1.0,0.0
2024-07,РОСТ,304890I,1.0,0.0
2024-08,РОСТ,304890I,1.0,0.0
2024-09,РОСТ,304890I,1.0,0.0
2024-10,РОСТ,304890I,1.0,0.0
2024-11,РОСТ,304890I,0.0,0.0
2024-12,РОСТ,304890I,0.0,0.0
2025-01,РОСТ,304890I,0.0,0.0
2025-02,РОСТ,304890I,0.0,0.0
2025-03,РОСТ,304890I,0.0,0.0
2025-04,РОСТ,304890I,0.0,0.0
2025-05,РОСТ,304890I,0.0,0.0
2025-06,РОСТ,304890I,0.0,0.0
2024-07,Росицька ФОП,304890I,0.0,0.0
2024-08,Росицька ФОП,304890I,1.0,0.0
2024-09,Росицька ФОП,304890I,0.0,0.0
2024-10,Росицька ФОП,304890I,0.0,0.0
2024-11,Росицька ФОП,304890I,1.0,0.0
2024-12,Росицька ФОП,304890I,2.0,0.3008518
2025-01,Росицька ФОП,304890I,0.0,0.052137185
2025-02,Росицька ФОП,304890I,0.0,0.0
2025-03,Росицька ФОП,304890I,0.0,0.0
2025-04,Росицька ФОП,304890I,2.0,0.0
2025-05,Росицька ФОП,304890I,2.0,0.0
2025-06,Росицька ФОП,304890I,0.0,0.0
2024-07,Смік,304890I,3.0,0.7455592
2024-08,Смік,304890I,5.0,1.1965246
2024-09,Смік,304890I,9.0,1.6221815
2024-10,Смік,304890I,1.0,2.1290276
2024-11,Смік,304890I,0.0,1.3998746
2024-12,Смік,304890I,1.0,1.3217547
2025-01,Смік,304890I,6.0,1.1554483
2025-02,Смік,304890I,2.0,1.1540613
2025-03,Смік,304890I,1.0,0.7500086
2025-04,Смік,304890I,2.0,0.59271383
2025-05,Смік,304890I,3.0,1.0127567
2025-06,Смік,304890I,3.0,0.86357874
2024-07,Чарівник,304890I,0.0,0.0
2024-08,Чарівник,304890I,0.0,0.0
2024-09,Чарівник,304890I,0.0,0.0
2024-10,Чарівник,304890I,0.0,0.0
2024-11,Чарівник,304890I,0.0,0.0
2024-12,Чарівник,304890I,0.0,0.0
2025-01,Чарівник,304890I,0.0,0.0
2025-02,Чарівник,304890I,1.0,0.0
2025-03,Чарівник,304890I,0.0,0.0
2025-04,Чарівник,304890I,0.0,0.0
2025-05,Чарівник,304890I,0.0,0.0
2025-06,Чарівник,304890I,0.0,0.0
2024-07,Чудо Острів,304890I,16.0,6.072491
2024-08,Чудо Острів,304890I,12.0,7.7144833
2024-09,Чудо Острів,304890I,15.0,7.2856894
2024-10,Чудо Острів,304890I,17.0,7.541324
2024-11,Чудо Острів,304890I,13.0,8.044187
2024-12,Чудо Острів,304890I,30.0,12.160874
2025-01,Чудо Острів,304890I,20.0,10.433657
2025-02,Чудо Острів,304890I,18.0,9.185856
2025-03,Чудо Острів,304890I,27.0,9.713532
2025-04,Чудо Острів,304890I,15.0,10.573597
2025-05,Чудо Острів,304890I,13.0,11.509699
2025-06,Чудо Острів,304890I,14.0,8.433662
2024-07,ІМ-Розетка,305031,0.0,0.0
2024-08,ІМ-Розетка,305031,0.0,0.0
2024-09,ІМ-Розетка,305031,0.0,0.0
2024-10,ІМ-Розетка,305031,0.0,0.0
2024-11,ІМ-Розетка,305031,4.0,0.49092516
2024-12,ІМ-Розетка,305031,6.0,4.0048065
2025-01,ІМ-Розетка,305031,2.0,0.95456105
2025-02,ІМ-Розетка,305031,2.0,0.09425591
2025-03,ІМ-Розетка,305031,0.0,0.0
2025-04,ІМ-Розетка,305031,0.0,0.0
2025-05,ІМ-Розетка,305031,3.0,0.29569012
2025-06,ІМ-Розетка,305031,6.0,0.9838566
2024-07,Антошка,305031,37.0,19.766106
2024-08,Антошка,305031,33.0,21.099855
2024-09,Антошка,305031,30.0,16.7388
2024-10,Антошка,305031,38.0,20.667906
2024-11,Антошка,305031,41.0,24.601038
2024-12,Антошка,305031,78.0,45.02951
2025-01,Антошка,305031,44.0,25.715597
2025-02,Антошка,305031,27.0,21.10891
2025-03,Антошка,305031,47.0,14.854702
2025-04,Антошка,305031,21.0,18.503859
2025-05,Антошка,305031,24.0,13.925457
2025-06,Антошка,305031,30.0,15.057346
2024-07,БІ,305031,27.0,22.556839
2024-08,БІ,305031,41.0,16.92751
2024-09,БІ,305031,36.0,19.589903
2024-10,БІ,305031,47.0,24.82383
2024-11,БІ,305031,47.0,27.426146
2024-12,БІ,305031,80.0,54.319893
2025-01,БІ,305031,44.0,24.40491
2025-02,БІ,305031,32.0,21.904352
2025-03,БІ,305031,33.0,18.451786
2025-04,БІ,305031,35.0,19.653675
2025-05,БІ,305031,48.0,20.787752
2025-06,БІ,305031,40.0,22.95786
2024-07,Епіцентр,305031,8.0,2.9131482
2024-08,Епіцентр,305031,6.0,2.9301069
2024-09,Епіцентр,305031,10.0,2.573085
2024-10,Епіцентр,305031,5.0,4.386983
2024-11,Епіцентр,305031,15.0,3.6470437
2024-12,Епіцентр,305031,24.0,9.401606
2025-01,Епіцентр,305031,6.0,3.7723942
2025-02,Епіцентр,305031,9.0,2.388909
2025-03,Епіцентр,305031,5.0,1.9219674
2025-04,Епіцентр,305031,0.0,2.2576551
2025-05,Епіцентр,305031,5.0,2.5876803
2025-06,Епіцентр,305031,7.0,2.432904
2024-07,Казковий Світ Малюка,305031,0.0,0.0
2024-08,Казковий Світ Малюка,305031,1.0,0.0
2024-09,Казковий Світ Малюка,305031,0.0,0.0
2024-10,Казковий Світ Малюка,305031,0.0,0.0
2024-11,Казковий Світ Малюка,305031,0.0,0.0
2024-12,Казковий Світ Малюка,305031,1.0,0.016004626
2025-01,Казковий Світ Малюка,305031,0.0,0.0
2025-02,Казковий Світ Малюка,305031,0.0,0.0
2025-03,Казковий Світ Малюка,305031,0.0,0.0
2025-04,Казковий Світ Малюка,305031,0.0,0.0
2025-05,Казковий Світ Малюка,305031,0.0,0.0
2025-06,Казковий Світ Малюка,305031,0.0,0.0
2024-07,МайПлей,305031,8.0,1.5101652
2024-08,МайПлей,305031,6.0,2.8047428
2024-09,МайПлей,305031,2.0,2.2968466
2024-10,МайПлей,305031,6.0,2.76309
2024-11,МайПлей,305031,5.0,2.3859308
2024-12,МайПлей,305031,13.0,6.7349367
2025-01,МайПлей,305031,3.0,3.011667
2025-02,МайПлей,305031,2.0,1.4205301
2025-03,МайПлей,305031,2.0,0.9792592
2025-04,МайПлей,305031,3.0,1.5547491
2025-05,МайПлей,305031,3.0,1.3413856
2025-06,МайПлей,305031,4.0,1.2290335
2024-07,Мегамаркет,305031,0.0,0.0
2024-08,Мегамаркет,305031,0.0,0.0
2024-09,Мегамаркет,305031,1.0,0.0
2024-10,Мегамаркет,305031,1.0,0.0
2024-11,Мегамаркет,305031,1.0,0.017890958
2024-12,Мегамаркет,305031,0.0,0.0
2025-01,Мегамаркет,305031,0.0,0.0
2025-02,Мегамаркет,305031,0.0,0.0
2025-03,Мегамаркет,305031,0.0,0.0
2025-04,Мегамаркет,305031,1.0,0.0
2025-05,Мегамаркет,305031,0.0,0.0
2025-06,Мегамаркет,305031,0.0,0.0
2024-07,Монако,305031,0.0,0.0
2024-08,Монако,305031,1.0,0.21534604
2024-09,Монако,305031,0.0,0.0
2024-10,Монако,305031,7.0,0.4816678
2024-11,Монако,305031,9.0,1.0191574
2024-12,Монако,305031,0.0,1.0384406
2025-01,Монако,305031,0.0,0.0
2025-02,Монако,305031,0.0,0.0
2025-03,Монако,305031,3.0,0.15607345
2025-04,Монако,305031,1.0,0.18297113
2025-05,Монако,305031,2.0,0.2920387
2025-06,Монако,305031,0.0,0.0
2024-07,СмартБі Луцьк,305031,0.0,0.0
2024-08,СмартБі Луцьк,305031,1.0,0.0597245
2024-09,СмартБі Луцьк,305031,1.0,0.0653205
2024-10,СмартБі Луцьк,305031,0.0,0.0
2024-11,СмартБі Луцьк,305031,1.0,0.20952085
2024-12,СмартБі Луцьк,305031,2.0,0.0
2025-01,СмартБі Луцьк,305031,0.0,0.0
2025-02,СмартБі Луцьк,305031,0.0,0.0
2025-03,СмартБі Луцьк,305031,0.0,0.0
2025-04,СмартБі Луцьк,305031,1.0,0.018103816
2025-05,СмартБі Луцьк,305031,0.0,0.0
2025-06,СмартБі Луцьк,305031,0.0,0.0
2024-07,Чудо Острів,305031,9.0,4.484597
2024-08,Чудо Острів,305031,8.0,4.540066
2024-09,Чудо Острів,305031,11.0,4.6750803
2024-10,Чудо Острів,305031,16.0,7.4505844
2024-11,Чудо Острів,305031,18.0,9.750521
2024-12,Чудо Острів,305031,39.0,16.906244
2025-01,Чудо Острів,305031,10.0,11.194844
2025-02,Чудо Острів,305031,8.0,5.455793
2025-03,Чудо Острів,305031,11.0,4.981588
2025-04,Чудо Острів,305031,9.0,4.6550837
2025-05,Чудо Острів,305031,15.0,4.452231
2025-06,Чудо Острів,305031,13.0,5.671507
2024-07,Антошка,305048I,5.0,2.0619075
2024-08,Антошка,305048I,3.0,2.082465
2024-09,Антошка,305048I,3.0,1.7549824
2024-10,Антошка,305048I,4.0,1.6177075
2024-11,Антошка,305048I,3.0,1.6266234
2024-12,Антошка,305048I,10.0,5.049936
2025-01,Антошка,305048I,5.0,2.2386832
2025-02,Антошка,305048I,3.0,3.166966
2025-03,Антошка,305048I,5.0,2.5901337
2025-04,Антошка,305048I,5.0,2.1462443
2025-05,Антошка,305048I,4.0,1.8712462
2025-06,Антошка,305048I,4.0,1.7890188
2024-07,БІ,305048I,13.0,9.570852
2024-08,БІ,305048I,12.0,8.691931
2024-09,БІ,305048I,11.0,7.4593554
2024-10,БІ,305048I,18.0,7.541489
2024-11,БІ,305048I,15.0,9.359618
2024-12,БІ,305048I,38.0,18.922945
2025-01,БІ,305048I,22.0,12.379428
2025-02,БІ,305048I,40.0,15.605958
2025-03,БІ,305048I,30.0,18.714333
2025-04,БІ,305048I,18.0,11.854179
2025-05,БІ,305048I,22.0,9.0394745
2025-06,БІ,305048I,23.0,9.722972
2024-07,Епіцентр,305048I,3.0,0.7151885
2024-08,Епіцентр,305048I,3.0,0.43779856
2024-09,Епіцентр,305048I,2.0,0.41133046
2024-10,Епіцентр,305048I,1.0,0.41066253
2024-11,Епіцентр,305048I,0.0,0.3127104
2024-12,Епіцентр,305048I,4.0,1.1546208
2025-01,Епіцентр,305048I,2.0,0.5028684
2025-02,Епіцентр,305048I,2.0,0.8288298
2025-03,Епіцентр,305048I,5.0,0.5380247
2025-04,Епіцентр,305048I,0.0,0.0
2025-05,Епіцентр,305048I,1.0,0.40057945
2025-06,Епіцентр,305048I,3.0,0.30063492
2024-07,МайПлей,305048I,4.0,0.8979714
2024-08,МайПлей,305048I,3.0,1.1871846
2024-09,МайПлей,305048I,0.0,1.1553874
2024-10,МайПлей,305048I,2.0,0.8230695
2024-11,МайПлей,305048I,1.0,0.8183631
2024-12,МайПлей,305048I,4.0,2.1756008
2025-01,МайПлей,305048I,6.0,1.2757037
2025-02,МайПлей,305048I,7.0,2.3335805
2025-03,МайПлей,305048I,6.0,1.8764899
2025-04,МайПлей,305048I,3.0,1.2315755
2025-05,МайПлей,305048I,0.0,0.09700125
2025-06,МайПлей,305048I,1.0,0.53088325
2024-07,Мегамаркет,305048I,0.0,0.0
2024-08,Мегамаркет,305048I,1.0,0.0
2024-09,Мегамаркет,305048I,4.0,0.0
2024-10,Мегамаркет,305048I,0.0,0.0
2024-11,Мегамаркет,305048I,0.0,0.0
2024-12,Мегамаркет,305048I,0.0,0.00039519725
2025-01,Мегамаркет,305048I,0.0,0.0
2025-02,Мегамаркет,305048I,0.0,0.0
2025-03,Мегамаркет,305048I,2.0,0.0
2025-04,Мегамаркет,305048I,2.0,0.0
2025-05,Мегамаркет,305048I,3.0,0.0
2025-06,Мегамаркет,305048I,2.0,0.0
2024-07,РОСТ,305048I,1.0,0.0
2024-08,РОСТ,305048I,0.0,0.0
2024-09,РОСТ,305048I,0.0,0.0
2024-10,РОСТ,305048I,0.0,0.0
2024-11,РОСТ,305048I,0.0,0.0
2024-12,РОСТ,305048I,1.0,0.0
2025-01,РОСТ,305048I,0.0,0.0
2025-02,РОСТ,305048I,0.0,0.0
2025-03,РОСТ,305048I,1.0,0.0
2025-04,РОСТ,305048I,0.0,0.0
2025-05,РОСТ,305048I,0.0,0.0
2025-06,РОСТ,305048I,0.0,0.0
2024-07,Смік,305048I,2.0,0.23281814
2024-08,Смік,305048I,3.0,0.7519851
2024-09,Смік,305048I,2.0,0.69592583
2024-10,Смік,305048I,0.0,0.7717885
2024-11,Смік,305048I,0.0,0.18316682
2024-12,Смік,305048I,1.0,0.5104814
2025-01,Смік,305048I,4.0,0.5237165
2025-02,Смік,305048I,2.0,1.1122745
2025-03,Смік,305048I,6.0,0.73545885
2025-04,Смік,305048I,3.0,0.8745633
2025-05,Смік,305048I,1.0,0.85758173
2025-06,Смік,305048I,0.0,0.0
2024-07,Чудо Острів,305048I,9.0,2.0877895
2024-08,Чудо Острів,305048I,8.0,3.0274882
2024-09,Чудо Острів,305048I,1.0,3.0511281
2024-10,Чудо Острів,305048I,6.0,2.5100331
2024-11,Чудо Острів,305048I,9.0,3.13675
2024-12,Чудо Острів,305048I,18.0,7.844626
2025-01,Чудо Острів,305048I,7.0,5.9666963
2025-02,Чудо Острів,305048I,14.0,6.650425
2025-03,Чудо Острів,305048I,17.0,6.9935994
2025-04,Чудо Острів,305048I,8.0,5.322841
2025-05,Чудо Острів,305048I,5.0,4.3705373
2025-06,Чудо Острів,305048I,6.0,3.1279025
2024-07,ІМ-МауДау,305079,0.0,0.0
2024-08,ІМ-МауДау,305079,0.0,0.052645653
2024-09,ІМ-МауДау,305079,0.0,0.0
2024-10,ІМ-МауДау,305079,0.0,0.0
2024-11,ІМ-МауДау,305079,0.0,0.0
2024-12,ІМ-МауДау,305079,0.0,0.09267039
2025-01,ІМ-МауДау,305079,0.0,0.0
2025-02,ІМ-МауДау,305079,0.0,0.0
2025-03,ІМ-МауДау,305079,0.0,0.0
2025-04,ІМ-МауДау,305079,1.0,0.0
2025-05,ІМ-МауДау,305079,0.0,0.0
2025-06,ІМ-МауДау,305079,0.0,0.0
2024-07,ІМ-Розетка,305079,0.0,0.84888524
2024-08,ІМ-Розетка,305079,4.0,1.3195459
2024-09,ІМ-Розетка,305079,4.0,1.3722373
2024-10,ІМ-Розетка,305079,0.0,1.6367797
2024-11,ІМ-Розетка,305079,2.0,1.8654286
2024-12,ІМ-Розетка,305079,3.0,6.7761097
2025-01,ІМ-Розетка,305079,1.0,2.1706326
2025-02,ІМ-Розетка,305079,0.0,1.2085111
2025-03,ІМ-Розетка,305079,3.0,0.5418998
2025-04,ІМ-Розетка,305079,1.0,1.1109217
2025-05,ІМ-Розетка,305079,1.0,0.96292645
2025-06,ІМ-Розетка,305079,2.0,0.80972767
2024-07,Антошка,305079,13.0,6.447526
2024-08,Антошка,305079,13.0,6.6624928
2024-09,Антошка,305079,7.0,6.0099044
2024-10,Антошка,305079,10.0,4.908176
2024-11,Антошка,305079,13.0,6.0639405
2024-12,Антошка,305079,27.0,11.241459
2025-01,Антошка,305079,12.0,9.185769
2025-02,Антошка,305079,15.0,9.7463875
2025-03,Антошка,305079,28.0,10.078869
2025-04,Антошка,305079,15.0,9.914739
2025-05,Антошка,305079,23.0,6.276038
2025-06,Антошка,305079,21.0,7.1363454
2024-07,БІ,305079,41.0,16.113888
2024-08,БІ,305079,37.0,22.293287
2024-09,БІ,305079,26.0,19.973963
2024-10,БІ,305079,32.0,18.829258
2024-11,БІ,305079,35.0,21.163237
2024-12,БІ,305079,82.0,38.437378
2025-01,БІ,305079,39.0,22.05715
2025-02,БІ,305079,67.0,25.744549
2025-03,БІ,305079,52.0,31.319887
2025-04,БІ,305079,43.0,24.486269
2025-05,БІ,305079,51.0,21.110542
2025-06,БІ,305079,25.0,21.42766
2024-07,Епіцентр,305079,7.0,2.0125384
2024-08,Епіцентр,305079,5.0,1.695319
2024-09,Епіцентр,305079,3.0,1.4706607
2024-10,Епіцентр,305079,3.0,1.4088414
2024-11,Епіцентр,305079,8.0,1.5041368
2024-12,Епіцентр,305079,9.0,3.6166916
2025-01,Епіцентр,305079,4.0,1.5272331
2025-02,Епіцентр,305079,5.0,1.5835462
2025-03,Епіцентр,305079,4.0,1.2408528
2025-04,Епіцентр,305079,0.0,0.012271222
2025-05,Епіцентр,305079,1.0,1.0987133
2025-06,Епіцентр,305079,2.0,0.351205
2024-07,МайПлей,305079,8.0,1.7450355
2024-08,МайПлей,305079,8.0,1.8251234
2024-09,МайПлей,305079,7.0,2.3614984
2024-10,МайПлей,305079,4.0,2.6920352
2024-11,МайПлей,305079,5.0,2.2382686
2024-12,МайПлей,305079,6.0,5.678433
2025-01,МайПлей,305079,6.0,2.823202
2025-02,МайПлей,305079,1.0,2.5633426
2025-03,МайПлей,305079,6.0,1.6700472
2025-04,МайПлей,305079,4.0,1.1900923
2025-05,МайПлей,305079,2.0,0.9376993
2025-06,МайПлей,305079,3.0,0.7089405
2024-07,Мегамаркет,305079,2.0,0.0
2024-08,Мегамаркет,305079,0.0,0.0
2024-09,Мегамаркет,305079,0.0,0.0
2024-10,Мегамаркет,305079,0.0,0.0
2024-11,Мегамаркет,305079,0.0,0.0
2024-12,Мегамаркет,305079,1.0,0.016772496
2025-01,Мегамаркет,305079,1.0,0.0
2025-02,Мегамаркет,305079,1.0,0.0
2025-03,Мегамаркет,305079,2.0,0.0
2025-04,Мегамаркет,305079,1.0,0.0
2025-05,Мегамаркет,305079,0.0,0.0
2025-06,Мегамаркет,305079,0.0,0.0
2024-07,Монако,305079,0.0,0.0
2024-08,Монако,305079,1.0,0.36973938
2024-09,Монако,305079,2.0,0.41199374
2024-10,Монако,305079,1.0,0.23948133
2024-11,Монако,305079,0.0,0.0
2024-12,Монако,305079,0.0,0.0
2025-01,Монако,305079,0.0,0.0
2025-02,Монако,305079,0.0,0.052973785
2025-03,Монако,305079,0.0,0.0
2025-04,Монако,305079,0.0,0.0
2025-05,Монако,305079,0.0,0.0
2025-06,Монако,305079,0.0,0.0
2024-07,Росицька ФОП,305079,0.0,0.0
2024-08,Росицька ФОП,305079,0.0,0.0
2024-09,Росицька ФОП,305079,0.0,0.0
2024-10,Росицька ФОП,305079,1.0,0.0
2024-11,Росицька ФОП,305079,0.0,0.0
2024-12,Росицька ФОП,305079,2.0,0.28646755
2025-01,Росицька ФОП,305079,1.0,0.0
2025-02,Росицька ФОП,305079,0.0,0.0
2025-03,Росицька ФОП,305079,0.0,0.0
2025-04,Росицька ФОП,305079,1.0,0.0
2025-05,Росицька ФОП,305079,0.0,0.0
2025-06,Росицька ФОП,305079,0.0,0.0
2024-07,Чудо Острів,305079,12.0,3.1601412
2024-08,Чудо Острів,305079,4.0,4.327261
2024-09,Чудо Острів,305079,5.0,3.3519933
2024-10,Чудо Острів,305079,7.0,3.65091
2024-11,Чудо Острів,305079,13.0,3.8463235
2024-12,Чудо Острів,305079,23.0,10.074263
2025-01,Чудо Острів,305079,21.0,7.5025253
2025-02,Чудо Острів,305079,17.0,8.5910845
2025-03,Чудо Острів,305079,17.0,9.182325
2025-04,Чудо Острів,305079,15.0,6.0620275
2025-05,Чудо Острів,305079,11.0,4.690995
2025-06,Чудо Острів,305079,8.0,4.0437
2024-07,Антошка,305087,2.0,2.4671059
2024-08,Антошка,305087,4.0,2.338398
2024-09,Антошка,305087,1.0,2.0173025
2024-10,Антошка,305087,17.0,3.3583128
2024-11,Антошка,305087,10.0,7.7458234
2024-12,Антошка,305087,22.0,9.549715
2025-01,Антошка,305087,10.0,4.866169
2025-02,Антошка,305087,14.0,5.1432056
2025-03,Антошка,305087,10.0,6.375078
2025-04,Антошка,305087,7.0,3.1586518
2025-05,Антошка,305087,4.0,3.2537415
2025-06,Антошка,305087,4.0,2.4670281
2024-07,БІ,305087,29.0,12.858313
2024-08,БІ,305087,29.0,15.611802
2024-09,БІ,305087,17.0,16.653524
2024-10,БІ,305087,46.0,18.48509
2024-11,БІ,305087,32.0,24.410168
2024-12,БІ,305087,38.0,36.83173
2025-01,БІ,305087,27.0,15.79122
2025-02,БІ,305087,42.0,17.825882
2025-03,БІ,305087,56.0,22.6682
2025-04,БІ,305087,24.0,20.556707
2025-05,БІ,305087,24.0,14.524897
2025-06,БІ,305087,22.0,13.908784
2024-07,Епіцентр,305087,5.0,0.5957528
2024-08,Епіцентр,305087,2.0,0.5560725
2024-09,Епіцентр,305087,4.0,0.6748823
2024-10,Епіцентр,305087,4.0,1.4856033
2024-11,Епіцентр,305087,3.0,1.5785786
2024-12,Епіцентр,305087,7.0,2.9531422
2025-01,Епіцентр,305087,3.0,1.0530263
2025-02,Епіцентр,305087,0.0,0.97524476
2025-03,Епіцентр,305087,3.0,0.4029453
2025-04,Епіцентр,305087,0.0,0.36321115
2025-05,Епіцентр,305087,3.0,0.27042305
2025-06,Епіцентр,305087,3.0,0.288508
2024-07,Країна Казок,305087,0.0,0.0
2024-08,Країна Казок,305087,0.0,0.0
2024-09,Країна Казок,305087,0.0,0.0
2024-10,Країна Казок,305087,0.0,0.0
2024-11,Країна Казок,305087,0.0,0.0
2024-12,Країна Казок,305087,0.0,0.0
2025-01,Країна Казок,305087,0.0,0.0
2025-02,Країна Казок,305087,0.0,0.0
2025-03,Країна Казок,305087,1.0,0.0
2025-04,Країна Казок,305087,0.0,0.0
2025-05,Країна Казок,305087,0.0,0.0
2025-06,Країна Казок,305087,0.0,0.0
2024-07,МайПлей,305087,4.0,1.3325349
2024-08,МайПлей,305087,3.0,1.5530438
2024-09,МайПлей,305087,5.0,1.3028706
2024-10,МайПлей,305087,5.0,2.7045717
2024-11,МайПлей,305087,3.0,2.160067
2024-12,МайПлей,305087,7.0,4.6665096
2025-01,МайПлей,305087,3.0,1.4884278
2025-02,МайПлей,305087,1.0,1.575694
2025-03,МайПлей,305087,2.0,1.1405286
2025-04,МайПлей,305087,2.0,0.7520202
2025-05,МайПлей,305087,2.0,0.805938
2025-06,МайПлей,305087,2.0,0.7809114
2024-07,Мегамаркет,305087,0.0,0.0
2024-08,Мегамаркет,305087,1.0,0.0
2024-09,Мегамаркет,305087,0.0,0.0
2024-10,Мегамаркет,305087,0.0,0.0103291795
2024-11,Мегамаркет,305087,3.0,0.0
2024-12,Мегамаркет,305087,3.0,0.32904693
2025-01,Мегамаркет,305087,0.0,0.0
2025-02,Мегамаркет,305087,2.0,0.0
2025-03,Мегамаркет,305087,1.0,0.0
2025-04,Мегамаркет,305087,0.0,0.0
2025-05,Мегамаркет,305087,0.0,0.0
2025-06,Мегамаркет,305087,1.0,0.0
2024-07,Монако,305087,1.0,0.0
2024-08,Монако,305087,3.0,0.20178123
2024-09,Монако,305087,1.0,0.04855515
2024-10,Монако,305087,1.0,0.50705945
2024-11,Монако,305087,6.0,0.84086245
2024-12,Монако,305087,0.0,0.12939684
2025-01,Монако,305087,0.0,0.0
2025-02,Монако,305087,0.0,0.0
2025-03,Монако,305087,1.0,0.25071162
2025-04,Монако,305087,0.0,0.0
2025-05,Монако,305087,0.0,0.0
2025-06,Монако,305087,0.0,0.0
2024-07,РОСТ,305087,1.0,0.0
2024-08,РОСТ,305087,3.0,0.0
2024-09,РОСТ,305087,0.0,0.0
2024-10,РОСТ,305087,1.0,0.13421482
2024-11,РОСТ,305087,1.0,0.0
2024-12,РОСТ,305087,3.0,0.12985428
2025-01,РОСТ,305087,2.0,0.09543838
2025-02,РОСТ,305087,2.0,0.0
2025-03,РОСТ,305087,0.0,0.0
2025-04,РОСТ,305087,1.0,0.0
2025-05,РОСТ,305087,1.0,0.0
2025-06,РОСТ,305087,1.0,0.0
2024-07,Смік,305087,2.0,0.58563375
2024-08,Смік,305087,1.0,0.49605978
2024-09,Смік,305087,2.0,0.51763713
2024-10,Смік,305087,3.0,1.0197951
2024-11,Смік,305087,1.0,0.5842141
2024-12,Смік,305087,0.0,1.016285
2025-01,Смік,305087,2.0,0.4598615
2025-02,Смік,305087,1.0,0.49002725
2025-03,Смік,305087,2.0,0.58905536
2025-04,Смік,305087,2.0,0.2430183
2025-05,Смік,305087,2.0,0.25475696
2025-06,Смік,305087,2.0,0.34303823
2024-07,Супрун ФОП,305087,0.0,0.0
2024-08,Супрун ФОП,305087,1.0,0.30326185
2024-09,Супрун ФОП,305087,0.0,0.0
2024-10,Супрун ФОП,305087,0.0,0.0
2024-11,Супрун ФОП,305087,0.0,0.0
2024-12,Супрун ФОП,305087,0.0,0.0
2025-01,Супрун ФОП,305087,0.0,0.0
2025-02,Супрун ФОП,305087,0.0,0.0
2025-03,Супрун ФОП,305087,1.0,0.053540427
2025-04,Супрун ФОП,305087,0.0,0.0
2025-05,Супрун ФОП,305087,1.0,0.030786471
2025-06,Супрун ФОП,305087,0.0,0.0
2024-07,Чудо Острів,305087,4.0,2.5412571
2024-08,Чудо Острів,305087,7.0,3.1266646
2024-09,Чудо Острів,305087,10.0,3.111436
2024-10,Чудо Острів,305087,24.0,7.0321174
2024-11,Чудо Острів,305087,35.0,9.893899
2024-12,Чудо Острів,305087,15.0,21.815344
2025-01,Чудо Острів,305087,9.0,6.493644
2025-02,Чудо Острів,305087,23.0,7.2341113
2025-03,Чудо Острів,305087,22.0,9.485256
2025-04,Чудо Острів,305087,9.0,7.7743573
2025-05,Чудо Острів,305087,7.0,6.3915706
2025-06,Чудо Острів,305087,5.0,3.9279978
2024-07,МайПлей,305093,0.0,0.0
2024-08,МайПлей,305093,0.0,0.0
2024-09,МайПлей,305093,0.0,0.0
2024-10,МайПлей,305093,0.0,0.0
2024-11,МайПлей,305093,0.0,0.0
2024-12,МайПлей,305093,0.0,0.0
2025-01,МайПлей,305093,0.0,0.0
2025-02,МайПлей,305093,0.0,0.0
2025-03,МайПлей,305093,0.0,0.0
2025-04,МайПлей,305093,0.0,0.0
2025-05,МайПлей,305093,0.0,0.0
2025-06,МайПлей,305093,0.0,0.0
2024-07,Антошка,305100,0.0,0.14123957
2024-08,Антошка,305100,0.0,0.18676984
2024-09,Антошка,305100,1.0,0.7401465
2024-10,Антошка,305100,0.0,0.0
2024-11,Антошка,305100,0.0,0.0
2024-12,Антошка,305100,0.0,0.0
2025-01,Антошка,305100,0.0,0.0
2025-02,Антошка,305100,0.0,0.0
2025-03,Антошка,305100,1.0,0.0
2025-04,Антошка,305100,0.0,0.0
2025-05,Антошка,305100,0.0,0.0
2025-06,Антошка,305100,0.0,0.0
2024-07,Антошка,305102,1.0,1.0659825
2024-08,Антошка,305102,0.0,0.0
2024-09,Антошка,305102,0.0,0.0
2024-10,Антошка,305102,1.0,0.6520376
2024-11,Антошка,305102,0.0,0.0
2024-12,Антошка,305102,0.0,0.0
2025-01,Антошка,305102,0.0,0.0
2025-02,Антошка,305102,0.0,0.0
2025-03,Антошка,305102,0.0,0.0
2025-04,Антошка,305102,0.0,0.0
2025-05,Антошка,305102,1.0,0.011808731
2025-06,Антошка,305102,0.0,0.0
2024-07,Епіцентр,305109,1.0,0.0
2024-08,Епіцентр,305109,4.0,0.12963745
2024-09,Епіцентр,305109,1.0,0.295772
2024-10,Епіцентр,305109,5.0,0.4029781
2024-11,Епіцентр,305109,2.0,0.23886748
2024-12,Епіцентр,305109,0.0,0.0
2025-01,Епіцентр,305109,0.0,0.0
2025-02,Епіцентр,305109,2.0,0.0
2025-03,Епіцентр,305109,1.0,0.0
2025-04,Епіцентр,305109,0.0,0.0
2025-05,Епіцентр,305109,0.0,0.0
2025-06,Епіцентр,305109,1.0,0.0
2024-07,Епіцентр,305111,1.0,0.4349719
2024-08,Епіцентр,305111,2.0,0.45320615
2024-09,Епіцентр,305111,3.0,0.5314287
2024-10,Епіцентр,305111,2.0,0.5404424
2024-11,Епіцентр,305111,5.0,0.7398106
2024-12,Епіцентр,305111,6.0,1.7374411
2025-01,Епіцентр,305111,2.0,0.6704527
2025-02,Епіцентр,305111,1.0,0.46846026
2025-03,Епіцентр,305111,4.0,0.16246498
2025-04,Епіцентр,305111,0.0,0.0
2025-05,Епіцентр,305111,2.0,0.30399418
2025-06,Епіцентр,305111,3.0,0.19985959
2024-07,МайПлей,305111,5.0,0.5221893
2024-08,МайПлей,305111,0.0,0.0
2024-09,МайПлей,305111,3.0,0.6587048
2024-10,МайПлей,305111,1.0,0.56501377
2024-11,МайПлей,305111,3.0,0.62365204
2024-12,МайПлей,305111,1.0,0.96019936
2025-01,МайПлей,305111,0.0,0.0
2025-02,МайПлей,305111,0.0,0.0
2025-03,МайПлей,305111,0.0,0.0
2025-04,МайПлей,305111,4.0,0.1486494
2025-05,МайПлей,305111,2.0,0.21976319
2025-06,МайПлей,305111,1.0,0.17639631
2024-07,Мегамаркет,305111,1.0,0.0
2024-08,Мегамаркет,305111,0.0,0.0
2024-09,Мегамаркет,305111,0.0,0.0
2024-10,Мегамаркет,305111,0.0,0.0
2024-11,Мегамаркет,305111,0.0,0.0
2024-12,Мегамаркет,305111,1.0,0.0
2025-01,Мегамаркет,305111,0.0,0.0
2025-02,Мегамаркет,305111,0.0,0.0
2025-03,Мегамаркет,305111,1.0,0.0
2025-04,Мегамаркет,305111,0.0,0.0
2025-05,Мегамаркет,305111,2.0,0.0
2025-06,Мегамаркет,305111,2.0,0.0
2024-07,Чудо Острів,305111,1.0,0.6191759
2024-08,Чудо Острів,305111,1.0,0.77183914
2024-09,Чудо Острів,305111,2.0,0.74084014
2024-10,Чудо Острів,305111,3.0,0.6785524
2024-11,Чудо Острів,305111,3.0,0.7737765
2024-12,Чудо Острів,305111,7.0,2.0827904
2025-01,Чудо Острів,305111,1.0,0.9115086
2025-02,Чудо Острів,305111,1.0,0.47035557
2025-03,Чудо Острів,305111,0.0,0.0
2025-04,Чудо Острів,305111,1.0,0.27836213
2025-05,Чудо Острів,305111,0.0,0.0
2025-06,Чудо Острів,305111,0.0,0.0
2024-07,БІ,305112,2.0,4.0110917
2024-08,БІ,305112,6.0,3.0549421
2024-09,БІ,305112,4.0,2.7683969
2024-10,БІ,305112,1.0,2.2658453
2024-11,БІ,305112,4.0,1.848104
2024-12,БІ,305112,13.0,3.867735
2025-01,БІ,305112,7.0,2.3836977
2025-02,БІ,305112,2.0,2.051166
2025-03,БІ,305112,3.0,1.1034946
2025-04,БІ,305112,4.0,0.80834866
2025-05,БІ,305112,2.0,0.7120425
2025-06,БІ,305112,0.0,0.0
2024-07,Епіцентр,305112,1.0,0.49813563
2024-08,Епіцентр,305112,3.0,0.5131266
2024-09,Епіцентр,305112,2.0,0.47820866
2024-10,Епіцентр,305112,1.0,0.47494328
2024-11,Епіцентр,305112,4.0,0.5075794
2024-12,Епіцентр,305112,3.0,1.1427835
2025-01,Епіцентр,305112,3.0,0.64719933
2025-02,Епіцентр,305112,1.0,0.44508806
2025-03,Епіцентр,305112,2.0,0.28422043
2025-04,Епіцентр,305112,0.0,0.0
2025-05,Епіцентр,305112,3.0,0.23564005
2025-06,Епіцентр,305112,2.0,0.2746413
2024-07,МайПлей,305112,2.0,0.7594075
2024-08,МайПлей,305112,1.0,0.6532155
2024-09,МайПлей,305112,2.0,0.52121025
2024-10,МайПлей,305112,0.0,0.0
2024-11,МайПлей,305112,0.0,0.0
2024-12,МайПлей,305112,4.0,0.6756555
2025-01,МайПлей,305112,1.0,0.5192907
2025-02,МайПлей,305112,1.0,0.30307177
2025-03,МайПлей,305112,0.0,0.0
2025-04,МайПлей,305112,0.0,0.0
2025-05,МайПлей,305112,2.0,0.11449145
2025-06,МайПлей,305112,1.0,0.34056085
2024-07,Смік,305112,0.0,0.0
2024-08,Смік,305112,0.0,0.0
2024-09,Смік,305112,0.0,0.0
2024-10,Смік,305112,0.0,0.0
2024-11,Смік,305112,0.0,0.0
2024-12,Смік,305112,2.0,0.0
2025-01,Смік,305112,0.0,0.0
2025-02,Смік,305112,1.0,0.0
2025-03,Смік,305112,0.0,0.0
2025-04,Смік,305112,0.0,0.0
2025-05,Смік,305112,1.0,0.0
2025-06,Смік,305112,1.0,0.0
2024-07,Чудо Острів,305112,1.0,0.95121235
2024-08,Чудо Острів,305112,1.0,0.5692246
2024-09,Чудо Острів,305112,0.0,0.0
2024-10,Чудо Острів,305112,0.0,0.0
2024-11,Чудо Острів,305112,1.0,0.194733
2024-12,Чудо Острів,305112,2.0,0.72519153
2025-01,Чудо Острів,305112,0.0,0.0
2025-02,Чудо Острів,305112,1.0,0.17996396
2025-03,Чудо Острів,305112,1.0,0.15759276
2025-04,Чудо Острів,305112,0.0,0.0
2025-05,Чудо Острів,305112,2.0,0.10661669
2025-06,Чудо Острів,305112,0.0,0.0
2024-07,Епіцентр,305113,0.0,0.29869673
2024-08,Епіцентр,305113,3.0,0.2806101
2024-09,Епіцентр,305113,6.0,0.44756672
2024-10,Епіцентр,305113,3.0,0.56759524
2024-11,Епіцентр,305113,3.0,0.6940571
2024-12,Епіцентр,305113,3.0,1.2022241
2025-01,Епіцентр,305113,3.0,0.6064259
2025-02,Епіцентр,305113,2.0,0.33697513
2025-03,Епіцентр,305113,5.0,0.14892644
2025-04,Епіцентр,305113,0.0,0.0
2025-05,Епіцентр,305113,0.0,0.0
2025-06,Епіцентр,305113,2.0,0.008580873
2024-07,МайПлей,305113,3.0,0.32901984
2024-08,МайПлей,305113,2.0,0.6297016
2024-09,МайПлей,305113,2.0,0.5159521
2024-10,МайПлей,305113,1.0,0.46498743
2024-11,МайПлей,305113,2.0,0.34989914
2024-12,МайПлей,305113,2.0,1.0437839
2025-01,МайПлей,305113,2.0,0.51047534
2025-02,МайПлей,305113,2.0,0.42958254
2025-03,МайПлей,305113,0.0,0.0
2025-04,МайПлей,305113,1.0,0.36966085
2025-05,МайПлей,305113,2.0,0.09345983
2025-06,МайПлей,305113,0.0,0.0
2024-07,Смік,305113,0.0,0.0
2024-08,Смік,305113,0.0,0.0
2024-09,Смік,305113,1.0,0.0
2024-10,Смік,305113,0.0,0.0
2024-11,Смік,305113,1.0,0.0
2024-12,Смік,305113,0.0,0.0
2025-01,Смік,305113,1.0,0.0
2025-02,Смік,305113,0.0,0.0
2025-03,Смік,305113,1.0,0.0
2025-04,Смік,305113,1.0,0.0
2025-05,Смік,305113,2.0,0.0
2025-06,Смік,305113,0.0,0.0
2024-07,Антошка,305114,1.0,0.4962895
2024-08,Антошка,305114,0.0,0.6218497
2024-09,Антошка,305114,2.0,0.40396637
2024-10,Антошка,305114,1.0,0.4122386
2024-11,Антошка,305114,2.0,0.3204436
2024-12,Антошка,305114,0.0,0.8768075
2025-01,Антошка,305114,0.0,0.0037705877
2025-02,Антошка,305114,0.0,0.0
2025-03,Антошка,305114,0.0,0.0
2025-04,Антошка,305114,0.0,0.0
2025-05,Антошка,305114,1.0,0.0
2025-06,Антошка,305114,0.0,0.019990033
2024-07,Епіцентр,305114,2.0,0.22297342
2024-08,Епіцентр,305114,1.0,0.17096941
2024-09,Епіцентр,305114,1.0,0.2587939
2024-10,Епіцентр,305114,4.0,0.22399992
2024-11,Епіцентр,305114,1.0,0.4537757
2024-12,Епіцентр,305114,9.0,0.9514262
2025-01,Епіцентр,305114,3.0,0.76448536
2025-02,Епіцентр,305114,0.0,0.4764083
2025-03,Епіцентр,305114,2.0,0.10761055
2025-04,Епіцентр,305114,0.0,0.19479673
2025-05,Епіцентр,305114,3.0,0.17160033
2025-06,Епіцентр,305114,2.0,0.27458966
2024-07,МайПлей,305114,0.0,0.060840257
2024-08,МайПлей,305114,2.0,0.301548
2024-09,МайПлей,305114,0.0,0.4279099
2024-10,МайПлей,305114,4.0,0.2736654
2024-11,МайПлей,305114,1.0,0.45463848
2024-12,МайПлей,305114,3.0,1.1452667
2025-01,МайПлей,305114,0.0,0.79549176
2025-02,МайПлей,305114,0.0,0.104237124
2025-03,МайПлей,305114,1.0,0.07899618
2025-04,МайПлей,305114,0.0,0.13817176
2025-05,МайПлей,305114,2.0,0.029365614
2025-06,МайПлей,305114,1.0,0.2873988
2024-07,Смік,305114,0.0,0.0
2024-08,Смік,305114,0.0,0.0
2024-09,Смік,305114,1.0,0.0
2024-10,Смік,305114,0.0,0.0
2024-11,Смік,305114,0.0,0.0
2024-12,Смік,305114,0.0,0.0
2025-01,Смік,305114,2.0,0.07550648
2025-02,Смік,305114,0.0,0.0
2025-03,Смік,305114,1.0,0.0
2025-04,Смік,305114,0.0,0.0
2025-05,Смік,305114,1.0,0.0
2025-06,Смік,305114,0.0,0.0
2024-07,Чудо Острів,305114,3.0,0.8650233
2024-08,Чудо Острів,305114,1.0,0.7754291
2024-09,Чудо Острів,305114,0.0,0.928623
2024-10,Чудо Острів,305114,1.0,0.4798954
2024-11,Чудо Острів,305114,0.0,0.42572454
2024-12,Чудо Острів,305114,1.0,0.8689836
2025-01,Чудо Острів,305114,1.0,0.38721254
2025-02,Чудо Острів,305114,1.0,0.29346097
2025-03,Чудо Острів,305114,5.0,0.33345887
2025-04,Чудо Острів,305114,0.0,0.6969067
2025-05,Чудо Острів,305114,4.0,0.24983114
2025-06,Чудо Острів,305114,0.0,0.93336385
2024-07,Епіцентр,305115,2.0,0.5981688
2024-08,Епіцентр,305115,3.0,0.6508638
2024-09,Епіцентр,305115,3.0,0.5482165
2024-10,Епіцентр,305115,6.0,0.59028155
2024-11,Епіцентр,305115,1.0,0.6217862
2024-12,Епіцентр,305115,9.0,1.6673597
2025-01,Епіцентр,305115,3.0,0.7688094
2025-02,Епіцентр,305115,3.0,0.58616227
2025-03,Епіцентр,305115,1.0,0.42185006
2025-04,Епіцентр,305115,0.0,0.0
2025-05,Епіцентр,305115,2.0,0.32379967
2025-06,Епіцентр,305115,3.0,0.22105168
2024-07,МайПлей,305115,0.0,0.0
2024-08,МайПлей,305115,6.0,0.43388647
2024-09,МайПлей,305115,2.0,0.73723465
2024-10,МайПлей,305115,2.0,0.5549998
2024-11,МайПлей,305115,3.0,0.422209
2024-12,МайПлей,305115,3.0,1.0050677
2025-01,МайПлей,305115,0.0,0.0
2025-02,МайПлей,305115,1.0,0.30631483
2025-03,МайПлей,305115,0.0,0.0
2025-04,МайПлей,305115,1.0,0.20079304
2025-05,МайПлей,305115,1.0,0.17396298
2025-06,МайПлей,305115,2.0,0.2029904
2024-07,Мегамаркет,305115,0.0,0.0
2024-08,Мегамаркет,305115,0.0,0.0
2024-09,Мегамаркет,305115,0.0,0.0
2024-10,Мегамаркет,305115,2.0,0.0
2024-11,Мегамаркет,305115,1.0,0.0
2024-12,Мегамаркет,305115,0.0,0.0
2025-01,Мегамаркет,305115,0.0,0.0
2025-02,Мегамаркет,305115,0.0,0.0
2025-03,Мегамаркет,305115,0.0,0.0
2025-04,Мегамаркет,305115,0.0,0.0
2025-05,Мегамаркет,305115,0.0,0.0
2025-06,Мегамаркет,305115,0.0,0.0
2024-07,Чудо Острів,305116,7.0,1.5441846
2024-08,Чудо Острів,305116,0.0,1.1831862
2024-09,Чудо Острів,305116,1.0,0.6897743
2024-10,Чудо Острів,305116,0.0,0.0
2024-11,Чудо Острів,305116,5.0,0.61044294
2024-12,Чудо Острів,305116,6.0,2.2806737
2025-01,Чудо Острів,305116,1.0,1.0349313
2025-02,Чудо Острів,305116,1.0,0.46263066
2025-03,Чудо Острів,305116,2.0,0.299732
2025-04,Чудо Острів,305116,1.0,0.4101619
2025-05,Чудо Острів,305116,1.0,0.4009404
2025-06,Чудо Острів,305116,0.0,0.0
2024-07,Антошка,305221,1.0,1.1693741
2024-08,Антошка,305221,2.0,1.5143725
2024-09,Антошка,305221,3.0,1.2236395
2024-10,Антошка,305221,6.0,2.775316
2024-11,Антошка,305221,6.0,3.4205673
2024-12,Антошка,305221,19.0,6.6441145
2025-01,Антошка,305221,16.0,4.071122
2025-02,Антошка,305221,10.0,2.821742
2025-03,Антошка,305221,6.0,2.088637
2025-04,Антошка,305221,2.0,1.5725892
2025-05,Антошка,305221,1.0,1.1589652
2025-06,Антошка,305221,0.0,1.2053237
2024-07,БІ,305221,10.0,7.543964
2024-08,БІ,305221,9.0,6.938807
2024-09,БІ,305221,10.0,6.080657
2024-10,БІ,305221,26.0,10.38354
2024-11,БІ,305221,26.0,15.496111
2024-12,БІ,305221,44.0,20.878477
2025-01,БІ,305221,22.0,12.6388645
2025-02,БІ,305221,8.0,11.164421
2025-03,БІ,305221,27.0,7.2142854
2025-04,БІ,305221,5.0,10.160693
2025-05,БІ,305221,6.0,5.578749
2025-06,БІ,305221,21.0,6.389676
2024-07,Епіцентр,305221,0.0,0.05488971
2024-08,Епіцентр,305221,1.0,0.0
2024-09,Епіцентр,305221,2.0,0.2711243
2024-10,Епіцентр,305221,12.0,0.51949346
2024-11,Епіцентр,305221,5.0,2.3370986
2024-12,Епіцентр,305221,9.0,4.6174603
2025-01,Епіцентр,305221,5.0,1.8037337
2025-02,Епіцентр,305221,7.0,0.801233
2025-03,Епіцентр,305221,2.0,0.8383501
2025-04,Епіцентр,305221,0.0,0.72631246
2025-05,Епіцентр,305221,2.0,0.7259421
2025-06,Епіцентр,305221,1.0,0.9936641
2024-07,МайПлей,305221,1.0,0.2990218
2024-08,МайПлей,305221,2.0,0.8314796
2024-09,МайПлей,305221,1.0,0.3817401
2024-10,МайПлей,305221,3.0,1.1936145
2024-11,МайПлей,305221,3.0,1.4963896
2024-12,МайПлей,305221,6.0,2.5910573
2025-01,МайПлей,305221,3.0,1.5945002
2025-02,МайПлей,305221,1.0,0.8689277
2025-03,МайПлей,305221,3.0,0.5204557
2025-04,МайПлей,305221,3.0,0.482155
2025-05,МайПлей,305221,1.0,0.6044052
2025-06,МайПлей,305221,1.0,0.54885423
2024-07,Монако,305221,0.0,0.0
2024-08,Монако,305221,0.0,0.0
2024-09,Монако,305221,1.0,0.0
2024-10,Монако,305221,2.0,0.1661234
2024-11,Монако,305221,2.0,0.3787445
2024-12,Монако,305221,0.0,0.0
2025-01,Монако,305221,0.0,0.0
2025-02,Монако,305221,0.0,0.0
2025-03,Монако,305221,1.0,0.0
2025-04,Монако,305221,0.0,0.0
2025-05,Монако,305221,0.0,0.0
2025-06,Монако,305221,0.0,0.0
2024-07,Чудо Острів,305221,7.0,0.7218099
2024-08,Чудо Острів,305221,7.0,1.5526558
2024-09,Чудо Острів,305221,7.0,2.2538276
2024-10,Чудо Острів,305221,7.0,4.310194
2024-11,Чудо Острів,305221,17.0,4.389213
2024-12,Чудо Острів,305221,14.0,10.573948
2025-01,Чудо Острів,305221,9.0,3.841758
2025-02,Чудо Острів,305221,1.0,2.7914948
2025-03,Чудо Острів,305221,8.0,1.751746
2025-04,Чудо Острів,305221,8.0,2.4360254
2025-05,Чудо Острів,305221,3.0,2.2887056
2025-06,Чудо Острів,305221,7.0,2.6085978
2024-07,ІМ-МауДау,306161I,2.0,2.3098488
2024-08,ІМ-МауДау,306161I,2.0,1.8439571
2024-09,ІМ-МауДау,306161I,2.0,0.8922701
2024-10,ІМ-МауДау,306161I,4.0,1.1595908
2024-11,ІМ-МауДау,306161I,4.0,1.381787
2024-12,ІМ-МауДау,306161I,1.0,3.0510373
2025-01,ІМ-МауДау,306161I,0.0,0.0
2025-02,ІМ-МауДау,306161I,0.0,0.0
2025-03,ІМ-МауДау,306161I,0.0,0.0
2025-04,ІМ-МауДау,306161I,8.0,0.9249759
2025-05,ІМ-МауДау,306161I,1.0,1.9169186
2025-06,ІМ-МауДау,306161I,0.0,1.0495552
2024-07,ІМ-Розетка,306161I,1.0,2.9478526
2024-08,ІМ-Розетка,306161I,1.0,1.87992
2024-09,ІМ-Розетка,306161I,0.0,0.836816
2024-10,ІМ-Розетка,306161I,1.0,2.0286837
2024-11,ІМ-Розетка,306161I,15.0,2.9303792
2024-12,ІМ-Розетка,306161I,19.0,11.732909
2025-01,ІМ-Розетка,306161I,0.0,0.13491304
2025-02,ІМ-Розетка,306161I,0.0,0.0
2025-03,ІМ-Розетка,306161I,0.0,0.0
2025-04,ІМ-Розетка,306161I,0.0,0.40279454
2025-05,ІМ-Розетка,306161I,1.0,0.53655434
2025-06,ІМ-Розетка,306161I,0.0,0.0
2024-07,Антошка,306161I,26.0,22.781311
2024-08,Антошка,306161I,36.0,16.815601
2024-09,Антошка,306161I,38.0,19.640074
2024-10,Антошка,306161I,29.0,20.93558
2024-11,Антошка,306161I,44.0,23.406471
2024-12,Антошка,306161I,110.0,57.71758
2025-01,Антошка,306161I,54.0,31.991962
2025-02,Антошка,306161I,35.0,19.51338
2025-03,Антошка,306161I,36.0,16.845499
2025-04,Антошка,306161I,48.0,25.964344
2025-05,Антошка,306161I,36.0,22.297482
2025-06,Антошка,306161I,30.0,16.470936
2024-07,БІ,306161I,52.0,35.085625
2024-08,БІ,306161I,59.0,34.22902
2024-09,БІ,306161I,55.0,37.631
2024-10,БІ,306161I,91.0,39.450962
2024-11,БІ,306161I,106.0,53.548187
2024-12,БІ,306161I,237.0,79.19525
2025-01,БІ,306161I,81.0,35.68365
2025-02,БІ,306161I,27.0,23.556606
2025-03,БІ,306161I,19.0,21.884853
2025-04,БІ,306161I,72.0,24.393543
2025-05,БІ,306161I,91.0,33.24182
2025-06,БІ,306161I,49.0,26.612059
2024-07,Епіцентр,306161I,12.0,6.3452377
2024-08,Епіцентр,306161I,13.0,5.9970956
2024-09,Епіцентр,306161I,14.0,6.372207
2024-10,Епіцентр,306161I,17.0,6.122732
2024-11,Епіцентр,306161I,28.0,8.348349
2024-12,Епіцентр,306161I,78.0,24.788778
2025-01,Епіцентр,306161I,25.0,14.066865
2025-02,Епіцентр,306161I,11.0,6.238866
2025-03,Епіцентр,306161I,7.0,5.7573686
2025-04,Епіцентр,306161I,0.0,5.3673334
2025-05,Епіцентр,306161I,17.0,3.0454113
2025-06,Епіцентр,306161I,9.0,5.4309125
2024-07,Казковий Світ Малюка,306161I,0.0,0.0
2024-08,Казковий Світ Малюка,306161I,0.0,0.0
2024-09,Казковий Світ Малюка,306161I,0.0,0.0
2024-10,Казковий Світ Малюка,306161I,0.0,0.0
2024-11,Казковий Світ Малюка,306161I,1.0,0.060189936
2024-12,Казковий Світ Малюка,306161I,0.0,0.0
2025-01,Казковий Світ Малюка,306161I,0.0,0.0
2025-02,Казковий Світ Малюка,306161I,0.0,0.0
2025-03,Казковий Світ Малюка,306161I,0.0,0.0
2025-04,Казковий Світ Малюка,306161I,0.0,0.0
2025-05,Казковий Світ Малюка,306161I,0.0,0.0
2025-06,Казковий Світ Малюка,306161I,0.0,0.0
2024-07,Кубі,306161I,2.0,0.38500234
2024-08,Кубі,306161I,4.0,0.36544162
2024-09,Кубі,306161I,0.0,0.08892946
2024-10,Кубі,306161I,0.0,0.059443455
2024-11,Кубі,306161I,0.0,0.09463968
2024-12,Кубі,306161I,0.0,0.40867287
2025-01,Кубі,306161I,0.0,0.0
2025-02,Кубі,306161I,0.0,0.0
2025-03,Кубі,306161I,0.0,0.0
2025-04,Кубі,306161I,0.0,0.0
2025-05,Кубі,306161I,0.0,0.0
2025-06,Кубі,306161I,0.0,0.0
2024-07,МайПлей,306161I,7.0,3.7738395
2024-08,МайПлей,306161I,6.0,3.9407883
2024-09,МайПлей,306161I,3.0,3.3336966
2024-10,МайПлей,306161I,7.0,3.330149
2024-11,МайПлей,306161I,10.0,4.3053474
2024-12,МайПлей,306161I,27.0,13.0564
2025-01,МайПлей,306161I,8.0,6.529552
2025-02,МайПлей,306161I,6.0,2.230353
2025-03,МайПлей,306161I,5.0,1.9086878
2025-04,МайПлей,306161I,5.0,2.9616225
2025-05,МайПлей,306161I,6.0,1.6093394
2025-06,МайПлей,306161I,3.0,1.5526738
2024-07,Мегамаркет,306161I,2.0,0.17308584
2024-08,Мегамаркет,306161I,1.0,0.064361855
2024-09,Мегамаркет,306161I,2.0,0.0
2024-10,Мегамаркет,306161I,1.0,0.0951903
2024-11,Мегамаркет,306161I,3.0,0.28912303
2024-12,Мегамаркет,306161I,1.0,0.6526001
2025-01,Мегамаркет,306161I,0.0,0.0
2025-02,Мегамаркет,306161I,0.0,0.0
2025-03,Мегамаркет,306161I,0.0,0.0
2025-04,Мегамаркет,306161I,3.0,0.04955348
2025-05,Мегамаркет,306161I,2.0,0.0
2025-06,Мегамаркет,306161I,0.0,0.0
2024-07,Монако,306161I,0.0,0.0
2024-08,Монако,306161I,5.0,0.05386218
2024-09,Монако,306161I,1.0,0.4849392
2024-10,Монако,306161I,3.0,0.48549417
2024-11,Монако,306161I,3.0,0.7435083
2024-12,Монако,306161I,0.0,0.31676066
2025-01,Монако,306161I,0.0,0.0
2025-02,Монако,306161I,0.0,0.0
2025-03,Монако,306161I,3.0,0.14816964
2025-04,Монако,306161I,0.0,0.0
2025-05,Монако,306161I,0.0,0.0
2025-06,Монако,306161I,0.0,0.0
2024-07,Росицька ФОП,306161I,0.0,0.0
2024-08,Росицька ФОП,306161I,0.0,0.0
2024-09,Росицька ФОП,306161I,1.0,0.0
2024-10,Росицька ФОП,306161I,0.0,0.0
2024-11,Росицька ФОП,306161I,1.0,0.0
2024-12,Росицька ФОП,306161I,0.0,0.35541394
2025-01,Росицька ФОП,306161I,0.0,0.0
2025-02,Росицька ФОП,306161I,0.0,0.0
2025-03,Росицька ФОП,306161I,0.0,0.0
2025-04,Росицька ФОП,306161I,0.0,0.0
2025-05,Росицька ФОП,306161I,1.0,0.0
2025-06,Росицька ФОП,306161I,1.0,0.0
2024-07,Смік,306161I,2.0,0.15470363
2024-08,Смік,306161I,0.0,0.0
2024-09,Смік,306161I,1.0,0.0
2024-10,Смік,306161I,0.0,0.0
2024-11,Смік,306161I,0.0,0.0
2024-12,Смік,306161I,0.0,0.033828158
2025-01,Смік,306161I,0.0,0.0
2025-02,Смік,306161I,0.0,0.0
2025-03,Смік,306161I,0.0,0.0
2025-04,Смік,306161I,0.0,0.0
2025-05,Смік,306161I,0.0,0.0
2025-06,Смік,306161I,0.0,0.0
2024-07,Супрун ФОП,306161I,0.0,0.0
2024-08,Супрун ФОП,306161I,0.0,0.0
2024-09,Супрун ФОП,306161I,3.0,0.16540992
2024-10,Супрун ФОП,306161I,0.0,0.2812956
2024-11,Супрун ФОП,306161I,1.0,0.6777231
2024-12,Супрун ФОП,306161I,1.0,0.73254025
2025-01,Супрун ФОП,306161I,1.0,0.0
2025-02,Супрун ФОП,306161I,0.0,0.0
2025-03,Супрун ФОП,306161I,0.0,0.0
2025-04,Супрун ФОП,306161I,0.0,0.0
2025-05,Супрун ФОП,306161I,0.0,0.0
2025-06,Супрун ФОП,306161I,0.0,0.0
2024-07,Чудо Острів,306161I,15.0,6.0652156
2024-08,Чудо Острів,306161I,12.0,6.7471137
2024-09,Чудо Острів,306161I,14.0,7.6186957
2024-10,Чудо Острів,306161I,11.0,7.1872506
2024-11,Чудо Острів,306161I,41.0,9.01052
2024-12,Чудо Острів,306161I,78.0,41.88655
2025-01,Чудо Острів,306161I,41.0,19.546875
2025-02,Чудо Острів,306161I,11.0,13.766592
2025-03,Чудо Острів,306161I,12.0,7.7512026
2025-04,Чудо Острів,306161I,22.0,10.783023
2025-05,Чудо Острів,306161I,23.0,9.9515295
2025-06,Чудо Острів,306161I,14.0,9.215276
2024-07,ІМ-МауДау,306307I,0.0,0.052353814
2024-08,ІМ-МауДау,306307I,2.0,0.0
2024-09,ІМ-МауДау,306307I,1.0,0.13023935
2024-10,ІМ-МауДау,306307I,0.0,0.0
2024-11,ІМ-МауДау,306307I,0.0,0.0
2024-12,ІМ-МауДау,306307I,1.0,0.4558479
2025-01,ІМ-МауДау,306307I,0.0,0.0
2025-02,ІМ-МауДау,306307I,0.0,0.0
2025-03,ІМ-МауДау,306307I,0.0,0.0
2025-04,ІМ-МауДау,306307I,1.0,0.0
2025-05,ІМ-МауДау,306307I,0.0,0.0
2025-06,ІМ-МауДау,306307I,0.0,0.0
2024-07,Антошка,306307I,4.0,2.9774768
2024-08,Антошка,306307I,14.0,4.7869697
2024-09,Антошка,306307I,13.0,5.9825587
2024-10,Антошка,306307I,11.0,4.605313
2024-11,Антошка,306307I,11.0,4.478749
2024-12,Антошка,306307I,7.0,8.582223
2025-01,Антошка,306307I,10.0,3.7683725
2025-02,Антошка,306307I,9.0,4.384257
2025-03,Антошка,306307I,11.0,3.735439
2025-04,Антошка,306307I,8.0,2.8359573
2025-05,Антошка,306307I,5.0,2.707812
2025-06,Антошка,306307I,3.0,2.07992
2024-07,БІ,306307I,25.0,14.064106
2024-08,БІ,306307I,50.0,18.84091
2024-09,БІ,306307I,37.0,22.139734
2024-10,БІ,306307I,36.0,20.659693
2024-11,БІ,306307I,46.0,21.439737
2024-12,БІ,306307I,78.0,42.189293
2025-01,БІ,306307I,48.0,20.45523
2025-02,БІ,306307I,39.0,22.409328
2025-03,БІ,306307I,44.0,19.191004
2025-04,БІ,306307I,40.0,17.672855
2025-05,БІ,306307I,44.0,20.279222
2025-06,БІ,306307I,34.0,20.777296
2024-07,Епіцентр,306307I,5.0,2.9511173
2024-08,Епіцентр,306307I,10.0,3.3040023
2024-09,Епіцентр,306307I,13.0,3.4296427
2024-10,Епіцентр,306307I,6.0,2.8680189
2024-11,Епіцентр,306307I,8.0,2.5220828
2024-12,Епіцентр,306307I,12.0,6.081996
2025-01,Епіцентр,306307I,3.0,2.747839
2025-02,Епіцентр,306307I,4.0,2.01155
2025-03,Епіцентр,306307I,13.0,1.7459729
2025-04,Епіцентр,306307I,0.0,2.7449272
2025-05,Епіцентр,306307I,7.0,2.1827307
2025-06,Епіцентр,306307I,14.0,2.4663844
2024-07,МайПлей,306307I,4.0,1.6500527
2024-08,МайПлей,306307I,7.0,2.1671307
2024-09,МайПлей,306307I,0.0,2.1646068
2024-10,МайПлей,306307I,4.0,1.2628934
2024-11,МайПлей,306307I,5.0,1.1249425
2024-12,МайПлей,306307I,6.0,3.4270632
2025-01,МайПлей,306307I,2.0,1.7382244
2025-02,МайПлей,306307I,6.0,1.3037043
2025-03,МайПлей,306307I,1.0,1.1098944
2025-04,МайПлей,306307I,4.0,0.76493436
2025-05,МайПлей,306307I,5.0,1.3714097
2025-06,МайПлей,306307I,3.0,1.4418433
2024-07,Мегамаркет,306307I,3.0,0.27437633
2024-08,Мегамаркет,306307I,0.0,0.3078609
2024-09,Мегамаркет,306307I,0.0,0.026958838
2024-10,Мегамаркет,306307I,2.0,0.0
2024-11,Мегамаркет,306307I,1.0,0.0
2024-12,Мегамаркет,306307I,0.0,0.41142654
2025-01,Мегамаркет,306307I,2.0,0.06433166
2025-02,Мегамаркет,306307I,1.0,0.0
2025-03,Мегамаркет,306307I,0.0,0.0
2025-04,Мегамаркет,306307I,1.0,0.0
2025-05,Мегамаркет,306307I,0.0,0.0
2025-06,Мегамаркет,306307I,0.0,0.0
2024-07,Монако,306307I,2.0,0.0131966565
2024-08,Монако,306307I,1.0,0.46766642
2024-09,Монако,306307I,1.0,0.29362765
2024-10,Монако,306307I,3.0,0.22635144
2024-11,Монако,306307I,1.0,0.6049739
2024-12,Монако,306307I,0.0,0.20135552
2025-01,Монако,306307I,0.0,0.0
2025-02,Монако,306307I,0.0,0.0
2025-03,Монако,306307I,4.0,0.0
2025-04,Монако,306307I,0.0,0.0
2025-05,Монако,306307I,1.0,0.05110952
2025-06,Монако,306307I,0.0,0.0
2024-07,Смік,306307I,1.0,0.22935571
2024-08,Смік,306307I,2.0,0.62990075
2024-09,Смік,306307I,11.0,1.4759381
2024-10,Смік,306307I,7.0,1.7278866
2024-11,Смік,306307I,2.0,1.25074
2024-12,Смік,306307I,13.0,2.7105439
2025-01,Смік,306307I,4.0,2.391802
2025-02,Смік,306307I,5.0,1.19739
2025-03,Смік,306307I,3.0,1.8916194
2025-04,Смік,306307I,2.0,1.1170055
2025-05,Смік,306307I,0.0,1.0182617
2025-06,Смік,306307I,2.0,0.57310784
2024-07,Чудо Острів,306307I,5.0,3.3223057
2024-08,Чудо Острів,306307I,3.0,4.7579966
2024-09,Чудо Острів,306307I,9.0,3.4136083
2024-10,Чудо Острів,306307I,4.0,2.7308295
2024-11,Чудо Острів,306307I,4.0,2.6221738
2024-12,Чудо Острів,306307I,9.0,4.81566
2025-01,Чудо Острів,306307I,5.0,2.7879636
2025-02,Чудо Острів,306307I,3.0,2.916035
2025-03,Чудо Острів,306307I,9.0,2.8754349
2025-04,Чудо Острів,306307I,8.0,2.6727643
2025-05,Чудо Острів,306307I,4.0,3.084926
2025-06,Чудо Острів,306307I,4.0,2.530054
2024-07,ІМ-МауДау,306606,0.0,0.3798876
2024-08,ІМ-МауДау,306606,0.0,0.20136097
2024-09,ІМ-МауДау,306606,1.0,0.0
2024-10,ІМ-МауДау,306606,2.0,0.2057733
2024-11,ІМ-МауДау,306606,2.0,0.46392217
2024-12,ІМ-МауДау,306606,2.0,0.7087198
2025-01,ІМ-МауДау,306606,0.0,0.058153566
2025-02,ІМ-МауДау,306606,3.0,0.5485711
2025-03,ІМ-МауДау,306606,0.0,0.0
2025-04,ІМ-МауДау,306606,1.0,0.27682227
2025-05,ІМ-МауДау,306606,0.0,0.0
2025-06,ІМ-МауДау,306606,0.0,0.0022764448
2024-07,ІМ-Розетка,306606,7.0,3.806209
2024-08,ІМ-Розетка,306606,4.0,2.3256564
2024-09,ІМ-Розетка,306606,3.0,1.8769536
2024-10,ІМ-Розетка,306606,3.0,2.8714056
2024-11,ІМ-Розетка,306606,7.0,3.1036158
2024-12,ІМ-Розетка,306606,6.0,5.0692053
2025-01,ІМ-Розетка,306606,2.0,2.0863807
2025-02,ІМ-Розетка,306606,6.0,1.693821
2025-03,ІМ-Розетка,306606,3.0,1.8234222
2025-04,ІМ-Розетка,306606,3.0,1.2511948
2025-05,ІМ-Розетка,306606,3.0,1.1789298
2025-06,ІМ-Розетка,306606,1.0,0.8960936
2024-07,Антошка,306606,4.0,2.1367075
2024-08,Антошка,306606,3.0,1.449737
2024-09,Антошка,306606,0.0,1.4971107
2024-10,Антошка,306606,3.0,1.3362923
2024-11,Антошка,306606,2.0,1.5700846
2024-12,Антошка,306606,8.0,2.8833864
2025-01,Антошка,306606,2.0,1.4227858
2025-02,Антошка,306606,4.0,1.5799279
2025-03,Антошка,306606,3.0,1.7885606
2025-04,Антошка,306606,1.0,0.9947302
2025-05,Антошка,306606,2.0,0.8599001
2025-06,Антошка,306606,3.0,1.5441353
2024-07,БІ,306606,12.0,8.818947
2024-08,БІ,306606,7.0,5.5972567
2024-09,БІ,306606,10.0,4.7692494
2024-10,БІ,306606,21.0,8.965195
2024-11,БІ,306606,26.0,11.169622
2024-12,БІ,306606,22.0,19.318201
2025-01,БІ,306606,11.0,8.217241
2025-02,БІ,306606,13.0,9.145238
2025-03,БІ,306606,17.0,9.331069
2025-04,БІ,306606,10.0,6.7125735
2025-05,БІ,306606,15.0,6.4090676
2025-06,БІ,306606,15.0,10.213274
2024-07,Епіцентр,306606,1.0,1.1109864
2024-08,Епіцентр,306606,4.0,0.52170515
2024-09,Епіцентр,306606,4.0,0.725934
2024-10,Епіцентр,306606,4.0,0.8751501
2024-11,Епіцентр,306606,1.0,0.7485008
2024-12,Епіцентр,306606,0.0,1.1788558
2025-01,Епіцентр,306606,6.0,0.2324062
2025-02,Епіцентр,306606,3.0,0.8485384
2025-03,Епіцентр,306606,4.0,0.5866135
2025-04,Епіцентр,306606,0.0,0.43028408
2025-05,Епіцентр,306606,1.0,0.27116597
2025-06,Епіцентр,306606,0.0,0.377392
2024-07,МайПлей,306606,1.0,1.4390266
2024-08,МайПлей,306606,1.0,0.8708436
2024-09,МайПлей,306606,1.0,0.8539278
2024-10,МайПлей,306606,2.0,0.5642416
2024-11,МайПлей,306606,1.0,0.7116099
2024-12,МайПлей,306606,5.0,1.7223133
2025-01,МайПлей,306606,1.0,0.73243463
2025-02,МайПлей,306606,1.0,0.7740313
2025-03,МайПлей,306606,4.0,0.69559777
2025-04,МайПлей,306606,1.0,0.54911953
2025-05,МайПлей,306606,1.0,0.58647776
2025-06,МайПлей,306606,2.0,0.7011294
2024-07,Смік,306606,2.0,0.0
2024-08,Смік,306606,3.0,0.39327112
2024-09,Смік,306606,2.0,0.71884084
2024-10,Смік,306606,1.0,0.5319826
2024-11,Смік,306606,0.0,0.065899886
2024-12,Смік,306606,1.0,0.29033655
2025-01,Смік,306606,0.0,0.0012570169
2025-02,Смік,306606,0.0,0.0
2025-03,Смік,306606,3.0,0.0
2025-04,Смік,306606,0.0,0.29686645
2025-05,Смік,306606,4.0,0.0
2025-06,Смік,306606,4.0,0.76078874
2024-07,Чудо Острів,306606,1.0,4.037344
2024-08,Чудо Острів,306606,3.0,1.7928375
2024-09,Чудо Острів,306606,4.0,1.6324413
2024-10,Чудо Острів,306606,6.0,2.6745965
2024-11,Чудо Острів,306606,8.0,2.8358128
2024-12,Чудо Острів,306606,5.0,5.029018
2025-01,Чудо Острів,306606,6.0,2.7074797
2025-02,Чудо Острів,306606,7.0,3.089109
2025-03,Чудо Острів,306606,11.0,3.2794735
2025-04,Чудо Острів,306606,3.0,2.8975978
2025-05,Чудо Острів,306606,2.0,3.0097375
2025-06,Чудо Острів,306606,9.0,2.6134567
2024-07,Антошка,306832,6.0,2.4957988
2024-08,Антошка,306832,4.0,2.5470107
2024-09,Антошка,306832,5.0,2.2406652
2024-10,Антошка,306832,7.0,3.1737728
2024-11,Антошка,306832,5.0,3.4628704
2024-12,Антошка,306832,8.0,5.7298656
2025-01,Антошка,306832,9.0,3.040248
2025-02,Антошка,306832,10.0,1.6151991
2025-03,Антошка,306832,4.0,2.1957173
2025-04,Антошка,306832,1.0,1.8802382
2025-05,Антошка,306832,5.0,1.2364496
2025-06,Антошка,306832,5.0,1.6202067
2024-07,БІ,306832,3.0,2.3273163
2024-08,БІ,306832,5.0,2.0875673
2024-09,БІ,306832,5.0,2.4442446
2024-10,БІ,306832,8.0,3.4277306
2024-11,БІ,306832,7.0,4.3096967
2024-12,БІ,306832,13.0,7.2735295
2025-01,БІ,306832,10.0,3.684351
2025-02,БІ,306832,3.0,2.555942
2025-03,БІ,306832,7.0,1.6115937
2025-04,БІ,306832,8.0,1.7582922
2025-05,БІ,306832,3.0,2.2188249
2025-06,БІ,306832,3.0,1.5155987
2024-07,Епіцентр,306832,3.0,0.9276649
2024-08,Епіцентр,306832,2.0,0.85784763
2024-09,Епіцентр,306832,5.0,0.9701584
2024-10,Епіцентр,306832,4.0,1.451181
2024-11,Епіцентр,306832,7.0,1.9822878
2024-12,Епіцентр,306832,5.0,4.890253
2025-01,Епіцентр,306832,6.0,2.0353107
2025-02,Епіцентр,306832,3.0,1.1016793
2025-03,Епіцентр,306832,1.0,0.85064006
2025-04,Епіцентр,306832,0.0,0.0
2025-05,Епіцентр,306832,0.0,0.0
2025-06,Епіцентр,306832,0.0,0.0
2024-07,МайПлей,306832,2.0,0.74625975
2024-08,МайПлей,306832,3.0,1.0683306
2024-09,МайПлей,306832,4.0,1.2574382
2024-10,МайПлей,306832,2.0,1.231704
2024-11,МайПлей,306832,1.0,1.3019054
2024-12,МайПлей,306832,4.0,1.8136082
2025-01,МайПлей,306832,3.0,1.2170309
2025-02,МайПлей,306832,3.0,0.7972415
2025-03,МайПлей,306832,2.0,0.61129135
2025-04,МайПлей,306832,4.0,0.46501598
2025-05,МайПлей,306832,0.0,0.0
2025-06,МайПлей,306832,1.0,0.3011977
2024-07,Мегамаркет,306832,0.0,0.0
2024-08,Мегамаркет,306832,0.0,0.0
2024-09,Мегамаркет,306832,0.0,0.0
2024-10,Мегамаркет,306832,2.0,0.0
2024-11,Мегамаркет,306832,1.0,0.0
2024-12,Мегамаркет,306832,2.0,0.18102017
2025-01,Мегамаркет,306832,2.0,0.0
2025-02,Мегамаркет,306832,1.0,0.0
2025-03,Мегамаркет,306832,1.0,0.0
2025-04,Мегамаркет,306832,2.0,0.0
2025-05,Мегамаркет,306832,0.0,0.0
2025-06,Мегамаркет,306832,0.0,0.0
2024-07,Смік,306832,3.0,0.15297355
2024-08,Смік,306832,3.0,0.6775946
2024-09,Смік,306832,1.0,0.9889538
2024-10,Смік,306832,0.0,0.54965335
2024-11,Смік,306832,0.0,0.07315019
2024-12,Смік,306832,0.0,0.3244215
2025-01,Смік,306832,2.0,0.23799977
2025-02,Смік,306832,0.0,0.14000207
2025-03,Смік,306832,4.0,0.0
2025-04,Смік,306832,1.0,0.6388643
2025-05,Смік,306832,0.0,0.0
2025-06,Смік,306832,0.0,0.0
2024-07,Чудо Острів,306832,8.0,2.2998538
2024-08,Чудо Острів,306832,4.0,2.4408572
2024-09,Чудо Острів,306832,2.0,2.3157797
2024-10,Чудо Острів,306832,6.0,2.8721433
2024-11,Чудо Острів,306832,8.0,3.714996
2024-12,Чудо Острів,306832,13.0,10.422567
2025-01,Чудо Острів,306832,9.0,5.704231
2025-02,Чудо Острів,306832,9.0,2.7410915
2025-03,Чудо Острів,306832,7.0,3.0398557
2025-04,Чудо Острів,306832,2.0,2.6326523
2025-05,Чудо Острів,306832,3.0,2.366703
2025-06,Чудо Острів,306832,2.0,2.589609
2024-07,Антошка,306912I,12.0,5.8281817
2024-08,Антошка,306912I,22.0,8.156226
2024-09,Антошка,306912I,17.0,10.642319
2024-10,Антошка,306912I,56.0,15.004029
2024-11,Антошка,306912I,61.0,32.268517
2024-12,Антошка,306912I,101.0,44.267643
2025-01,Антошка,306912I,38.0,23.683294
2025-02,Антошка,306912I,32.0,16.11237
2025-03,Антошка,306912I,29.0,14.746484
2025-04,Антошка,306912I,29.0,18.667545
2025-05,Антошка,306912I,17.0,15.67185
2025-06,Антошка,306912I,18.0,8.880234
2024-07,БІ,306912I,42.0,23.930992
2024-08,БІ,306912I,41.0,23.709991
2024-09,БІ,306912I,36.0,24.160782
2024-10,БІ,306912I,90.0,33.876163
2024-11,БІ,306912I,88.0,47.246475
2024-12,БІ,306912I,85.0,70.20493
2025-01,БІ,306912I,40.0,22.929358
2025-02,БІ,306912I,19.0,20.317099
2025-03,БІ,306912I,14.0,14.296236
2025-04,БІ,306912I,39.0,16.286465
2025-05,БІ,306912I,37.0,18.834517
2025-06,БІ,306912I,25.0,16.79811
2024-07,Епіцентр,306912I,8.0,2.7529376
2024-08,Епіцентр,306912I,5.0,2.8364346
2024-09,Епіцентр,306912I,11.0,2.835627
2024-10,Епіцентр,306912I,17.0,5.4099426
2024-11,Епіцентр,306912I,22.0,6.712386
2024-12,Епіцентр,306912I,12.0,12.385799
2025-01,Епіцентр,306912I,8.0,2.666875
2025-02,Епіцентр,306912I,4.0,2.1646328
2025-03,Епіцентр,306912I,4.0,2.104187
2025-04,Епіцентр,306912I,0.0,2.6345053
2025-05,Епіцентр,306912I,4.0,1.9769261
2025-06,Епіцентр,306912I,3.0,1.2664334
2024-07,Клас,306912I,0.0,0.0
2024-08,Клас,306912I,3.0,0.19644272
2024-09,Клас,306912I,2.0,0.0
2024-10,Клас,306912I,1.0,0.098679364
2024-11,Клас,306912I,0.0,0.08008491
2024-12,Клас,306912I,1.0,0.234308
2025-01,Клас,306912I,0.0,0.0
2025-02,Клас,306912I,0.0,0.0
2025-03,Клас,306912I,1.0,0.0
2025-04,Клас,306912I,0.0,0.0
2025-05,Клас,306912I,1.0,0.0
2025-06,Клас,306912I,0.0,0.0
2024-07,Країна Казок,306912I,1.0,0.0
2024-08,Країна Казок,306912I,0.0,0.0
2024-09,Країна Казок,306912I,0.0,0.0
2024-10,Країна Казок,306912I,0.0,0.0
2024-11,Країна Казок,306912I,0.0,0.0
2024-12,Країна Казок,306912I,0.0,0.0
2025-01,Країна Казок,306912I,0.0,0.0
2025-02,Країна Казок,306912I,0.0,0.0
2025-03,Країна Казок,306912I,0.0,0.0
2025-04,Країна Казок,306912I,0.0,0.0
2025-05,Країна Казок,306912I,0.0,0.0
2025-06,Країна Казок,306912I,1.0,0.0
2024-07,МайПлей,306912I,0.0,2.2069488
2024-08,МайПлей,306912I,7.0,1.9146502
2024-09,МайПлей,306912I,5.0,2.232078
2024-10,МайПлей,306912I,6.0,4.444464
2024-11,МайПлей,306912I,6.0,3.8963978
2024-12,МайПлей,306912I,8.0,6.459066
2025-01,МайПлей,306912I,2.0,1.6319851
2025-02,МайПлей,306912I,1.0,1.2426777
2025-03,МайПлей,306912I,3.0,0.78061527
2025-04,МайПлей,306912I,7.0,1.3437724
2025-05,МайПлей,306912I,3.0,1.0797281
2025-06,МайПлей,306912I,3.0,1.5403138
2024-07,Мегамаркет,306912I,0.0,0.043497924
2024-08,Мегамаркет,306912I,2.0,0.26030695
2024-09,Мегамаркет,306912I,0.0,0.0
2024-10,Мегамаркет,306912I,2.0,0.3839535
2024-11,Мегамаркет,306912I,2.0,0.30026007
2024-12,Мегамаркет,306912I,1.0,0.55745304
2025-01,Мегамаркет,306912I,0.0,0.0
2025-02,Мегамаркет,306912I,1.0,0.0
2025-03,Мегамаркет,306912I,0.0,0.0
2025-04,Мегамаркет,306912I,1.0,0.0
2025-05,Мегамаркет,306912I,0.0,0.0
2025-06,Мегамаркет,306912I,0.0,0.0
2024-07,Монако,306912I,0.0,0.0
2024-08,Монако,306912I,1.0,0.24460378
2024-09,Монако,306912I,0.0,0.0
2024-10,Монако,306912I,1.0,0.28758666
2024-11,Монако,306912I,3.0,0.6470697
2024-12,Монако,306912I,0.0,0.0
2025-01,Монако,306912I,0.0,0.0
2025-02,Монако,306912I,0.0,0.0
2025-03,Монако,306912I,1.0,0.0
2025-04,Монако,306912I,1.0,0.118640594
2025-05,Монако,306912I,0.0,0.0
2025-06,Монако,306912I,0.0,0.0
2024-07,РОСТ,306912I,0.0,0.0
2024-08,РОСТ,306912I,1.0,0.0
2024-09,РОСТ,306912I,0.0,0.0
2024-10,РОСТ,306912I,1.0,0.0
2024-11,РОСТ,306912I,0.0,0.0
2024-12,РОСТ,306912I,2.0,0.0
2025-01,РОСТ,306912I,2.0,0.0
2025-02,РОСТ,306912I,0.0,0.0
2025-03,РОСТ,306912I,0.0,0.0
2025-04,РОСТ,306912I,0.0,0.0
2025-05,РОСТ,306912I,0.0,0.0
2025-06,РОСТ,306912I,0.0,0.0
2024-07,Росицька ФОП,306912I,0.0,0.0
2024-08,Росицька ФОП,306912I,0.0,0.0
2024-09,Росицька ФОП,306912I,0.0,0.0
2024-10,Росицька ФОП,306912I,0.0,0.0
2024-11,Росицька ФОП,306912I,1.0,0.0
2024-12,Росицька ФОП,306912I,3.0,0.12651496
2025-01,Росицька ФОП,306912I,0.0,0.0
2025-02,Росицька ФОП,306912I,0.0,0.0
2025-03,Росицька ФОП,306912I,0.0,0.0
2025-04,Росицька ФОП,306912I,0.0,0.0
2025-05,Росицька ФОП,306912I,0.0,0.0
2025-06,Росицька ФОП,306912I,0.0,0.0
2024-07,Смік,306912I,3.0,0.53012043
2024-08,Смік,306912I,2.0,1.0570328
2024-09,Смік,306912I,2.0,0.7809046
2024-10,Смік,306912I,0.0,1.7645296
2024-11,Смік,306912I,5.0,1.3866652
2024-12,Смік,306912I,4.0,3.1273997
2025-01,Смік,306912I,4.0,1.4030485
2025-02,Смік,306912I,3.0,1.079322
2025-03,Смік,306912I,3.0,0.7271483
2025-04,Смік,306912I,2.0,0.7181232
2025-05,Смік,306912I,4.0,0.5464403
2025-06,Смік,306912I,2.0,0.6676804
2024-07,Чудо Острів,306912I,9.0,3.294657
2024-08,Чудо Острів,306912I,18.0,3.6186368
2024-09,Чудо Острів,306912I,10.0,4.605084
2024-10,Чудо Острів,306912I,29.0,9.065241
2024-11,Чудо Острів,306912I,18.0,12.825493
2024-12,Чудо Острів,306912I,13.0,13.474346
2025-01,Чудо Острів,306912I,6.0,4.1779437
2025-02,Чудо Острів,306912I,0.0,1.8435031
2025-03,Чудо Острів,306912I,3.0,1.6845852
2025-04,Чудо Острів,306912I,7.0,3.237173
2025-05,Чудо Острів,306912I,10.0,3.4609025
2025-06,Чудо Острів,306912I,9.0,3.3798482
2024-07,Антошка,307015,2.0,0.91813695
2024-08,Антошка,307015,4.0,0.9362933
2024-09,Антошка,307015,2.0,0.9167216
2024-10,Антошка,307015,3.0,0.7875252
2024-11,Антошка,307015,2.0,0.91511464
2024-12,Антошка,307015,6.0,2.6279514
2025-01,Антошка,307015,3.0,1.4126683
2025-02,Антошка,307015,0.0,0.97393185
2025-03,Антошка,307015,2.0,0.65627784
2025-04,Антошка,307015,5.0,0.6133154
2025-05,Антошка,307015,3.0,1.2899861
2025-06,Антошка,307015,1.0,1.5119715
2024-07,БІ,307015,1.0,1.1018691
2024-08,БІ,307015,2.0,1.2235671
2024-09,БІ,307015,3.0,1.0451546
2024-10,БІ,307015,1.0,0.90013725
2024-11,БІ,307015,2.0,0.93270016
2024-12,БІ,307015,7.0,3.5707047
2025-01,БІ,307015,6.0,1.6441898
2025-02,БІ,307015,1.0,1.3407384
2025-03,БІ,307015,1.0,0.5029115
2025-04,БІ,307015,0.0,0.32291543
2025-05,БІ,307015,0.0,0.0
2025-06,БІ,307015,0.0,0.0
2024-07,Епіцентр,307015,0.0,0.0
2024-08,Епіцентр,307015,0.0,0.0
2024-09,Епіцентр,307015,1.0,0.0
2024-10,Епіцентр,307015,2.0,0.0
2024-11,Епіцентр,307015,5.0,0.19020797
2024-12,Епіцентр,307015,12.0,3.1932986
2025-01,Епіцентр,307015,5.0,1.8508167
2025-02,Епіцентр,307015,1.0,0.9885936
2025-03,Епіцентр,307015,1.0,0.44421855
2025-04,Епіцентр,307015,0.0,0.19750848
2025-05,Епіцентр,307015,1.0,0.11939255
2025-06,Епіцентр,307015,3.0,0.77074593
2024-07,МайПлей,307015,1.0,0.17703442
2024-08,МайПлей,307015,1.0,0.25385457
2024-09,МайПлей,307015,1.0,0.264374
2024-10,МайПлей,307015,0.0,0.0
2024-11,МайПлей,307015,1.0,0.0016497854
2024-12,МайПлей,307015,1.0,1.0481855
2025-01,МайПлей,307015,2.0,0.43686336
2025-02,МайПлей,307015,1.0,0.087310046
2025-03,МайПлей,307015,2.0,0.06411745
2025-04,МайПлей,307015,0.0,0.0181875
2025-05,МайПлей,307015,0.0,0.060954712
2025-06,МайПлей,307015,0.0,0.07968957
2024-07,Чудо Острів,307015,0.0,0.2537418
2024-08,Чудо Острів,307015,1.0,0.33757898
2024-09,Чудо Острів,307015,0.0,0.29685557
2024-10,Чудо Острів,307015,2.0,0.0936424
2024-11,Чудо Острів,307015,1.0,0.21891896
2024-12,Чудо Острів,307015,6.0,2.8626332
2025-01,Чудо Острів,307015,1.0,1.6662084
2025-02,Чудо Острів,307015,3.0,0.74650127
2025-03,Чудо Острів,307015,3.0,0.6642831
2025-04,Чудо Острів,307015,2.0,0.7698983
2025-05,Чудо Острів,307015,0.0,0.8241673
2025-06,Чудо Острів,307015,1.0,1.046887
2024-07,Антошка,310231,4.0,1.785686
2024-08,Антошка,310231,5.0,1.3139843
2024-09,Антошка,310231,0.0,0.11376376
2024-10,Антошка,310231,0.0,0.0
2024-11,Антошка,310231,3.0,0.7115234
2024-12,Антошка,310231,0.0,0.42187428
2025-01,Антошка,310231,0.0,0.0
2025-02,Антошка,310231,1.0,0.36420524
2025-03,Антошка,310231,1.0,0.4793851
2025-04,Антошка,310231,0.0,0.0
2025-05,Антошка,310231,1.0,0.44590235
2025-06,Антошка,310231,3.0,0.47700217
2024-07,Епіцентр,310231,3.0,0.28248295
2024-08,Епіцентр,310231,1.0,0.20642856
2024-09,Епіцентр,310231,1.0,0.149845
2024-10,Епіцентр,310231,1.0,0.1488162
2024-11,Епіцентр,310231,0.0,0.0
2024-12,Епіцентр,310231,6.0,1.0754384
2025-01,Епіцентр,310231,3.0,0.52765274
2025-02,Епіцентр,310231,3.0,0.24884245
2025-03,Епіцентр,310231,1.0,0.16441278
2025-04,Епіцентр,310231,0.0,0.0
2025-05,Епіцентр,310231,0.0,0.0
2025-06,Епіцентр,310231,1.0,0.11336226
2024-07,МайПлей,310231,4.0,0.458082
2024-08,МайПлей,310231,1.0,0.4297258
2024-09,МайПлей,310231,1.0,0.3389326
2024-10,МайПлей,310231,2.0,0.27152812
2024-11,МайПлей,310231,0.0,0.0
2024-12,МайПлей,310231,2.0,0.9881215
2025-01,МайПлей,310231,0.0,0.0
2025-02,МайПлей,310231,0.0,0.0
2025-03,МайПлей,310231,1.0,0.027324276
2025-04,МайПлей,310231,0.0,0.0
2025-05,МайПлей,310231,1.0,0.0
2025-06,МайПлей,310231,0.0,0.0
2024-07,Чудо Острів,310231,6.0,1.617018
2024-08,Чудо Острів,310231,2.0,0.9145862
2024-09,Чудо Острів,310231,0.0,0.0
2024-10,Чудо Острів,310231,0.0,0.0
2024-11,Чудо Острів,310231,1.0,0.4378834
2024-12,Чудо Острів,310231,6.0,1.939448
2025-01,Чудо Острів,310231,4.0,1.1696488
2025-02,Чудо Острів,310231,2.0,0.6498072
2025-03,Чудо Острів,310231,0.0,0.0
2025-04,Чудо Острів,310231,3.0,0.38798165
2025-05,Чудо Острів,310231,1.0,0.7138595
2025-06,Чудо Острів,310231,4.0,1.0446428
2024-07,Епіцентр,310247I,2.0,0.8551379
2024-08,Епіцентр,310247I,4.0,0.54027694
2024-09,Епіцентр,310247I,6.0,0.6389347
2024-10,Епіцентр,310247I,2.0,0.6108098
2024-11,Епіцентр,310247I,2.0,0.27935603
2024-12,Епіцентр,310247I,0.0,0.0
2025-01,Епіцентр,310247I,2.0,0.19170906
2025-02,Епіцентр,310247I,0.0,0.0
2025-03,Епіцентр,310247I,1.0,0.10305995
2025-04,Епіцентр,310247I,0.0,0.0
2025-05,Епіцентр,310247I,3.0,0.12456748
2025-06,Епіцентр,310247I,2.0,0.0
2024-07,Антошка,313021I,1.0,0.55602103
2024-08,Антошка,313021I,5.0,0.90430534
2024-09,Антошка,313021I,2.0,1.1429738
2024-10,Антошка,313021I,2.0,0.73682237
2024-11,Антошка,313021I,3.0,0.6808689
2024-12,Антошка,313021I,4.0,2.995888
2025-01,Антошка,313021I,1.0,1.2322288
2025-02,Антошка,313021I,3.0,0.70043355
2025-03,Антошка,313021I,6.0,0.29451144
2025-04,Антошка,313021I,2.0,0.8012451
2025-05,Антошка,313021I,0.0,0.56180817
2025-06,Антошка,313021I,0.0,0.52715755
2024-07,БІ,313021I,11.0,5.523038
2024-08,БІ,313021I,12.0,8.769613
2024-09,БІ,313021I,11.0,8.780466
2024-10,БІ,313021I,8.0,5.1496944
2024-11,БІ,313021I,13.0,5.409015
2024-12,БІ,313021I,26.0,16.901949
2025-01,БІ,313021I,20.0,9.13392
2025-02,БІ,313021I,9.0,6.9146376
2025-03,БІ,313021I,8.0,4.853709
2025-04,БІ,313021I,10.0,4.6886106
2025-05,БІ,313021I,12.0,4.650574
2025-06,БІ,313021I,10.0,8.167662
2024-07,Епіцентр,313021I,0.0,0.0
2024-08,Епіцентр,313021I,0.0,0.0
2024-09,Епіцентр,313021I,1.0,0.0
2024-10,Епіцентр,313021I,0.0,0.0
2024-11,Епіцентр,313021I,3.0,0.0
2024-12,Епіцентр,313021I,2.0,0.851453
2025-01,Епіцентр,313021I,2.0,0.18240176
2025-02,Епіцентр,313021I,0.0,0.017530758
2025-03,Епіцентр,313021I,0.0,0.0
2025-04,Епіцентр,313021I,0.0,0.0
2025-05,Епіцентр,313021I,0.0,0.0
2025-06,Епіцентр,313021I,0.0,0.0
2024-07,Літл Бук,313021I,0.0,0.0
2024-08,Літл Бук,313021I,0.0,0.0
2024-09,Літл Бук,313021I,0.0,0.0
2024-10,Літл Бук,313021I,0.0,0.0
2024-11,Літл Бук,313021I,0.0,0.0
2024-12,Літл Бук,313021I,2.0,0.3383698
2025-01,Літл Бук,313021I,0.0,0.0
2025-02,Літл Бук,313021I,0.0,0.0
2025-03,Літл Бук,313021I,0.0,0.0
2025-04,Літл Бук,313021I,0.0,0.0
2025-05,Літл Бук,313021I,0.0,0.0
2025-06,Літл Бук,313021I,1.0,0.0
2024-07,МайПлей,313021I,1.0,0.66019934
2024-08,МайПлей,313021I,1.0,0.7378846
2024-09,МайПлей,313021I,4.0,0.96842104
2024-10,МайПлей,313021I,2.0,0.54771024
2024-11,МайПлей,313021I,4.0,0.8895992
2024-12,МайПлей,313021I,5.0,2.3359888
2025-01,МайПлей,313021I,3.0,1.2391421
2025-02,МайПлей,313021I,1.0,0.533675
2025-03,МайПлей,313021I,2.0,0.32933912
2025-04,МайПлей,313021I,0.0,0.29056385
2025-05,МайПлей,313021I,1.0,0.37331706
2025-06,МайПлей,313021I,2.0,1.0560274
2024-07,Смік,313021I,2.0,0.0
2024-08,Смік,313021I,2.0,0.12250982
2024-09,Смік,313021I,2.0,0.049240485
2024-10,Смік,313021I,0.0,0.18760654
2024-11,Смік,313021I,0.0,0.0
2024-12,Смік,313021I,2.0,0.20682102
2025-01,Смік,313021I,0.0,0.07143935
2025-02,Смік,313021I,1.0,0.0
2025-03,Смік,313021I,0.0,0.0
2025-04,Смік,313021I,0.0,0.0
2025-05,Смік,313021I,1.0,0.0
2025-06,Смік,313021I,0.0,0.05336342
2024-07,Чудо Острів,313021I,1.0,0.66821325
2024-08,Чудо Острів,313021I,2.0,0.82040983
2024-09,Чудо Острів,313021I,2.0,0.72654617
2024-10,Чудо Острів,313021I,1.0,0.47441688
2024-11,Чудо Острів,313021I,2.0,0.44257358
2024-12,Чудо Острів,313021I,6.0,2.2505949
2025-01,Чудо Острів,313021I,3.0,1.49958
2025-02,Чудо Острів,313021I,0.0,0.0
2025-03,Чудо Острів,313021I,3.0,0.3685985
2025-04,Чудо Острів,313021I,1.0,0.55009454
2025-05,Чудо Острів,313021I,0.0,0.59047705
2025-06,Чудо Острів,313021I,4.0,0.49932596
2024-07,Антошка,313037,0.0,0.0
2024-08,Антошка,313037,1.0,0.0
2024-09,Антошка,313037,0.0,0.0
2024-10,Антошка,313037,0.0,0.0
2024-11,Антошка,313037,0.0,0.0
2024-12,Антошка,313037,0.0,0.12882733
2025-01,Антошка,313037,1.0,0.0
2025-02,Антошка,313037,4.0,0.0
2025-03,Антошка,313037,0.0,0.0
2025-04,Антошка,313037,0.0,0.0
2025-05,Антошка,313037,0.0,0.0
2025-06,Антошка,313037,1.0,0.0
2024-07,БІ,313037,1.0,0.0
2024-08,БІ,313037,1.0,0.0
2024-09,БІ,313037,0.0,0.0
2024-10,БІ,313037,2.0,0.0
2024-11,БІ,313037,1.0,0.0
2024-12,БІ,313037,1.0,1.6374592
2025-01,БІ,313037,1.0,0.33954662
2025-02,БІ,313037,1.0,0.0
2025-03,БІ,313037,3.0,0.0
2025-04,БІ,313037,1.0,0.0
2025-05,БІ,313037,2.0,0.0
2025-06,БІ,313037,0.0,0.0
2024-07,Антошка,315023,3.0,2.22311
2024-08,Антошка,315023,5.0,1.2069556
2024-09,Антошка,315023,0.0,0.029615728
2024-10,Антошка,315023,0.0,0.0
2024-11,Антошка,315023,0.0,0.0
2024-12,Антошка,315023,3.0,2.0871167
2025-01,Антошка,315023,0.0,0.0022517722
2025-02,Антошка,315023,2.0,0.45259902
2025-03,Антошка,315023,2.0,0.5908582
2025-04,Антошка,315023,3.0,0.7896447
2025-05,Антошка,315023,1.0,0.9208556
2025-06,Антошка,315023,1.0,0.91177523
2024-07,Епіцентр,315023,2.0,0.74864256
2024-08,Епіцентр,315023,1.0,0.14363226
2024-09,Епіцентр,315023,0.0,0.0
2024-10,Епіцентр,315023,1.0,0.26909935
2024-11,Епіцентр,315023,0.0,0.0
2024-12,Епіцентр,315023,3.0,1.0416285
2025-01,Епіцентр,315023,4.0,0.40092945
2025-02,Епіцентр,315023,1.0,0.26497966
2025-03,Епіцентр,315023,2.0,0.160381
2025-04,Епіцентр,315023,0.0,0.0
2025-05,Епіцентр,315023,1.0,0.20441176
2025-06,Епіцентр,315023,0.0,0.0
2024-07,МайПлей,315023,1.0,0.44835898
2024-08,МайПлей,315023,1.0,0.29209068
2024-09,МайПлей,315023,0.0,0.0
2024-10,МайПлей,315023,1.0,0.14654051
2024-11,МайПлей,315023,0.0,0.0
2024-12,МайПлей,315023,1.0,0.6271429
2025-01,МайПлей,315023,0.0,0.0
2025-02,МайПлей,315023,0.0,0.0
2025-03,МайПлей,315023,1.0,0.0
2025-04,МайПлей,315023,1.0,0.15772171
2025-05,МайПлей,315023,1.0,0.13594404
2025-06,МайПлей,315023,1.0,0.2602032
2024-07,Смік,315023,3.0,0.0
2024-08,Смік,315023,3.0,0.33776107
2024-09,Смік,315023,0.0,0.31522194
2024-10,Смік,315023,0.0,0.06969087
2024-11,Смік,315023,0.0,0.0
2024-12,Смік,315023,0.0,0.0
2025-01,Смік,315023,0.0,0.0
2025-02,Смік,315023,0.0,0.0
2025-03,Смік,315023,1.0,0.0
2025-04,Смік,315023,1.0,0.0
2025-05,Смік,315023,0.0,0.0
2025-06,Смік,315023,2.0,0.0
2024-07,Чудо Острів,315023,2.0,1.0027593
2024-08,Чудо Острів,315023,4.0,0.73421824
2024-09,Чудо Острів,315023,0.0,0.0
2024-10,Чудо Острів,315023,6.0,0.55141413
2024-11,Чудо Острів,315023,2.0,0.8261375
2024-12,Чудо Острів,315023,8.0,2.5369942
2025-01,Чудо Острів,315023,0.0,0.2126189
2025-02,Чудо Острів,315023,3.0,0.60667366
2025-03,Чудо Острів,315023,1.0,0.7227749
2025-04,Чудо Острів,315023,1.0,0.72274864
2025-05,Чудо Острів,315023,1.0,0.67421645
2025-06,Чудо Острів,315023,2.0,1.0288322
2024-07,Антошка,315058,8.0,1.0380645
2024-08,Антошка,315058,2.0,1.3130229
2024-09,Антошка,315058,2.0,0.72698563
2024-10,Антошка,315058,0.0,0.0
2024-11,Антошка,315058,1.0,0.6336938
2024-12,Антошка,315058,9.0,1.7255898
2025-01,Антошка,315058,0.0,0.18311097
2025-02,Антошка,315058,0.0,0.0
2025-03,Антошка,315058,1.0,0.15475573
2025-04,Антошка,315058,1.0,0.47180417
2025-05,Антошка,315058,0.0,0.0
2025-06,Антошка,315058,0.0,0.0
2024-07,БІ,315058,4.0,3.6951272
2024-08,БІ,315058,9.0,2.8021774
2024-09,БІ,315058,6.0,2.7223773
2024-10,БІ,315058,5.0,2.6575472
2024-11,БІ,315058,2.0,3.1391718
2024-12,БІ,315058,14.0,6.580945
2025-01,БІ,315058,7.0,4.0217757
2025-02,БІ,315058,4.0,3.0849843
2025-03,БІ,315058,16.0,2.169109
2025-04,БІ,315058,2.0,3.6291783
2025-05,БІ,315058,11.0,2.2777896
2025-06,БІ,315058,6.0,4.212213
2024-07,Епіцентр,315058,1.0,0.0
2024-08,Епіцентр,315058,0.0,0.0
2024-09,Епіцентр,315058,1.0,0.0
2024-10,Епіцентр,315058,0.0,0.0
2024-11,Епіцентр,315058,2.0,0.0
2024-12,Епіцентр,315058,1.0,0.62208104
2025-01,Епіцентр,315058,1.0,0.100822
2025-02,Епіцентр,315058,0.0,0.0
2025-03,Епіцентр,315058,1.0,0.0
2025-04,Епіцентр,315058,0.0,0.0
2025-05,Епіцентр,315058,1.0,0.0
2025-06,Епіцентр,315058,0.0,0.0
2024-07,МайПлей,315058,1.0,0.40057218
2024-08,МайПлей,315058,4.0,0.25903207
2024-09,МайПлей,315058,1.0,0.4324712
2024-10,МайПлей,315058,1.0,0.28078738
2024-11,МайПлей,315058,0.0,0.0
2024-12,МайПлей,315058,2.0,0.9117344
2025-01,МайПлей,315058,1.0,0.5982219
2025-02,МайПлей,315058,1.0,0.2463308
2025-03,МайПлей,315058,0.0,0.0
2025-04,МайПлей,315058,2.0,0.083315395
2025-05,МайПлей,315058,0.0,0.0
2025-06,МайПлей,315058,0.0,0.0
2024-07,Чудо Острів,315058,3.0,1.1271653
2024-08,Чудо Острів,315058,1.0,0.896068
2024-09,Чудо Острів,315058,4.0,0.7873312
2024-10,Чудо Острів,315058,1.0,0.7770678
2024-11,Чудо Острів,315058,4.0,0.65273416
2024-12,Чудо Острів,315058,3.0,2.8270888
2025-01,Чудо Острів,315058,2.0,1.115052
2025-02,Чудо Острів,315058,2.0,0.60265464
2025-03,Чудо Острів,315058,5.0,0.46733806
2025-04,Чудо Острів,315058,0.0,0.029531838
2025-05,Чудо Острів,315058,3.0,0.6307979
2025-06,Чудо Острів,315058,0.0,0.091482766
2024-07,БІ,315068,3.0,2.8764126
2024-08,БІ,315068,7.0,1.8374894
2024-09,БІ,315068,3.0,1.9370843
2024-10,БІ,315068,7.0,1.5007097
2024-11,БІ,315068,3.0,2.385543
2024-12,БІ,315068,13.0,5.6786413
2025-01,БІ,315068,4.0,2.615662
2025-02,БІ,315068,2.0,2.0264654
2025-03,БІ,315068,16.0,1.3704578
2025-04,БІ,315068,11.0,2.2856169
2025-05,БІ,315068,10.0,1.2914115
2025-06,БІ,315068,0.0,0.7072356
2024-07,МайПлей,315068,4.0,0.43692246
2024-08,МайПлей,315068,0.0,0.45313781
2024-09,МайПлей,315068,0.0,0.031504028
2024-10,МайПлей,315068,3.0,0.0
2024-11,МайПлей,315068,0.0,0.21595548
2024-12,МайПлей,315068,3.0,1.000363
2025-01,МайПлей,315068,2.0,0.75544643
2025-02,МайПлей,315068,1.0,0.30810657
2025-03,МайПлей,315068,1.0,0.24996911
2025-04,МайПлей,315068,2.0,0.19858505
2025-05,МайПлей,315068,2.0,0.085944995
2025-06,МайПлей,315068,4.0,0.10352988
2024-07,Чудо Острів,315068,3.0,0.89342326
2024-08,Чудо Острів,315068,3.0,0.63524806
2024-09,Чудо Острів,315068,2.0,0.53591853
2024-10,Чудо Острів,315068,5.0,0.48765394
2024-11,Чудо Острів,315068,0.0,0.6318245
2024-12,Чудо Острів,315068,3.0,2.0211356
2025-01,Чудо Острів,315068,0.0,0.02426729
2025-02,Чудо Острів,315068,0.0,0.0
2025-03,Чудо Острів,315068,6.0,0.35397246
2025-04,Чудо Острів,315068,1.0,0.9524995
2025-05,Чудо Острів,315068,3.0,0.55936104
2025-06,Чудо Острів,315068,3.0,0.8122353
2024-07,Чудо Острів,315072I,0.0,0.0
2024-08,Чудо Острів,315072I,2.0,0.44946253
2024-09,Чудо Острів,315072I,3.0,0.51441246
2024-10,Чудо Острів,315072I,0.0,0.0
2024-11,Чудо Острів,315072I,0.0,0.0
2024-12,Чудо Острів,315072I,5.0,1.2578028
2025-01,Чудо Острів,315072I,4.0,0.6623635
2025-02,Чудо Острів,315072I,0.0,0.0
2025-03,Чудо Острів,315072I,1.0,0.29610676
2025-04,Чудо Острів,315072I,0.0,0.0
2025-05,Чудо Острів,315072I,2.0,0.2034854
2025-06,Чудо Острів,315072I,0.0,0.0
2024-07,Антошка,315092,5.0,3.6296728
2024-08,Антошка,315092,8.0,3.5995393
2024-09,Антошка,315092,8.0,3.715764
2024-10,Антошка,315092,14.0,2.9527888
2024-11,Антошка,315092,8.0,4.222915
2024-12,Антошка,315092,38.0,11.8687105
2025-01,Антошка,315092,15.0,10.719743
2025-02,Антошка,315092,9.0,3.724436
2025-03,Антошка,315092,19.0,3.2909398
2025-04,Антошка,315092,3.0,4.8199754
2025-05,Антошка,315092,5.0,2.6278796
2025-06,Антошка,315092,3.0,2.1851785
2024-07,БІ,315092,13.0,7.064173
2024-08,БІ,315092,22.0,10.862707
2024-09,БІ,315092,15.0,11.328225
2024-10,БІ,315092,15.0,7.2294617
2024-11,БІ,315092,19.0,8.484753
2024-12,БІ,315092,70.0,29.345383
2025-01,БІ,315092,22.0,15.752516
2025-02,БІ,315092,8.0,10.951119
2025-03,БІ,315092,10.0,6.652612
2025-04,БІ,315092,7.0,6.4970703
2025-05,БІ,315092,12.0,5.2439685
2025-06,БІ,315092,9.0,6.303791
2024-07,Епіцентр,315092,1.0,0.5031945
2024-08,Епіцентр,315092,5.0,0.9311195
2024-09,Епіцентр,315092,3.0,0.87333316
2024-10,Епіцентр,315092,1.0,0.9705716
2024-11,Епіцентр,315092,2.0,0.9928574
2024-12,Епіцентр,315092,10.0,3.8300982
2025-01,Епіцентр,315092,3.0,1.7302417
2025-02,Епіцентр,315092,2.0,0.62802327
2025-03,Епіцентр,315092,4.0,0.25683278
2025-04,Епіцентр,315092,0.0,0.5372061
2025-05,Епіцентр,315092,2.0,0.7140633
2025-06,Епіцентр,315092,4.0,0.4516131
2024-07,МайПлей,315092,1.0,0.44558886
2024-08,МайПлей,315092,2.0,0.8697678
2024-09,МайПлей,315092,1.0,0.55792385
2024-10,МайПлей,315092,1.0,0.35773432
2024-11,МайПлей,315092,3.0,0.6893503
2024-12,МайПлей,315092,7.0,3.339858
2025-01,МайПлей,315092,2.0,2.315907
2025-02,МайПлей,315092,1.0,0.7945414
2025-03,МайПлей,315092,1.0,0.5112795
2025-04,МайПлей,315092,1.0,0.36412582
2025-05,МайПлей,315092,0.0,0.18264818
2025-06,МайПлей,315092,1.0,0.2720135
2024-07,Мегамаркет,315092,0.0,0.0
2024-08,Мегамаркет,315092,1.0,0.0
2024-09,Мегамаркет,315092,0.0,0.0
2024-10,Мегамаркет,315092,2.0,0.0
2024-11,Мегамаркет,315092,0.0,0.0
2024-12,Мегамаркет,315092,3.0,0.061393734
2025-01,Мегамаркет,315092,0.0,0.0
2025-02,Мегамаркет,315092,0.0,0.0
2025-03,Мегамаркет,315092,0.0,0.0
2025-04,Мегамаркет,315092,0.0,0.0
2025-05,Мегамаркет,315092,0.0,0.0
2025-06,Мегамаркет,315092,3.0,0.0
2024-07,Смік,315092,0.0,0.0
2024-08,Смік,315092,1.0,0.0
2024-09,Смік,315092,1.0,0.051621754
2024-10,Смік,315092,0.0,0.0
2024-11,Смік,315092,2.0,0.0
2024-12,Смік,315092,2.0,0.6064078
2025-01,Смік,315092,0.0,0.113490015
2025-02,Смік,315092,0.0,0.0
2025-03,Смік,315092,1.0,0.0
2025-04,Смік,315092,2.0,0.0
2025-05,Смік,315092,2.0,0.0
2025-06,Смік,315092,0.0,0.0
2024-07,Чудо Острів,315092,7.0,2.0454433
2024-08,Чудо Острів,315092,5.0,2.752634
2024-09,Чудо Острів,315092,5.0,2.2176418
2024-10,Чудо Острів,315092,1.0,1.8788905
2024-11,Чудо Острів,315092,1.0,1.8096015
2024-12,Чудо Острів,315092,24.0,5.5003667
2025-01,Чудо Острів,315092,6.0,5.525384
2025-02,Чудо Острів,315092,2.0,2.1038587
2025-03,Чудо Острів,315092,3.0,1.5102488
2025-04,Чудо Острів,315092,4.0,1.8943107
2025-05,Чудо Острів,315092,3.0,1.8957906
2025-06,Чудо Острів,315092,3.0,1.688536
2024-07,ІМ-МауДау,315093I,0.0,0.0
2024-08,ІМ-МауДау,315093I,0.0,0.0
2024-09,ІМ-МауДау,315093I,2.0,0.037791
2024-10,ІМ-МауДау,315093I,0.0,0.0
2024-11,ІМ-МауДау,315093I,0.0,0.0
2024-12,ІМ-МауДау,315093I,0.0,0.0
2025-01,ІМ-МауДау,315093I,0.0,0.0
2025-02,ІМ-МауДау,315093I,0.0,0.0
2025-03,ІМ-МауДау,315093I,0.0,0.0
2025-04,ІМ-МауДау,315093I,0.0,0.0
2025-05,ІМ-МауДау,315093I,0.0,0.0
2025-06,ІМ-МауДау,315093I,0.0,0.0
2024-07,ІМ-Розетка,315093I,0.0,0.0
2024-08,ІМ-Розетка,315093I,0.0,0.0
2024-09,ІМ-Розетка,315093I,1.0,0.0
2024-10,ІМ-Розетка,315093I,0.0,0.26564252
2024-11,ІМ-Розетка,315093I,1.0,0.40876985
2024-12,ІМ-Розетка,315093I,2.0,1.3286276
2025-01,ІМ-Розетка,315093I,2.0,0.21224377
2025-02,ІМ-Розетка,315093I,0.0,0.0
2025-03,ІМ-Розетка,315093I,0.0,0.0
2025-04,ІМ-Розетка,315093I,0.0,0.0
2025-05,ІМ-Розетка,315093I,0.0,0.0
2025-06,ІМ-Розетка,315093I,2.0,0.0
2024-07,Антошка,315093I,15.0,6.416747
2024-08,Антошка,315093I,5.0,4.2491655
2024-09,Антошка,315093I,10.0,3.2664275
2024-10,Антошка,315093I,5.0,3.9976451
2024-11,Антошка,315093I,11.0,4.0282598
2024-12,Антошка,315093I,17.0,10.642385
2025-01,Антошка,315093I,11.0,5.088642
2025-02,Антошка,315093I,13.0,3.7602134
2025-03,Антошка,315093I,6.0,4.004734
2025-04,Антошка,315093I,4.0,3.1894202
2025-05,Антошка,315093I,5.0,2.8132057
2025-06,Антошка,315093I,5.0,2.5024378
2024-07,БІ,315093I,15.0,13.359501
2024-08,БІ,315093I,14.0,8.224469
2024-09,БІ,315093I,12.0,8.270129
2024-10,БІ,315093I,11.0,8.047907
2024-11,БІ,315093I,14.0,7.964994
2024-12,БІ,315093I,54.0,18.666992
2025-01,БІ,315093I,25.0,12.559251
2025-02,БІ,315093I,12.0,9.190228
2025-03,БІ,315093I,29.0,7.980636
2025-04,БІ,315093I,29.0,10.957732
2025-05,БІ,315093I,31.0,11.97283
2025-06,БІ,315093I,13.0,16.490633
2024-07,Епіцентр,315093I,2.0,1.0051149
2024-08,Епіцентр,315093I,1.0,0.66551036
2024-09,Епіцентр,315093I,5.0,0.6381321
2024-10,Епіцентр,315093I,3.0,0.7178882
2024-11,Епіцентр,315093I,6.0,0.860843
2024-12,Епіцентр,315093I,9.0,3.9148667
2025-01,Епіцентр,315093I,5.0,1.1677319
2025-02,Епіцентр,315093I,2.0,1.218698
2025-03,Епіцентр,315093I,1.0,0.62322253
2025-04,Епіцентр,315093I,0.0,0.49904636
2025-05,Епіцентр,315093I,0.0,0.3809268
2025-06,Епіцентр,315093I,2.0,0.03437858
2024-07,МайПлей,315093I,2.0,0.69498277
2024-08,МайПлей,315093I,1.0,0.78810674
2024-09,МайПлей,315093I,0.0,0.7751648
2024-10,МайПлей,315093I,2.0,0.6887225
2024-11,МайПлей,315093I,2.0,0.7733348
2024-12,МайПлей,315093I,2.0,2.190593
2025-01,МайПлей,315093I,2.0,0.96320695
2025-02,МайПлей,315093I,0.0,0.0
2025-03,МайПлей,315093I,1.0,0.22506751
2025-04,МайПлей,315093I,4.0,0.50045705
2025-05,МайПлей,315093I,2.0,0.79142064
2025-06,МайПлей,315093I,3.0,0.65627843
2024-07,Мегамаркет,315093I,2.0,0.0
2024-08,Мегамаркет,315093I,1.0,0.0
2024-09,Мегамаркет,315093I,1.0,0.007856614
2024-10,Мегамаркет,315093I,0.0,0.0
2024-11,Мегамаркет,315093I,0.0,0.0
2024-12,Мегамаркет,315093I,3.0,0.0
2025-01,Мегамаркет,315093I,0.0,0.0
2025-02,Мегамаркет,315093I,0.0,0.0
2025-03,Мегамаркет,315093I,1.0,0.0
2025-04,Мегамаркет,315093I,0.0,0.0
2025-05,Мегамаркет,315093I,0.0,0.0
2025-06,Мегамаркет,315093I,0.0,0.0
2024-07,Монако,315093I,0.0,0.0
2024-08,Монако,315093I,0.0,0.0
2024-09,Монако,315093I,0.0,0.0
2024-10,Монако,315093I,1.0,0.0
2024-11,Монако,315093I,2.0,0.17600259
2024-12,Монако,315093I,0.0,0.0258874
2025-01,Монако,315093I,0.0,0.0
2025-02,Монако,315093I,0.0,0.0
2025-03,Монако,315093I,0.0,0.0
2025-04,Монако,315093I,0.0,0.0
2025-05,Монако,315093I,0.0,0.0
2025-06,Монако,315093I,0.0,0.0
2024-07,Чудо Острів,315093I,5.0,2.434955
2024-08,Чудо Острів,315093I,2.0,2.372534
2024-09,Чудо Острів,315093I,2.0,1.5323577
2024-10,Чудо Острів,315093I,3.0,1.8876683
2024-11,Чудо Острів,315093I,4.0,2.476006
2024-12,Чудо Острів,315093I,6.0,6.264662
2025-01,Чудо Острів,315093I,10.0,2.2621684
2025-02,Чудо Острів,315093I,3.0,2.2826517
2025-03,Чудо Острів,315093I,6.0,1.4934895
2025-04,Чудо Острів,315093I,7.0,1.912142
2025-05,Чудо Острів,315093I,5.0,2.5304623
2025-06,Чудо Острів,315093I,3.0,2.5659611
2024-07,Антошка,315107,9.0,5.1121736
2024-08,Антошка,315107,8.0,3.0453854
2024-09,Антошка,315107,6.0,2.9474132
2024-10,Антошка,315107,5.0,3.1570954
2024-11,Антошка,315107,4.0,2.9115326
2024-12,Антошка,315107,3.0,3.338903
2025-01,Антошка,315107,2.0,1.5286033
2025-02,Антошка,315107,3.0,1.7669127
2025-03,Антошка,315107,5.0,2.0725975
2025-04,Антошка,315107,4.0,1.3255588
2025-05,Антошка,315107,4.0,1.788189
2025-06,Антошка,315107,2.0,1.7781408
2024-07,БІ,315107,11.0,7.003094
2024-08,БІ,315107,13.0,5.03155
2024-09,БІ,315107,3.0,4.4778214
2024-10,БІ,315107,14.0,4.4345226
2024-11,БІ,315107,8.0,5.8282027
2024-12,БІ,315107,8.0,7.6889277
2025-01,БІ,315107,2.0,3.9626858
2025-02,БІ,315107,8.0,4.1724243
2025-03,БІ,315107,11.0,3.9892673
2025-04,БІ,315107,5.0,2.8719125
2025-05,БІ,315107,8.0,2.6817586
2025-06,БІ,315107,5.0,2.5396068
2024-07,Епіцентр,315107,5.0,0.89652246
2024-08,Епіцентр,315107,1.0,0.64627826
2024-09,Епіцентр,315107,2.0,0.6189371
2024-10,Епіцентр,315107,5.0,0.8532924
2024-11,Епіцентр,315107,4.0,0.91564125
2024-12,Епіцентр,315107,1.0,2.3673189
2025-01,Епіцентр,315107,2.0,0.47705156
2025-02,Епіцентр,315107,2.0,0.63624364
2025-03,Епіцентр,315107,6.0,0.75614023
2025-04,Епіцентр,315107,0.0,0.8531515
2025-05,Епіцентр,315107,4.0,0.521059
2025-06,Епіцентр,315107,6.0,0.6792258
2024-07,МайПлей,315107,3.0,0.9020468
2024-08,МайПлей,315107,0.0,0.84186035
2024-09,МайПлей,315107,3.0,0.35327795
2024-10,МайПлей,315107,4.0,1.1212054
2024-11,МайПлей,315107,0.0,0.76094973
2024-12,МайПлей,315107,0.0,1.2431781
2025-01,МайПлей,315107,3.0,0.311069
2025-02,МайПлей,315107,2.0,0.47349975
2025-03,МайПлей,315107,2.0,0.61192036
2025-04,МайПлей,315107,1.0,0.56793344
2025-05,МайПлей,315107,0.0,0.36056033
2025-06,МайПлей,315107,3.0,0.35800448
2024-07,Мегамаркет,315107,0.0,0.0
2024-08,Мегамаркет,315107,0.0,0.0
2024-09,Мегамаркет,315107,1.0,0.0
2024-10,Мегамаркет,315107,0.0,0.0
2024-11,Мегамаркет,315107,0.0,0.0
2024-12,Мегамаркет,315107,0.0,0.0
2025-01,Мегамаркет,315107,0.0,0.0
2025-02,Мегамаркет,315107,0.0,0.0
2025-03,Мегамаркет,315107,0.0,0.0
2025-04,Мегамаркет,315107,1.0,0.0
2025-05,Мегамаркет,315107,0.0,0.0
2025-06,Мегамаркет,315107,1.0,0.0
2024-07,Монако,315107,0.0,0.0
2024-08,Монако,315107,2.0,0.18276244
2024-09,Монако,315107,1.0,0.20955719
2024-10,Монако,315107,2.0,0.27402028
2024-11,Монако,315107,0.0,0.0
2024-12,Монако,315107,0.0,0.0
2025-01,Монако,315107,0.0,0.0
2025-02,Монако,315107,1.0,0.23520273
2025-03,Монако,315107,1.0,0.11664875
2025-04,Монако,315107,1.0,0.07780235
2025-05,Монако,315107,0.0,0.0
2025-06,Монако,315107,1.0,0.105416745
2024-07,Чудо Острів,315107,8.0,1.8773158
2024-08,Чудо Острів,315107,9.0,2.1985857
2024-09,Чудо Острів,315107,9.0,2.7548187
2024-10,Чудо Острів,315107,11.0,4.579442
2024-11,Чудо Острів,315107,10.0,5.012378
2024-12,Чудо Острів,315107,13.0,7.5603266
2025-01,Чудо Острів,315107,2.0,4.0804415
2025-02,Чудо Острів,315107,9.0,3.678306
2025-03,Чудо Острів,315107,11.0,4.6951475
2025-04,Чудо Острів,315107,5.0,3.0789495
2025-05,Чудо Острів,315107,7.0,3.465113
2025-06,Чудо Острів,315107,9.0,3.4966412
2024-07,Епіцентр,315132,2.0,1.570824
2024-08,Епіцентр,315132,4.0,1.3642738
2024-09,Епіцентр,315132,11.0,1.4100798
2024-10,Епіцентр,315132,8.0,1.7668896
2024-11,Епіцентр,315132,6.0,1.1137818
2024-12,Епіцентр,315132,5.0,2.6763737
2025-01,Епіцентр,315132,5.0,0.51359355
2025-02,Епіцентр,315132,1.0,0.3647526
2025-03,Епіцентр,315132,3.0,0.32539117
2025-04,Епіцентр,315132,0.0,0.0
2025-05,Епіцентр,315132,0.0,0.09159025
2025-06,Епіцентр,315132,2.0,0.26987842
2024-07,Смік,315132,2.0,0.149456
2024-08,Смік,315132,0.0,0.1916273
2024-09,Смік,315132,0.0,0.14082938
2024-10,Смік,315132,1.0,0.0
2024-11,Смік,315132,0.0,0.0
2024-12,Смік,315132,0.0,0.0
2025-01,Смік,315132,0.0,0.0
2025-02,Смік,315132,0.0,0.0
2025-03,Смік,315132,0.0,0.0
2025-04,Смік,315132,0.0,0.0
2025-05,Смік,315132,0.0,0.0
2025-06,Смік,315132,0.0,0.0
2024-07,Епіцентр,315133,3.0,1.019521
2024-08,Епіцентр,315133,8.0,1.126089
2024-09,Епіцентр,315133,8.0,1.7852105
2024-10,Епіцентр,315133,8.0,1.934192
2024-11,Епіцентр,315133,5.0,1.3647952
2024-12,Епіцентр,315133,10.0,2.55645
2025-01,Епіцентр,315133,3.0,0.6917954
2025-02,Епіцентр,315133,2.0,0.48548007
2025-03,Епіцентр,315133,2.0,0.5047377
2025-04,Епіцентр,315133,0.0,0.0
2025-05,Епіцентр,315133,4.0,0.8789365
2025-06,Епіцентр,315133,0.0,0.0
2024-07,МайПлей,315133,4.0,1.5802189
2024-08,МайПлей,315133,4.0,1.5224597
2024-09,МайПлей,315133,2.0,1.3969871
2024-10,МайПлей,315133,1.0,1.1809354
2024-11,МайПлей,315133,0.0,0.36471835
2024-12,МайПлей,315133,3.0,0.85751754
2025-01,МайПлей,315133,1.0,0.22917026
2025-02,МайПлей,315133,3.0,0.30713022
2025-03,МайПлей,315133,1.0,0.3496865
2025-04,МайПлей,315133,2.0,0.21620555
2025-05,МайПлей,315133,0.0,0.0
2025-06,МайПлей,315133,3.0,0.269736
2024-07,Мегамаркет,315133,2.0,0.007572989
2024-08,Мегамаркет,315133,1.0,0.0308355
2024-09,Мегамаркет,315133,2.0,0.09059756
2024-10,Мегамаркет,315133,0.0,0.09007291
2024-11,Мегамаркет,315133,1.0,0.0
2024-12,Мегамаркет,315133,0.0,0.0
2025-01,Мегамаркет,315133,1.0,0.0
2025-02,Мегамаркет,315133,0.0,0.0
2025-03,Мегамаркет,315133,0.0,0.0
2025-04,Мегамаркет,315133,0.0,0.0
2025-05,Мегамаркет,315133,1.0,0.0
2025-06,Мегамаркет,315133,1.0,0.0
2024-07,Смік,315133,3.0,0.039253216
2024-08,Смік,315133,3.0,0.5327539
2024-09,Смік,315133,0.0,0.5398197
2024-10,Смік,315133,0.0,0.28379324
2024-11,Смік,315133,0.0,0.0
2024-12,Смік,315133,2.0,0.1593563
2025-01,Смік,315133,1.0,0.0
2025-02,Смік,315133,1.0,0.0
2025-03,Смік,315133,3.0,0.0
2025-04,Смік,315133,0.0,0.109611735
2025-05,Смік,315133,0.0,0.0
2025-06,Смік,315133,1.0,0.0
2024-07,Чудо Острів,315133,15.0,4.817076
2024-08,Чудо Острів,315133,8.0,4.932962
2024-09,Чудо Острів,315133,8.0,2.9044998
2024-10,Чудо Острів,315133,1.0,2.6832705
2024-11,Чудо Острів,315133,2.0,1.0289744
2024-12,Чудо Острів,315133,4.0,2.1918955
2025-01,Чудо Острів,315133,1.0,0.8716897
2025-02,Чудо Острів,315133,0.0,0.0
2025-03,Чудо Острів,315133,0.0,0.0
2025-04,Чудо Острів,315133,0.0,0.0
2025-05,Чудо Острів,315133,1.0,0.6232168
2025-06,Чудо Острів,315133,0.0,0.0
2024-07,Епіцентр,315134,4.0,1.4723848
2024-08,Епіцентр,315134,5.0,1.4575438
2024-09,Епіцентр,315134,11.0,1.4022802
2024-10,Епіцентр,315134,4.0,2.048161
2024-11,Епіцентр,315134,5.0,0.8886526
2024-12,Епіцентр,315134,4.0,2.0558798
2025-01,Епіцентр,315134,1.0,0.59149164
2025-02,Епіцентр,315134,5.0,0.29776692
2025-03,Епіцентр,315134,1.0,0.29229832
2025-04,Епіцентр,315134,0.0,0.0
2025-05,Епіцентр,315134,7.0,0.66716546
2025-06,Епіцентр,315134,1.0,0.25360295
2024-07,Антошка,315193,2.0,0.5166869
2024-08,Антошка,315193,3.0,0.45677686
2024-09,Антошка,315193,0.0,0.42021888
2024-10,Антошка,315193,1.0,0.27332133
2024-11,Антошка,315193,8.0,0.39728785
2024-12,Антошка,315193,18.0,5.041937
2025-01,Антошка,315193,4.0,4.280009
2025-02,Антошка,315193,2.0,2.8643916
2025-03,Антошка,315193,9.0,1.9772018
2025-04,Антошка,315193,6.0,1.4566046
2025-05,Антошка,315193,6.0,1.8210917
2025-06,Антошка,315193,3.0,2.502031
2024-07,БІ,315193,2.0,0.33764514
2024-08,БІ,315193,3.0,0.44611645
2024-09,БІ,315193,1.0,0.491709
2024-10,БІ,315193,1.0,0.52610713
2024-11,БІ,315193,4.0,0.43574154
2024-12,БІ,315193,12.0,5.1820445
2025-01,БІ,315193,9.0,2.8234427
2025-02,БІ,315193,1.0,2.694093
2025-03,БІ,315193,2.0,1.5800424
2025-04,БІ,315193,2.0,0.18178208
2025-05,БІ,315193,1.0,0.12280833
2025-06,БІ,315193,1.0,0.41275242
2024-07,МайПлей,315193,1.0,0.0
2024-08,МайПлей,315193,0.0,0.099216744
2024-09,МайПлей,315193,0.0,0.0
2024-10,МайПлей,315193,0.0,0.0
2024-11,МайПлей,315193,2.0,0.018420571
2024-12,МайПлей,315193,7.0,1.6029025
2025-01,МайПлей,315193,2.0,2.1208618
2025-02,МайПлей,315193,5.0,0.9143543
2025-03,МайПлей,315193,3.0,1.095188
2025-04,МайПлей,315193,1.0,0.2846661
2025-05,МайПлей,315193,2.0,0.4792361
2025-06,МайПлей,315193,1.0,0.73819584
2024-07,Антошка,315238,11.0,2.3339915
2024-08,Антошка,315238,5.0,2.6613774
2024-09,Антошка,315238,4.0,2.0463278
2024-10,Антошка,315238,9.0,2.5664687
2024-11,Антошка,315238,15.0,4.113851
2024-12,Антошка,315238,11.0,8.052302
2025-01,Антошка,315238,6.0,2.6226902
2025-02,Антошка,315238,5.0,2.9039786
2025-03,Антошка,315238,6.0,2.8294218
2025-04,Антошка,315238,5.0,1.5026577
2025-05,Антошка,315238,6.0,1.8816621
2025-06,Антошка,315238,4.0,3.1224263
2024-07,БІ,315238,7.0,3.741932
2024-08,БІ,315238,5.0,2.6790164
2024-09,БІ,315238,2.0,2.6741655
2024-10,БІ,315238,12.0,2.6376338
2024-11,БІ,315238,7.0,4.183429
2024-12,БІ,315238,8.0,6.9743114
2025-01,БІ,315238,7.0,3.000842
2025-02,БІ,315238,5.0,3.5257466
2025-03,БІ,315238,8.0,3.0968084
2025-04,БІ,315238,3.0,1.8510457
2025-05,БІ,315238,1.0,1.8655871
2025-06,БІ,315238,6.0,2.2884374
2024-07,Чудо Острів,315238,6.0,1.5078442
2024-08,Чудо Острів,315238,0.0,1.1704649
2024-09,Чудо Острів,315238,1.0,0.81188315
2024-10,Чудо Острів,315238,6.0,1.2222041
2024-11,Чудо Острів,315238,8.0,1.9940964
2024-12,Чудо Острів,315238,6.0,3.911801
2025-01,Чудо Острів,315238,6.0,2.0631583
2025-02,Чудо Острів,315238,5.0,2.3877468
2025-03,Чудо Острів,315238,9.0,2.1744335
2025-04,Чудо Острів,315238,4.0,1.7053472
2025-05,Чудо Острів,315238,4.0,2.151538
2025-06,Чудо Острів,315238,3.0,2.670749
2024-07,ІМ-Розетка,316051I,5.0,0.7874662
2024-08,ІМ-Розетка,316051I,2.0,1.1454822
2024-09,ІМ-Розетка,316051I,4.0,0.75605524
2024-10,ІМ-Розетка,316051I,3.0,1.3939391
2024-11,ІМ-Розетка,316051I,11.0,2.0080934
2024-12,ІМ-Розетка,316051I,13.0,9.365444
2025-01,ІМ-Розетка,316051I,4.0,2.6109471
2025-02,ІМ-Розетка,316051I,4.0,0.61538535
2025-03,ІМ-Розетка,316051I,0.0,0.0
2025-04,ІМ-Розетка,316051I,0.0,0.0
2025-05,ІМ-Розетка,316051I,3.0,0.8057952
2025-06,ІМ-Розетка,316051I,1.0,0.88253766
2024-07,Антошка,316051I,9.0,5.045855
2024-08,Антошка,316051I,8.0,3.3777864
2024-09,Антошка,316051I,7.0,3.1542678
2024-10,Антошка,316051I,4.0,2.6714518
2024-11,Антошка,316051I,4.0,2.877898
2024-12,Антошка,316051I,16.0,7.300257
2025-01,Антошка,316051I,10.0,4.606768
2025-02,Антошка,316051I,1.0,2.757078
2025-03,Антошка,316051I,8.0,1.2657082
2025-04,Антошка,316051I,5.0,1.7138281
2025-05,Антошка,316051I,4.0,1.4688987
2025-06,Антошка,316051I,0.0,1.3137401
2024-07,БІ,316051I,23.0,13.793355
2024-08,БІ,316051I,25.0,10.995146
2024-09,БІ,316051I,13.0,9.594955
2024-10,БІ,316051I,16.0,9.248638
2024-11,БІ,316051I,14.0,11.823798
2024-12,БІ,316051I,53.0,26.208742
2025-01,БІ,316051I,32.0,14.39408
2025-02,БІ,316051I,7.0,10.665564
2025-03,БІ,316051I,12.0,7.162385
2025-04,БІ,316051I,11.0,8.770284
2025-05,БІ,316051I,25.0,5.81609
2025-06,БІ,316051I,15.0,11.245438
2024-07,Епіцентр,316051I,3.0,0.6162444
2024-08,Епіцентр,316051I,4.0,0.3626537
2024-09,Епіцентр,316051I,2.0,0.448975
2024-10,Епіцентр,316051I,3.0,0.52322716
2024-11,Епіцентр,316051I,8.0,1.1200093
2024-12,Епіцентр,316051I,14.0,5.279163
2025-01,Епіцентр,316051I,5.0,2.3536422
2025-02,Епіцентр,316051I,0.0,0.0
2025-03,Епіцентр,316051I,4.0,0.27347565
2025-04,Епіцентр,316051I,0.0,0.87561685
2025-05,Епіцентр,316051I,0.0,0.9505285
2025-06,Епіцентр,316051I,0.0,0.54720545
2024-07,МайПлей,316051I,2.0,0.65692776
2024-08,МайПлей,316051I,1.0,0.47565275
2024-09,МайПлей,316051I,2.0,0.5873894
2024-10,МайПлей,316051I,3.0,0.5800374
2024-11,МайПлей,316051I,3.0,0.875492
2024-12,МайПлей,316051I,4.0,2.307853
2025-01,МайПлей,316051I,1.0,1.4535103
2025-02,МайПлей,316051I,0.0,0.0
2025-03,МайПлей,316051I,3.0,0.011109635
2025-04,МайПлей,316051I,2.0,0.40667805
2025-05,МайПлей,316051I,1.0,0.3954152
2025-06,МайПлей,316051I,2.0,0.3965801
2024-07,Чудо Острів,316051I,6.0,2.050715
2024-08,Чудо Острів,316051I,8.0,1.9240689
2024-09,Чудо Острів,316051I,6.0,2.22722
2024-10,Чудо Острів,316051I,5.0,2.4823234
2024-11,Чудо Острів,316051I,7.0,3.0979385
2024-12,Чудо Острів,316051I,21.0,8.753624
2025-01,Чудо Острів,316051I,11.0,6.505277
2025-02,Чудо Острів,316051I,3.0,3.3101
2025-03,Чудо Острів,316051I,2.0,1.9236088
2025-04,Чудо Острів,316051I,2.0,1.7390072
2025-05,Чудо Острів,316051I,5.0,1.6363232
2025-06,Чудо Острів,316051I,1.0,1.8159972
2024-07,ІМ-Розетка,316188I,0.0,0.2355751
2024-08,ІМ-Розетка,316188I,1.0,0.14511931
2024-09,ІМ-Розетка,316188I,0.0,0.0
2024-10,ІМ-Розетка,316188I,0.0,0.049540907
2024-11,ІМ-Розетка,316188I,0.0,0.052494768
2024-12,ІМ-Розетка,316188I,1.0,0.4397589
2025-01,ІМ-Розетка,316188I,0.0,0.0
2025-02,ІМ-Розетка,316188I,0.0,0.0
2025-03,ІМ-Розетка,316188I,0.0,0.0
2025-04,ІМ-Розетка,316188I,0.0,0.0
2025-05,ІМ-Розетка,316188I,0.0,0.0
2025-06,ІМ-Розетка,316188I,0.0,0.0
2024-07,Антошка,316188I,18.0,6.496348
2024-08,Антошка,316188I,17.0,7.9401746
2024-09,Антошка,316188I,22.0,8.878505
2024-10,Антошка,316188I,24.0,12.368934
2024-11,Антошка,316188I,18.0,13.412575
2024-12,Антошка,316188I,23.0,13.289086
2025-01,Антошка,316188I,24.0,11.518172
2025-02,Антошка,316188I,18.0,7.456988
2025-03,Антошка,316188I,8.0,6.8588796
2025-04,Антошка,316188I,17.0,6.3319035
2025-05,Антошка,316188I,24.0,10.404708
2025-06,Антошка,316188I,16.0,9.881356
2024-07,БІ,316188I,6.0,10.681286
2024-08,БІ,316188I,28.0,7.921726
2024-09,БІ,316188I,31.0,13.809041
2024-10,БІ,316188I,37.0,17.933931
2024-11,БІ,316188I,29.0,19.062138
2024-12,БІ,316188I,42.0,28.55891
2025-01,БІ,316188I,27.0,14.381496
2025-02,БІ,316188I,10.0,10.876654
2025-03,БІ,316188I,20.0,8.024611
2025-04,БІ,316188I,35.0,16.02788
2025-05,БІ,316188I,30.0,14.951585
2025-06,БІ,316188I,26.0,13.056055
2024-07,Епіцентр,316188I,4.0,3.0620677
2024-08,Епіцентр,316188I,11.0,2.825155
2024-09,Епіцентр,316188I,13.0,3.3074763
2024-10,Епіцентр,316188I,15.0,5.2851057
2024-11,Епіцентр,316188I,14.0,5.6507263
2024-12,Епіцентр,316188I,8.0,7.3620586
2025-01,Епіцентр,316188I,6.0,2.9926026
2025-02,Епіцентр,316188I,4.0,2.0078635
2025-03,Епіцентр,316188I,7.0,1.6109087
2025-04,Епіцентр,316188I,0.0,2.200476
2025-05,Епіцентр,316188I,4.0,2.197095
2025-06,Епіцентр,316188I,12.0,2.2805495
2024-07,МайПлей,316188I,5.0,1.7103584
2024-08,МайПлей,316188I,8.0,2.017294
2024-09,МайПлей,316188I,8.0,2.7819827
2024-10,МайПлей,316188I,5.0,4.2571287
2024-11,МайПлей,316188I,2.0,2.9899552
2024-12,МайПлей,316188I,10.0,3.9756384
2025-01,МайПлей,316188I,1.0,2.303615
2025-02,МайПлей,316188I,2.0,1.0296892
2025-03,МайПлей,316188I,3.0,1.147948
2025-04,МайПлей,316188I,4.0,1.5131869
2025-05,МайПлей,316188I,4.0,1.3050742
2025-06,МайПлей,316188I,3.0,1.2919227
2024-07,Мегамаркет,316188I,3.0,0.15921575
2024-08,Мегамаркет,316188I,1.0,0.06805143
2024-09,Мегамаркет,316188I,0.0,0.07619737
2024-10,Мегамаркет,316188I,3.0,0.41212326
2024-11,Мегамаркет,316188I,0.0,0.0
2024-12,Мегамаркет,316188I,2.0,0.43588838
2025-01,Мегамаркет,316188I,1.0,0.08891278
2025-02,Мегамаркет,316188I,1.0,0.0
2025-03,Мегамаркет,316188I,0.0,0.0
2025-04,Мегамаркет,316188I,0.0,0.0
2025-05,Мегамаркет,316188I,1.0,0.0
2025-06,Мегамаркет,316188I,1.0,0.0
2024-07,Монако,316188I,0.0,0.0
2024-08,Монако,316188I,3.0,0.68993044
2024-09,Монако,316188I,0.0,0.021491038
2024-10,Монако,316188I,0.0,0.09064411
2024-11,Монако,316188I,7.0,0.5273717
2024-12,Монако,316188I,0.0,0.12466448
2025-01,Монако,316188I,0.0,0.0
2025-02,Монако,316188I,0.0,0.0
2025-03,Монако,316188I,4.0,0.24921216
2025-04,Монако,316188I,0.0,0.0
2025-05,Монако,316188I,0.0,0.0
2025-06,Монако,316188I,0.0,0.0
2024-07,Новая Лінія,316188I,1.0,0.0
2024-08,Новая Лінія,316188I,0.0,0.0
2024-09,Новая Лінія,316188I,0.0,0.0
2024-10,Новая Лінія,316188I,2.0,0.0
2024-11,Новая Лінія,316188I,0.0,0.0
2024-12,Новая Лінія,316188I,0.0,0.0
2025-01,Новая Лінія,316188I,1.0,0.0
2025-02,Новая Лінія,316188I,0.0,0.0
2025-03,Новая Лінія,316188I,0.0,0.0
2025-04,Новая Лінія,316188I,0.0,0.0
2025-05,Новая Лінія,316188I,0.0,0.0
2025-06,Новая Лінія,316188I,0.0,0.0
2024-07,РОСТ,316188I,0.0,0.0
2024-08,РОСТ,316188I,3.0,0.0
2024-09,РОСТ,316188I,0.0,0.0
2024-10,РОСТ,316188I,2.0,0.0
2024-11,РОСТ,316188I,0.0,0.0
2024-12,РОСТ,316188I,0.0,0.0
2025-01,РОСТ,316188I,0.0,0.0
2025-02,РОСТ,316188I,0.0,0.0
2025-03,РОСТ,316188I,0.0,0.0
2025-04,РОСТ,316188I,0.0,0.0
2025-05,РОСТ,316188I,0.0,0.0
2025-06,РОСТ,316188I,0.0,0.0
2024-07,Смік,316188I,3.0,0.59553415
2024-08,Смік,316188I,5.0,1.6421578
2024-09,Смік,316188I,10.0,1.5507994
2024-10,Смік,316188I,4.0,2.9377434
2024-11,Смік,316188I,0.0,2.5828884
2024-12,Смік,316188I,9.0,1.8631353
2025-01,Смік,316188I,4.0,1.7153432
2025-02,Смік,316188I,5.0,1.187469
2025-03,Смік,316188I,2.0,1.2750016
2025-04,Смік,316188I,1.0,0.98103315
2025-05,Смік,316188I,2.0,0.8930919
2025-06,Смік,316188I,2.0,0.77034986
2024-07,Чарівник,316188I,0.0,0.0
2024-08,Чарівник,316188I,0.0,0.0
2024-09,Чарівник,316188I,0.0,0.0
2024-10,Чарівник,316188I,0.0,0.0
2024-11,Чарівник,316188I,0.0,0.0
2024-12,Чарівник,316188I,0.0,0.0
2025-01,Чарівник,316188I,0.0,0.0
2025-02,Чарівник,316188I,0.0,0.0
2025-03,Чарівник,316188I,0.0,0.0
2025-04,Чарівник,316188I,1.0,0.0
2025-05,Чарівник,316188I,0.0,0.0
2025-06,Чарівник,316188I,0.0,0.0
2024-07,Чудо Острів,316188I,16.0,5.573398
2024-08,Чудо Острів,316188I,19.0,6.438302
2024-09,Чудо Острів,316188I,22.0,7.2693033
2024-10,Чудо Острів,316188I,39.0,11.265324
2024-11,Чудо Острів,316188I,32.0,15.502889
2024-12,Чудо Острів,316188I,35.0,25.980099
2025-01,Чудо Острів,316188I,26.0,13.505302
2025-02,Чудо Острів,316188I,6.0,9.410575
2025-03,Чудо Острів,316188I,9.0,5.8796687
2025-04,Чудо Острів,316188I,10.0,6.949486
2025-05,Чудо Острів,316188I,8.0,5.7502675
2025-06,Чудо Острів,316188I,7.0,4.927982
2024-07,Епіцентр,316245I,0.0,0.0
2024-08,Епіцентр,316245I,1.0,0.24742895
2024-09,Епіцентр,316245I,1.0,0.15340418
2024-10,Епіцентр,316245I,0.0,0.0
2024-11,Епіцентр,316245I,0.0,0.0
2024-12,Епіцентр,316245I,6.0,0.6853295
2025-01,Епіцентр,316245I,1.0,0.086338215
2025-02,Епіцентр,316245I,0.0,0.0
2025-03,Епіцентр,316245I,1.0,0.0
2025-04,Епіцентр,316245I,0.0,0.0
2025-05,Епіцентр,316245I,3.0,0.0
2025-06,Епіцентр,316245I,1.0,0.0
2024-07,Епіцентр,316258I,1.0,0.0083047375
2024-08,Епіцентр,316258I,0.0,0.0
2024-09,Епіцентр,316258I,2.0,0.12337345
2024-10,Епіцентр,316258I,2.0,0.21748063
2024-11,Епіцентр,316258I,2.0,0.034305647
2024-12,Епіцентр,316258I,3.0,0.9156789
2025-01,Епіцентр,316258I,0.0,0.0
2025-02,Епіцентр,316258I,0.0,0.0
2025-03,Епіцентр,316258I,0.0,0.0
2025-04,Епіцентр,316258I,0.0,0.0
2025-05,Епіцентр,316258I,0.0,0.0
2025-06,Епіцентр,316258I,0.0,0.0
2024-07,Антошка,316329,29.0,13.88793
2024-08,Антошка,316329,33.0,13.393585
2024-09,Антошка,316329,23.0,12.714458
2024-10,Антошка,316329,37.0,16.357813
2024-11,Антошка,316329,38.0,19.579914
2024-12,Антошка,316329,40.0,24.5049
2025-01,Антошка,316329,16.0,11.608346
2025-02,Антошка,316329,9.0,6.2617526
2025-03,Антошка,316329,5.0,5.481397
2025-04,Антошка,316329,18.0,7.3429933
2025-05,Антошка,316329,15.0,9.012305
2025-06,Антошка,316329,21.0,9.199722
2024-07,БІ,316329,78.0,37.063416
2024-08,БІ,316329,58.0,40.1331
2024-09,БІ,316329,48.0,30.022179
2024-10,БІ,316329,121.0,37.481037
2024-11,БІ,316329,92.0,47.609947
2024-12,БІ,316329,58.0,48.69239
2025-01,БІ,316329,29.0,20.80567
2025-02,БІ,316329,25.0,15.805457
2025-03,БІ,316329,33.0,14.5682125
2025-04,БІ,316329,53.0,22.747118
2025-05,БІ,316329,54.0,27.681189
2025-06,БІ,316329,44.0,28.214817
2024-07,Епіцентр,316329,15.0,5.405063
2024-08,Епіцентр,316329,6.0,4.0322843
2024-09,Епіцентр,316329,6.0,2.2473345
2024-10,Епіцентр,316329,14.0,4.339904
2024-11,Епіцентр,316329,21.0,4.6111693
2024-12,Епіцентр,316329,24.0,7.784752
2025-01,Епіцентр,316329,9.0,3.5170732
2025-02,Епіцентр,316329,6.0,2.2801569
2025-03,Епіцентр,316329,4.0,2.230625
2025-04,Епіцентр,316329,0.0,3.3183308
2025-05,Епіцентр,316329,8.0,3.2725523
2025-06,Епіцентр,316329,9.0,2.9839895
2024-07,МайПлей,316329,8.0,2.5017414
2024-08,МайПлей,316329,4.0,2.195907
2024-09,МайПлей,316329,4.0,1.8833878
2024-10,МайПлей,316329,6.0,3.037135
2024-11,МайПлей,316329,6.0,2.9885256
2024-12,МайПлей,316329,6.0,4.01432
2025-01,МайПлей,316329,4.0,1.4617513
2025-02,МайПлей,316329,3.0,1.2847327
2025-03,МайПлей,316329,3.0,1.25199
2025-04,МайПлей,316329,4.0,2.1551647
2025-05,МайПлей,316329,5.0,1.797291
2025-06,МайПлей,316329,1.0,1.518771
2024-07,Мегамаркет,316329,3.0,0.07429762
2024-08,Мегамаркет,316329,1.0,0.03441292
2024-09,Мегамаркет,316329,0.0,0.0
2024-10,Мегамаркет,316329,3.0,0.0
2024-11,Мегамаркет,316329,0.0,0.0
2024-12,Мегамаркет,316329,2.0,0.09188359
2025-01,Мегамаркет,316329,1.0,0.0
2025-02,Мегамаркет,316329,0.0,0.0
2025-03,Мегамаркет,316329,0.0,0.0
2025-04,Мегамаркет,316329,1.0,0.0
2025-05,Мегамаркет,316329,1.0,0.0
2025-06,Мегамаркет,316329,2.0,0.0
2024-07,Монако,316329,0.0,0.0
2024-08,Монако,316329,2.0,0.32376534
2024-09,Монако,316329,0.0,0.0
2024-10,Монако,316329,3.0,0.68733144
2024-11,Монако,316329,6.0,0.7769335
2024-12,Монако,316329,0.0,0.0
2025-01,Монако,316329,0.0,0.0
2025-02,Монако,316329,0.0,0.0
2025-03,Монако,316329,2.0,0.25376347
2025-04,Монако,316329,0.0,0.0
2025-05,Монако,316329,1.0,0.39624342
2025-06,Монако,316329,0.0,0.0
2024-07,СмартБі Луцьк,316329,0.0,0.0
2024-08,СмартБі Луцьк,316329,1.0,0.103703015
2024-09,СмартБі Луцьк,316329,0.0,0.0
2024-10,СмартБі Луцьк,316329,1.0,0.26841095
2024-11,СмартБі Луцьк,316329,0.0,0.0
2024-12,СмартБі Луцьк,316329,0.0,0.0
2025-01,СмартБі Луцьк,316329,0.0,0.0
2025-02,СмартБі Луцьк,316329,0.0,0.0
2025-03,СмартБі Луцьк,316329,0.0,0.0
2025-04,СмартБі Луцьк,316329,2.0,0.059681106
2025-05,СмартБі Луцьк,316329,0.0,0.0
2025-06,СмартБі Луцьк,316329,0.0,0.0
2024-07,Смік,316329,0.0,0.0
2024-08,Смік,316329,0.0,0.0
2024-09,Смік,316329,0.0,0.0
2024-10,Смік,316329,0.0,0.0
2024-11,Смік,316329,0.0,0.0
2024-12,Смік,316329,0.0,0.0
2025-01,Смік,316329,0.0,0.0
2025-02,Смік,316329,0.0,0.0
2025-03,Смік,316329,0.0,0.0
2025-04,Смік,316329,6.0,0.7168331
2025-05,Смік,316329,5.0,1.1264584
2025-06,Смік,316329,3.0,1.0620753
2024-07,Чудо Острів,316329,23.0,7.1660132
2024-08,Чудо Острів,316329,13.0,7.316996
2024-09,Чудо Острів,316329,16.0,4.5899115
2024-10,Чудо Острів,316329,35.0,9.369535
2024-11,Чудо Острів,316329,20.0,13.412829
2024-12,Чудо Острів,316329,10.0,9.806414
2025-01,Чудо Острів,316329,12.0,4.177904
2025-02,Чудо Острів,316329,3.0,3.929764
2025-03,Чудо Острів,316329,4.0,3.1993964
2025-04,Чудо Острів,316329,23.0,5.3529267
2025-05,Чудо Острів,316329,18.0,15.579749
2025-06,Чудо Острів,316329,13.0,7.9193377
2024-07,Антошка,316497,11.0,6.375275
2024-08,Антошка,316497,12.0,6.269863
2024-09,Антошка,316497,11.0,6.2800307
2024-10,Антошка,316497,12.0,9.140097
2024-11,Антошка,316497,15.0,8.472244
2024-12,Антошка,316497,21.0,9.981244
2025-01,Антошка,316497,10.0,6.685251
2025-02,Антошка,316497,19.0,4.5411067
2025-03,Антошка,316497,11.0,6.2385497
2025-04,Антошка,316497,8.0,6.5788903
2025-05,Антошка,316497,13.0,5.074308
2025-06,Антошка,316497,9.0,5.0304255
2024-07,БІ,316497,18.0,7.817413
2024-08,БІ,316497,14.0,8.918045
2024-09,БІ,316497,11.0,7.9734964
2024-10,БІ,316497,21.0,10.621777
2024-11,БІ,316497,7.0,10.710071
2024-12,БІ,316497,25.0,11.841393
2025-01,БІ,316497,11.0,8.452712
2025-02,БІ,316497,16.0,6.6507826
2025-03,БІ,316497,8.0,5.562285
2025-04,БІ,316497,2.0,4.3839846
2025-05,БІ,316497,4.0,3.0853446
2025-06,БІ,316497,3.0,3.1789386
2024-07,Епіцентр,316497,8.0,2.5463417
2024-08,Епіцентр,316497,9.0,2.6947694
2024-09,Епіцентр,316497,6.0,2.5515337
2024-10,Епіцентр,316497,12.0,3.9927707
2024-11,Епіцентр,316497,15.0,5.115981
2024-12,Епіцентр,316497,23.0,8.162221
2025-01,Епіцентр,316497,0.0,2.3015575
2025-02,Епіцентр,316497,7.0,1.4288466
2025-03,Епіцентр,316497,8.0,2.3985095
2025-04,Епіцентр,316497,0.0,2.2168486
2025-05,Епіцентр,316497,5.0,2.6495123
2025-06,Епіцентр,316497,6.0,3.2341657
2024-07,МайПлей,316497,2.0,1.316133
2024-08,МайПлей,316497,2.0,1.1731855
2024-09,МайПлей,316497,3.0,1.2851812
2024-10,МайПлей,316497,2.0,1.9005867
2024-11,МайПлей,316497,0.0,1.2542168
2024-12,МайПлей,316497,5.0,1.7116562
2025-01,МайПлей,316497,3.0,1.1607493
2025-02,МайПлей,316497,4.0,0.9524306
2025-03,МайПлей,316497,5.0,1.1804292
2025-04,МайПлей,316497,4.0,1.1215653
2025-05,МайПлей,316497,3.0,1.3468789
2025-06,МайПлей,316497,6.0,1.1189574
2024-07,Мегамаркет,316497,0.0,0.0
2024-08,Мегамаркет,316497,1.0,0.0
2024-09,Мегамаркет,316497,0.0,0.0
2024-10,Мегамаркет,316497,0.0,0.0
2024-11,Мегамаркет,316497,1.0,0.0
2024-12,Мегамаркет,316497,1.0,0.0
2025-01,Мегамаркет,316497,1.0,0.0
2025-02,Мегамаркет,316497,1.0,0.0
2025-03,Мегамаркет,316497,0.0,0.0
2025-04,Мегамаркет,316497,0.0,0.0
2025-05,Мегамаркет,316497,0.0,0.0
2025-06,Мегамаркет,316497,0.0,0.0
2024-07,Монако,316497,0.0,0.0
2024-08,Монако,316497,2.0,0.6167661
2024-09,Монако,316497,2.0,0.49431837
2024-10,Монако,316497,1.0,0.6448462
2024-11,Монако,316497,7.0,0.9392779
2024-12,Монако,316497,0.0,0.14358605
2025-01,Монако,316497,0.0,0.0
2025-02,Монако,316497,0.0,0.0
2025-03,Монако,316497,3.0,0.27390593
2025-04,Монако,316497,0.0,0.010554549
2025-05,Монако,316497,4.0,0.48247316
2025-06,Монако,316497,0.0,0.0
2024-07,Росицька ФОП,316497,1.0,0.0
2024-08,Росицька ФОП,316497,1.0,0.0
2024-09,Росицька ФОП,316497,0.0,0.0
2024-10,Росицька ФОП,316497,1.0,0.0
2024-11,Росицька ФОП,316497,1.0,0.0
2024-12,Росицька ФОП,316497,1.0,0.20559873
2025-01,Росицька ФОП,316497,0.0,0.0
2025-02,Росицька ФОП,316497,0.0,0.0
2025-03,Росицька ФОП,316497,0.0,0.0
2025-04,Росицька ФОП,316497,1.0,0.0
2025-05,Росицька ФОП,316497,2.0,0.0
2025-06,Росицька ФОП,316497,0.0,0.0
2024-07,СмартБі Луцьк,316497,0.0,0.0
2024-08,СмартБі Луцьк,316497,0.0,0.19636807
2024-09,СмартБі Луцьк,316497,0.0,0.0
2024-10,СмартБі Луцьк,316497,0.0,0.0
2024-11,СмартБі Луцьк,316497,0.0,0.0
2024-12,СмартБі Луцьк,316497,0.0,0.0
2025-01,СмартБі Луцьк,316497,0.0,0.0
2025-02,СмартБі Луцьк,316497,0.0,0.0
2025-03,СмартБі Луцьк,316497,3.0,0.0
2025-04,СмартБі Луцьк,316497,2.0,0.15653218
2025-05,СмартБі Луцьк,316497,0.0,0.0
2025-06,СмартБі Луцьк,316497,0.0,0.0041686515
2024-07,Смік,316497,2.0,0.050716333
2024-08,Смік,316497,3.0,0.5237715
2024-09,Смік,316497,6.0,1.1791903
2024-10,Смік,316497,2.0,1.0961868
2024-11,Смік,316497,0.0,0.5841718
2024-12,Смік,316497,5.0,0.73437
2025-01,Смік,316497,8.0,1.0655473
2025-02,Смік,316497,0.0,0.16867895
2025-03,Смік,316497,1.0,0.240227
2025-04,Смік,316497,2.0,0.46047062
2025-05,Смік,316497,0.0,0.41397107
2025-06,Смік,316497,0.0,0.16849062
2024-07,Чудо Острів,316497,9.0,4.518201
2024-08,Чудо Острів,316497,11.0,4.5457163
2024-09,Чудо Острів,316497,10.0,5.1282244
2024-10,Чудо Острів,316497,12.0,8.066073
2024-11,Чудо Острів,316497,12.0,7.8705993
2024-12,Чудо Острів,316497,15.0,11.532808
2025-01,Чудо Острів,316497,7.0,6.0590043
2025-02,Чудо Острів,316497,8.0,4.226318
2025-03,Чудо Острів,316497,6.0,4.151946
2025-04,Чудо Острів,316497,8.0,4.480669
2025-05,Чудо Острів,316497,6.0,4.9555054
2025-06,Чудо Острів,316497,4.0,4.025532
2024-07,Антошка,316564,2.0,2.4704695
2024-08,Антошка,316564,6.0,2.1042554
2024-09,Антошка,316564,2.0,1.8369544
2024-10,Антошка,316564,2.0,1.9789428
2024-11,Антошка,316564,7.0,2.1294162
2024-12,Антошка,316564,15.0,4.552081
2025-01,Антошка,316564,6.0,3.136594
2025-02,Антошка,316564,6.0,2.2019484
2025-03,Антошка,316564,3.0,1.7545298
2025-04,Антошка,316564,5.0,1.7482685
2025-05,Антошка,316564,1.0,1.5452578
2025-06,Антошка,316564,1.0,1.0776917
2024-07,БІ,316564,19.0,12.940594
2024-08,БІ,316564,30.0,13.914319
2024-09,БІ,316564,25.0,17.15333
2024-10,БІ,316564,34.0,17.842573
2024-11,БІ,316564,16.0,17.303627
2024-12,БІ,316564,24.0,18.212303
2025-01,БІ,316564,18.0,9.550983
2025-02,БІ,316564,9.0,8.171584
2025-03,БІ,316564,14.0,6.828476
2025-04,БІ,316564,6.0,6.0829535
2025-05,БІ,316564,18.0,4.375067
2025-06,БІ,316564,6.0,5.9397774
2024-07,Епіцентр,316564,4.0,1.3577398
2024-08,Епіцентр,316564,4.0,1.4235705
2024-09,Епіцентр,316564,11.0,1.8057662
2024-10,Епіцентр,316564,8.0,2.8064387
2024-11,Епіцентр,316564,2.0,2.462868
2024-12,Епіцентр,316564,12.0,3.651744
2025-01,Епіцентр,316564,2.0,1.8007232
2025-02,Епіцентр,316564,6.0,1.3375795
2025-03,Епіцентр,316564,3.0,1.2872297
2025-04,Епіцентр,316564,0.0,0.0
2025-05,Епіцентр,316564,3.0,0.7032912
2025-06,Епіцентр,316564,1.0,0.6609734
2024-07,МайПлей,316564,1.0,1.1986756
2024-08,МайПлей,316564,5.0,1.3618014
2024-09,МайПлей,316564,4.0,1.6276039
2024-10,МайПлей,316564,2.0,1.232991
2024-11,МайПлей,316564,0.0,0.9206493
2024-12,МайПлей,316564,3.0,1.0316846
2025-01,МайПлей,316564,2.0,0.70226824
2025-02,МайПлей,316564,2.0,0.59143126
2025-03,МайПлей,316564,0.0,0.0
2025-04,МайПлей,316564,5.0,0.19563594
2025-05,МайПлей,316564,1.0,0.5376001
2025-06,МайПлей,316564,0.0,0.0
2024-07,Мегамаркет,316564,1.0,0.0
2024-08,Мегамаркет,316564,2.0,0.1661934
2024-09,Мегамаркет,316564,1.0,0.0
2024-10,Мегамаркет,316564,0.0,0.113260604
2024-11,Мегамаркет,316564,1.0,0.0
2024-12,Мегамаркет,316564,0.0,0.0
2025-01,Мегамаркет,316564,0.0,0.0
2025-02,Мегамаркет,316564,0.0,0.0
2025-03,Мегамаркет,316564,0.0,0.0
2025-04,Мегамаркет,316564,0.0,0.0
2025-05,Мегамаркет,316564,0.0,0.0
2025-06,Мегамаркет,316564,0.0,0.0
2024-07,Смік,316564,0.0,0.0
2024-08,Смік,316564,0.0,0.06565614
2024-09,Смік,316564,0.0,0.0
2024-10,Смік,316564,2.0,0.0
2024-11,Смік,316564,1.0,0.0
2024-12,Смік,316564,1.0,0.3017931
2025-01,Смік,316564,0.0,0.0
2025-02,Смік,316564,0.0,0.0
2025-03,Смік,316564,3.0,0.0
2025-04,Смік,316564,3.0,0.32071933
2025-05,Смік,316564,1.0,0.27754295
2025-06,Смік,316564,0.0,0.0
2024-07,Чудо Острів,316564,9.0,4.213891
2024-08,Чудо Острів,316564,14.0,4.646424
2024-09,Чудо Острів,316564,11.0,5.720957
2024-10,Чудо Острів,316564,8.0,7.364019
2024-11,Чудо Острів,316564,14.0,5.5068064
2024-12,Чудо Острів,316564,9.0,8.35795
2025-01,Чудо Острів,316564,10.0,3.7575312
2025-02,Чудо Острів,316564,4.0,3.7107377
2025-03,Чудо Острів,316564,6.0,2.768881
2025-04,Чудо Острів,316564,2.0,2.5273964
2025-05,Чудо Острів,316564,0.0,2.1813426
2025-06,Чудо Острів,316564,2.0,1.1137123
2024-07,ІМ-МауДау,316577,0.0,0.0
2024-08,ІМ-МауДау,316577,0.0,0.0
2024-09,ІМ-МауДау,316577,1.0,0.0
2024-10,ІМ-МауДау,316577,0.0,0.0
2024-11,ІМ-МауДау,316577,0.0,0.0
2024-12,ІМ-МауДау,316577,1.0,0.14235154
2025-01,ІМ-МауДау,316577,1.0,0.077440605
2025-02,ІМ-МауДау,316577,1.0,0.08106596
2025-03,ІМ-МауДау,316577,1.0,0.18098976
2025-04,ІМ-МауДау,316577,0.0,0.0
2025-05,ІМ-МауДау,316577,0.0,0.0
2025-06,ІМ-МауДау,316577,0.0,0.0
2024-07,ІМ-Розетка,316577,0.0,0.0
2024-08,ІМ-Розетка,316577,1.0,0.112734325
2024-09,ІМ-Розетка,316577,0.0,0.06833202
2024-10,ІМ-Розетка,316577,2.0,0.24850522
2024-11,ІМ-Розетка,316577,0.0,0.37552264
2024-12,ІМ-Розетка,316577,2.0,1.2489122
2025-01,ІМ-Розетка,316577,3.0,0.20332874
2025-02,ІМ-Розетка,316577,1.0,0.39341438
2025-03,ІМ-Розетка,316577,3.0,0.3519031
2025-04,ІМ-Розетка,316577,0.0,0.0
2025-05,ІМ-Розетка,316577,3.0,0.3496322
2025-06,ІМ-Розетка,316577,1.0,0.7812629
2024-07,Антошка,316577,2.0,1.972688
2024-08,Антошка,316577,7.0,2.0229433
2024-09,Антошка,316577,4.0,2.113352
2024-10,Антошка,316577,3.0,1.1812885
2024-11,Антошка,316577,4.0,1.1378453
2024-12,Антошка,316577,1.0,3.0077207
2025-01,Антошка,316577,0.0,1.0715702
2025-02,Антошка,316577,1.0,0.549157
2025-03,Антошка,316577,2.0,0.48384747
2025-04,Антошка,316577,0.0,0.35427722
2025-05,Антошка,316577,0.0,0.34446198
2025-06,Антошка,316577,1.0,0.5748742
2024-07,Епіцентр,316577,3.0,1.1427095
2024-08,Епіцентр,316577,8.0,1.3985367
2024-09,Епіцентр,316577,7.0,2.3469908
2024-10,Епіцентр,316577,4.0,1.4264591
2024-11,Епіцентр,316577,12.0,2.2005699
2024-12,Епіцентр,316577,15.0,6.371248
2025-01,Епіцентр,316577,9.0,3.5223143
2025-02,Епіцентр,316577,10.0,3.432195
2025-03,Епіцентр,316577,6.0,3.5173078
2025-04,Епіцентр,316577,0.0,2.176407
2025-05,Епіцентр,316577,3.0,2.2802062
2025-06,Епіцентр,316577,5.0,2.7918563
2024-07,Країна Казок,316577,0.0,0.0
2024-08,Країна Казок,316577,0.0,0.0
2024-09,Країна Казок,316577,0.0,0.0
2024-10,Країна Казок,316577,0.0,0.0
2024-11,Країна Казок,316577,0.0,0.0
2024-12,Країна Казок,316577,0.0,0.0
2025-01,Країна Казок,316577,0.0,0.0
2025-02,Країна Казок,316577,0.0,0.0
2025-03,Країна Казок,316577,1.0,0.0
2025-04,Країна Казок,316577,1.0,0.0
2025-05,Країна Казок,316577,0.0,0.0
2025-06,Країна Казок,316577,0.0,0.0
2024-07,МайПлей,316577,0.0,0.8013007
2024-08,МайПлей,316577,2.0,1.1287566
2024-09,МайПлей,316577,4.0,1.1670364
2024-10,МайПлей,316577,1.0,0.6120414
2024-11,МайПлей,316577,3.0,0.74826103
2024-12,МайПлей,316577,5.0,2.0611186
2025-01,МайПлей,316577,4.0,1.6747028
2025-02,МайПлей,316577,5.0,1.1803248
2025-03,МайПлей,316577,2.0,1.3254845
2025-04,МайПлей,316577,5.0,0.6272866
2025-05,МайПлей,316577,2.0,1.2376225
2025-06,МайПлей,316577,1.0,1.3404951
2024-07,Мегамаркет,316577,0.0,0.0
2024-08,Мегамаркет,316577,1.0,0.0
2024-09,Мегамаркет,316577,0.0,0.0
2024-10,Мегамаркет,316577,0.0,0.0
2024-11,Мегамаркет,316577,0.0,0.0
2024-12,Мегамаркет,316577,1.0,0.0
2025-01,Мегамаркет,316577,1.0,0.0
2025-02,Мегамаркет,316577,0.0,0.0
2025-03,Мегамаркет,316577,0.0,0.0
2025-04,Мегамаркет,316577,1.0,0.0
2025-05,Мегамаркет,316577,0.0,0.0
2025-06,Мегамаркет,316577,2.0,0.0
2024-07,Монако,316577,0.0,0.0
2024-08,Монако,316577,5.0,0.56698495
2024-09,Монако,316577,1.0,0.67227185
2024-10,Монако,316577,2.0,0.49859583
2024-11,Монако,316577,1.0,0.67953676
2024-12,Монако,316577,0.0,0.09417869
2025-01,Монако,316577,0.0,0.0
2025-02,Монако,316577,2.0,0.8288986
2025-03,Монако,316577,2.0,0.15249898
2025-04,Монако,316577,1.0,0.31311178
2025-05,Монако,316577,2.0,0.2993142
2025-06,Монако,316577,1.0,0.79761434
2024-07,Росицька ФОП,316577,0.0,0.0
2024-08,Росицька ФОП,316577,1.0,0.0
2024-09,Росицька ФОП,316577,0.0,0.0
2024-10,Росицька ФОП,316577,0.0,0.0
2024-11,Росицька ФОП,316577,0.0,0.0
2024-12,Росицька ФОП,316577,0.0,0.0
2025-01,Росицька ФОП,316577,0.0,0.0
2025-02,Росицька ФОП,316577,1.0,0.0
2025-03,Росицька ФОП,316577,0.0,0.0
2025-04,Росицька ФОП,316577,0.0,0.0
2025-05,Росицька ФОП,316577,1.0,0.0
2025-06,Росицька ФОП,316577,1.0,0.0
2024-07,Смік,316577,1.0,0.09586908
2024-08,Смік,316577,4.0,0.303691
2024-09,Смік,316577,4.0,0.63518727
2024-10,Смік,316577,1.0,0.6563424
2024-11,Смік,316577,0.0,0.3027154
2024-12,Смік,316577,0.0,0.46500647
2025-01,Смік,316577,1.0,0.038766388
2025-02,Смік,316577,3.0,0.13129503
2025-03,Смік,316577,0.0,0.5231956
2025-04,Смік,316577,0.0,0.26872498
2025-05,Смік,316577,4.0,0.083611235
2025-06,Смік,316577,1.0,0.97940713
2024-07,Чудо Острів,316577,3.0,2.2264783
2024-08,Чудо Острів,316577,13.0,3.558966
2024-09,Чудо Острів,316577,5.0,4.1506133
2024-10,Чудо Острів,316577,1.0,2.509568
2024-11,Чудо Острів,316577,6.0,2.0637777
2024-12,Чудо Острів,316577,13.0,6.0538845
2025-01,Чудо Острів,316577,9.0,4.2203307
2025-02,Чудо Острів,316577,4.0,4.5365386
2025-03,Чудо Острів,316577,10.0,3.5084023
2025-04,Чудо Острів,316577,4.0,2.5443614
2025-05,Чудо Острів,316577,3.0,2.9181175
2025-06,Чудо Острів,316577,13.0,5.023663
2024-07,Антошка,316638,1.0,0.87457263
2024-08,Антошка,316638,3.0,1.5177929
2024-09,Антошка,316638,3.0,1.1516997
2024-10,Антошка,316638,1.0,0.4793472
2024-11,Антошка,316638,1.0,0.4836554
2024-12,Антошка,316638,5.0,2.111767
2025-01,Антошка,316638,1.0,1.3503083
2025-02,Антошка,316638,1.0,0.36579838
2025-03,Антошка,316638,6.0,0.43290737
2025-04,Антошка,316638,2.0,0.49116263
2025-05,Антошка,316638,1.0,0.5444134
2025-06,Антошка,316638,1.0,1.1161385
2024-07,Епіцентр,316638,2.0,0.290593
2024-08,Епіцентр,316638,1.0,0.42752427
2024-09,Епіцентр,316638,5.0,0.62128943
2024-10,Епіцентр,316638,2.0,0.4540468
2024-11,Епіцентр,316638,2.0,0.4702448
2024-12,Епіцентр,316638,4.0,2.9146001
2025-01,Епіцентр,316638,6.0,1.2638284
2025-02,Епіцентр,316638,2.0,0.6779543
2025-03,Епіцентр,316638,4.0,0.5676128
2025-04,Епіцентр,316638,0.0,0.82719284
2025-05,Епіцентр,316638,3.0,0.37316024
2025-06,Епіцентр,316638,0.0,0.9020197
2024-07,МайПлей,316638,0.0,0.09615998
2024-08,МайПлей,316638,1.0,0.15795822
2024-09,МайПлей,316638,1.0,0.32850838
2024-10,МайПлей,316638,0.0,0.0
2024-11,МайПлей,316638,1.0,0.0
2024-12,МайПлей,316638,3.0,1.0983689
2025-01,МайПлей,316638,1.0,0.8506272
2025-02,МайПлей,316638,3.0,0.06268916
2025-03,МайПлей,316638,2.0,0.25392953
2025-04,МайПлей,316638,3.0,0.25337574
2025-05,МайПлей,316638,0.0,0.8126933
2025-06,МайПлей,316638,0.0,0.5464336
2024-07,Мегамаркет,316638,0.0,0.0
2024-08,Мегамаркет,316638,0.0,0.0
2024-09,Мегамаркет,316638,0.0,0.0
2024-10,Мегамаркет,316638,1.0,0.0
2024-11,Мегамаркет,316638,0.0,0.0
2024-12,Мегамаркет,316638,0.0,0.0
2025-01,Мегамаркет,316638,1.0,0.0
2025-02,Мегамаркет,316638,0.0,0.0
2025-03,Мегамаркет,316638,0.0,0.0
2025-04,Мегамаркет,316638,0.0,0.0
2025-05,Мегамаркет,316638,1.0,0.0
2025-06,Мегамаркет,316638,2.0,0.0
2024-07,Монако,316638,1.0,0.0
2024-08,Монако,316638,3.0,0.5543319
2024-09,Монако,316638,1.0,0.57878953
2024-10,Монако,316638,0.0,0.0
2024-11,Монако,316638,0.0,0.0
2024-12,Монако,316638,0.0,0.034958966
2025-01,Монако,316638,0.0,0.0
2025-02,Монако,316638,1.0,0.3397059
2025-03,Монако,316638,1.0,0.0
2025-04,Монако,316638,0.0,0.0
2025-05,Монако,316638,1.0,0.024607463
2025-06,Монако,316638,0.0,0.0
2024-07,Смік,316638,0.0,0.0
2024-08,Смік,316638,0.0,0.0
2024-09,Смік,316638,0.0,0.0
2024-10,Смік,316638,0.0,0.0
2024-11,Смік,316638,1.0,0.0
2024-12,Смік,316638,3.0,0.12464236
2025-01,Смік,316638,1.0,0.28188464
2025-02,Смік,316638,1.0,0.088141404
2025-03,Смік,316638,0.0,0.0
2025-04,Смік,316638,0.0,0.25746655
2025-05,Смік,316638,0.0,0.0
2025-06,Смік,316638,0.0,0.0
2024-07,Чудо Острів,316638,3.0,1.3992847
2024-08,Чудо Острів,316638,6.0,2.0734153
2024-09,Чудо Острів,316638,4.0,2.2601197
2024-10,Чудо Острів,316638,3.0,1.1899451
2024-11,Чудо Острів,316638,3.0,1.225528
2024-12,Чудо Острів,316638,6.0,4.1679697
2025-01,Чудо Острів,316638,5.0,2.8514922
2025-02,Чудо Острів,316638,1.0,1.4368469
2025-03,Чудо Острів,316638,2.0,1.5353315
2025-04,Чудо Острів,316638,1.0,1.1830139
2025-05,Чудо Острів,316638,4.0,1.3588954
2025-06,Чудо Острів,316638,0.0,2.5818806
2024-07,Антошка,316651,3.0,0.7123742
2024-08,Антошка,316651,5.0,0.7804737
2024-09,Антошка,316651,2.0,0.91732603
2024-10,Антошка,316651,2.0,0.7660275
2024-11,Антошка,316651,2.0,0.62374866
2024-12,Антошка,316651,2.0,1.2795657
2025-01,Антошка,316651,1.0,0.4113112
2025-02,Антошка,316651,0.0,0.0
2025-03,Антошка,316651,0.0,0.0
2025-04,Антошка,316651,2.0,0.20333412
2025-05,Антошка,316651,0.0,0.0
2025-06,Антошка,316651,0.0,0.0
2024-07,БІ,316651,6.0,2.8562832
2024-08,БІ,316651,9.0,3.987211
2024-09,БІ,316651,4.0,3.0147805
2024-10,БІ,316651,6.0,2.5021923
2024-11,БІ,316651,7.0,2.3878832
2024-12,БІ,316651,14.0,5.180086
2025-01,БІ,316651,4.0,2.942401
2025-02,БІ,316651,4.0,2.308069
2025-03,БІ,316651,1.0,1.7697699
2025-04,БІ,316651,0.0,0.24205372
2025-05,БІ,316651,0.0,0.0
2025-06,БІ,316651,4.0,1.8613256
2024-07,Епіцентр,316651,4.0,0.32235444
2024-08,Епіцентр,316651,3.0,0.46518618
2024-09,Епіцентр,316651,2.0,0.43775502
2024-10,Епіцентр,316651,1.0,0.4622009
2024-11,Епіцентр,316651,1.0,0.33524075
2024-12,Епіцентр,316651,2.0,0.79368347
2025-01,Епіцентр,316651,1.0,0.28157195
2025-02,Епіцентр,316651,0.0,0.0
2025-03,Епіцентр,316651,1.0,0.0
2025-04,Епіцентр,316651,0.0,0.0
2025-05,Епіцентр,316651,1.0,0.0
2025-06,Епіцентр,316651,0.0,0.0
2024-07,МайПлей,316651,4.0,0.6688957
2024-08,МайПлей,316651,6.0,0.9522128
2024-09,МайПлей,316651,1.0,1.0951005
2024-10,МайПлей,316651,3.0,0.65564334
2024-11,МайПлей,316651,1.0,0.60860676
2024-12,МайПлей,316651,5.0,1.2891408
2025-01,МайПлей,316651,2.0,0.78029436
2025-02,МайПлей,316651,0.0,0.0
2025-03,МайПлей,316651,1.0,0.17982161
2025-04,МайПлей,316651,0.0,0.0
2025-05,МайПлей,316651,3.0,0.17785415
2025-06,МайПлей,316651,0.0,0.0
2024-07,Смік,316651,1.0,0.0
2024-08,Смік,316651,1.0,0.0069898935
2024-09,Смік,316651,0.0,0.0
2024-10,Смік,316651,2.0,0.0
2024-11,Смік,316651,0.0,0.0
2024-12,Смік,316651,0.0,0.0
2025-01,Смік,316651,0.0,0.0
2025-02,Смік,316651,0.0,0.0
2025-03,Смік,316651,0.0,0.0
2025-04,Смік,316651,0.0,0.0
2025-05,Смік,316651,0.0,0.0
2025-06,Смік,316651,1.0,0.0
2024-07,Чудо Острів,316651,4.0,0.92678094
2024-08,Чудо Острів,316651,4.0,1.1481361
2024-09,Чудо Острів,316651,4.0,1.1527903
2024-10,Чудо Острів,316651,1.0,1.0944451
2024-11,Чудо Острів,316651,1.0,0.80473626
2024-12,Чудо Острів,316651,0.0,0.2985923
2025-01,Чудо Острів,316651,1.0,0.6417657
2025-02,Чудо Острів,316651,1.0,0.7929689
2025-03,Чудо Острів,316651,1.0,0.56338274
2025-04,Чудо Острів,316651,2.0,0.5385379
2025-05,Чудо Острів,316651,0.0,0.0
2025-06,Чудо Острів,316651,1.0,0.8921897
2024-07,Акварель,C01044,12.0,2.021907
2024-08,Акварель,C01044,11.0,3.0799706
2024-09,Акварель,C01044,5.0,4.308007
2024-10,Акварель,C01044,6.0,2.6384492
2024-11,Акварель,C01044,3.0,2.4773421
2024-12,Акварель,C01044,20.0,6.3123984
2025-01,Акварель,C01044,7.0,3.593294
2025-02,Акварель,C01044,5.0,1.978168
2025-03,Акварель,C01044,3.0,2.078215
2025-04,Акварель,C01044,3.0,1.6259981
2025-05,Акварель,C01044,5.0,1.5775155
2025-06,Акварель,C01044,2.0,1.268096
2024-07,ІМ-Розетка,C044h,1.0,0.37654698
2024-08,ІМ-Розетка,C044h,3.0,0.28908467
2024-09,ІМ-Розетка,C044h,0.0,0.89920944
2024-10,ІМ-Розетка,C044h,3.0,0.74475867
2024-11,ІМ-Розетка,C044h,6.0,0.7820174
2024-12,ІМ-Розетка,C044h,5.0,3.2974954
2025-01,ІМ-Розетка,C044h,0.0,0.0
2025-02,ІМ-Розетка,C044h,0.0,0.0
2025-03,ІМ-Розетка,C044h,0.0,0.0
2025-04,ІМ-Розетка,C044h,0.0,0.0
2025-05,ІМ-Розетка,C044h,0.0,0.0
2025-06,ІМ-Розетка,C044h,0.0,0.0
2024-07,БІ,C044h,21.0,13.346104
2024-08,БІ,C044h,18.0,10.271294
2024-09,БІ,C044h,15.0,9.574391
2024-10,БІ,C044h,42.0,13.049352
2024-11,БІ,C044h,40.0,18.72122
2024-12,БІ,C044h,50.0,43.635857
2025-01,БІ,C044h,25.0,13.871565
2025-02,БІ,C044h,8.0,9.221057
2025-03,БІ,C044h,17.0,5.812461
2025-04,БІ,C044h,11.0,5.7334914
2025-05,БІ,C044h,13.0,4.472331
2025-06,БІ,C044h,7.0,4.62095
2024-07,Белес,C044h,19.0,1.8171341
2024-08,Белес,C044h,0.0,1.3666143
2024-09,Белес,C044h,17.0,4.0008917
2024-10,Белес,C044h,4.0,3.9016876
2024-11,Белес,C044h,7.0,3.3905752
2024-12,Белес,C044h,0.0,5.0768647
2025-01,Белес,C044h,0.0,0.0
2025-02,Белес,C044h,0.0,0.0
2025-03,Белес,C044h,0.0,0.0
2025-04,Белес,C044h,0.0,0.0
2025-05,Белес,C044h,0.0,0.0
2025-06,Белес,C044h,0.0,0.0
2024-07,Віват Канцелярія,C044h,2.0,1.5594053
2024-08,Віват Канцелярія,C044h,9.0,1.7418213
2024-09,Віват Канцелярія,C044h,4.0,2.5878541
2024-10,Віват Канцелярія,C044h,6.0,2.840301
2024-11,Віват Канцелярія,C044h,7.0,3.0525289
2024-12,Віват Канцелярія,C044h,26.0,9.329524
2025-01,Віват Канцелярія,C044h,9.0,3.4878705
2025-02,Віват Канцелярія,C044h,3.0,2.3712237
2025-03,Віват Канцелярія,C044h,4.0,2.0558348
2025-04,Віват Канцелярія,C044h,5.0,1.3189521
2025-05,Віват Канцелярія,C044h,7.0,1.1483613
2025-06,Віват Канцелярія,C044h,0.0,0.9593889
2024-07,Еліпс,C044h,0.0,0.0
2024-08,Еліпс,C044h,1.0,0.0681962
2024-09,Еліпс,C044h,0.0,0.0
2024-10,Еліпс,C044h,1.0,0.19799145
2024-11,Еліпс,C044h,3.0,0.26994133
2024-12,Еліпс,C044h,0.0,0.0
2025-01,Еліпс,C044h,0.0,0.0
2025-02,Еліпс,C044h,0.0,0.0
2025-03,Еліпс,C044h,0.0,0.0
2025-04,Еліпс,C044h,0.0,0.0
2025-05,Еліпс,C044h,0.0,0.0
2025-06,Еліпс,C044h,1.0,0.0
2024-07,Епіцентр,C044h,13.0,3.9775488
2024-08,Епіцентр,C044h,16.0,3.5928319
2024-09,Епіцентр,C044h,10.0,4.519039
2024-10,Епіцентр,C044h,14.0,5.3399243
2024-11,Епіцентр,C044h,22.0,6.4821563
2024-12,Епіцентр,C044h,47.0,17.847326
2025-01,Епіцентр,C044h,14.0,5.9672513
2025-02,Епіцентр,C044h,10.0,2.9197714
2025-03,Епіцентр,C044h,12.0,2.811656
2025-04,Епіцентр,C044h,0.0,0.8803286
2025-05,Епіцентр,C044h,4.0,1.3244085
2025-06,Епіцентр,C044h,3.0,1.5362879
2024-07,Казка Львів,C044h,0.0,0.0
2024-08,Казка Львів,C044h,0.0,0.0
2024-09,Казка Львів,C044h,0.0,0.0
2024-10,Казка Львів,C044h,0.0,0.0
2024-11,Казка Львів,C044h,0.0,0.0
2024-12,Казка Львів,C044h,0.0,0.0
2025-01,Казка Львів,C044h,0.0,0.0
2025-02,Казка Львів,C044h,0.0,0.0
2025-03,Казка Львів,C044h,0.0,0.0
2025-04,Казка Львів,C044h,0.0,0.0
2025-05,Казка Львів,C044h,0.0,0.0
2025-06,Казка Львів,C044h,0.0,0.0
2024-07,Клас,C044h,1.0,0.0
2024-08,Клас,C044h,3.0,0.0
2024-09,Клас,C044h,0.0,0.0
2024-10,Клас,C044h,1.0,0.0
2024-11,Клас,C044h,1.0,0.071309395
2024-12,Клас,C044h,4.0,0.38275537
2025-01,Клас,C044h,1.0,0.0
2025-02,Клас,C044h,2.0,0.0
2025-03,Клас,C044h,1.0,0.0
2025-04,Клас,C044h,0.0,0.0
2025-05,Клас,C044h,0.0,0.0
2025-06,Клас,C044h,0.0,0.0
2024-07,Коза Дереза,C044h,1.0,0.04414081
2024-08,Коза Дереза,C044h,2.0,0.0
2024-09,Коза Дереза,C044h,0.0,0.0
2024-10,Коза Дереза,C044h,2.0,0.37399763
2024-11,Коза Дереза,C044h,0.0,0.0
2024-12,Коза Дереза,C044h,0.0,0.0007852417
2025-01,Коза Дереза,C044h,0.0,0.0
2025-02,Коза Дереза,C044h,0.0,0.0
2025-03,Коза Дереза,C044h,0.0,0.0
2025-04,Коза Дереза,C044h,0.0,0.0
2025-05,Коза Дереза,C044h,0.0,0.0
2025-06,Коза Дереза,C044h,0.0,0.0
2024-07,МайПлей,C044h,5.0,0.6924636
2024-08,МайПлей,C044h,2.0,0.79652715
2024-09,МайПлей,C044h,3.0,0.96027434
2024-10,МайПлей,C044h,0.0,0.84124523
2024-11,МайПлей,C044h,2.0,0.618117
2024-12,МайПлей,C044h,5.0,2.9907706
2025-01,МайПлей,C044h,3.0,0.8548667
2025-02,МайПлей,C044h,1.0,0.49655762
2025-03,МайПлей,C044h,3.0,0.47813967
2025-04,МайПлей,C044h,1.0,0.38417342
2025-05,МайПлей,C044h,0.0,0.039903652
2025-06,МайПлей,C044h,3.0,0.0
2024-07,Мегамаркет,C044h,1.0,0.6366821
2024-08,Мегамаркет,C044h,2.0,0.3121557
2024-09,Мегамаркет,C044h,0.0,0.14465842
2024-10,Мегамаркет,C044h,1.0,0.099120304
2024-11,Мегамаркет,C044h,2.0,0.1787664
2024-12,Мегамаркет,C044h,2.0,1.3271081
2025-01,Мегамаркет,C044h,2.0,0.1730355
2025-02,Мегамаркет,C044h,2.0,0.14194158
2025-03,Мегамаркет,C044h,0.0,0.0
2025-04,Мегамаркет,C044h,2.0,0.0
2025-05,Мегамаркет,C044h,0.0,0.0
2025-06,Мегамаркет,C044h,0.0,0.0
2024-07,Монако,C044h,1.0,0.36028355
2024-08,Монако,C044h,2.0,0.49910185
2024-09,Монако,C044h,1.0,0.38398716
2024-10,Монако,C044h,7.0,0.56945115
2024-11,Монако,C044h,4.0,1.1973795
2024-12,Монако,C044h,0.0,0.78236645
2025-01,Монако,C044h,0.0,0.0
2025-02,Монако,C044h,0.0,0.0
2025-03,Монако,C044h,0.0,0.0
2025-04,Монако,C044h,0.0,0.0
2025-05,Монако,C044h,0.0,0.0
2025-06,Монако,C044h,0.0,0.0
2024-07,Новая Лінія,C044h,1.0,0.0
2024-08,Новая Лінія,C044h,0.0,0.0
2024-09,Новая Лінія,C044h,2.0,0.0
2024-10,Новая Лінія,C044h,0.0,0.0
2024-11,Новая Лінія,C044h,0.0,0.0
2024-12,Новая Лінія,C044h,2.0,0.0014687227
2025-01,Новая Лінія,C044h,0.0,0.0
2025-02,Новая Лінія,C044h,1.0,0.0
2025-03,Новая Лінія,C044h,0.0,0.0
2025-04,Новая Лінія,C044h,0.0,0.0
2025-05,Новая Лінія,C044h,1.0,0.0
2025-06,Новая Лінія,C044h,0.0,0.0
2024-07,Росицька ФОП,C044h,0.0,0.0
2024-08,Росицька ФОП,C044h,0.0,0.0
2024-09,Росицька ФОП,C044h,0.0,0.0
2024-10,Росицька ФОП,C044h,0.0,0.0
2024-11,Росицька ФОП,C044h,1.0,0.0
2024-12,Росицька ФОП,C044h,3.0,0.41377202
2025-01,Росицька ФОП,C044h,0.0,0.0
2025-02,Росицька ФОП,C044h,0.0,0.0
2025-03,Росицька ФОП,C044h,0.0,0.0
2025-04,Росицька ФОП,C044h,0.0,0.0
2025-05,Росицька ФОП,C044h,0.0,0.0
2025-06,Росицька ФОП,C044h,0.0,0.0
2024-07,Смайл,C044h,0.0,0.0
2024-08,Смайл,C044h,0.0,0.0
2024-09,Смайл,C044h,0.0,0.0
2024-10,Смайл,C044h,0.0,0.0
2024-11,Смайл,C044h,1.0,0.19261946
2024-12,Смайл,C044h,0.0,0.0
2025-01,Смайл,C044h,0.0,0.0
2025-02,Смайл,C044h,0.0,0.0
2025-03,Смайл,C044h,0.0,0.0
2025-04,Смайл,C044h,0.0,0.0
2025-05,Смайл,C044h,0.0,0.0
2025-06,Смайл,C044h,0.0,0.0
2024-07,ІМ-Розетка,C060h,1.0,0.6393873
2024-08,ІМ-Розетка,C060h,0.0,0.5791018
2024-09,ІМ-Розетка,C060h,0.0,0.33488473
2024-10,ІМ-Розетка,C060h,3.0,0.8647092
2024-11,ІМ-Розетка,C060h,2.0,1.5280731
2024-12,ІМ-Розетка,C060h,9.0,5.956704
2025-01,ІМ-Розетка,C060h,5.0,1.5739616
2025-02,ІМ-Розетка,C060h,5.0,0.9660935
2025-03,ІМ-Розетка,C060h,4.0,1.1255144
2025-04,ІМ-Розетка,C060h,3.0,0.7559521
2025-05,ІМ-Розетка,C060h,1.0,0.34818384
2025-06,ІМ-Розетка,C060h,1.0,0.101317436
2024-07,Акварель,C060h,20.0,6.4913864
2024-08,Акварель,C060h,17.0,5.5778694
2024-09,Акварель,C060h,7.0,5.627989
2024-10,Акварель,C060h,18.0,7.4511266
2024-11,Акварель,C060h,13.0,8.673446
2024-12,Акварель,C060h,22.0,16.506294
2025-01,Акварель,C060h,11.0,6.412234
2025-02,Акварель,C060h,7.0,5.105407
2025-03,Акварель,C060h,7.0,4.93889
2025-04,Акварель,C060h,2.0,4.471037
2025-05,Акварель,C060h,3.0,3.539078
2025-06,Акварель,C060h,5.0,2.9213135
2024-07,Антошка,C060h,1.0,0.71088713
2024-08,Антошка,C060h,0.0,0.40563557
2024-09,Антошка,C060h,0.0,0.10949501
2024-10,Антошка,C060h,0.0,0.079377174
2024-11,Антошка,C060h,3.0,0.49594152
2024-12,Антошка,C060h,9.0,2.070777
2025-01,Антошка,C060h,4.0,1.3106371
2025-02,Антошка,C060h,1.0,1.0779094
2025-03,Антошка,C060h,0.0,0.8991266
2025-04,Антошка,C060h,2.0,0.22901349
2025-05,Антошка,C060h,2.0,0.3662326
2025-06,Антошка,C060h,0.0,0.45463425
2024-07,БІ,C060h,15.0,8.075628
2024-08,БІ,C060h,9.0,5.272666
2024-09,БІ,C060h,14.0,5.1567483
2024-10,БІ,C060h,18.0,8.399129
2024-11,БІ,C060h,28.0,11.314721
2024-12,БІ,C060h,37.0,26.912487
2025-01,БІ,C060h,25.0,10.937308
2025-02,БІ,C060h,21.0,10.0179825
2025-03,БІ,C060h,15.0,8.525733
2025-04,БІ,C060h,10.0,7.065704
2025-05,БІ,C060h,14.0,5.561881
2025-06,БІ,C060h,8.0,5.6721687
2024-07,Віват Канцелярія,C060h,2.0,1.043645
2024-08,Віват Канцелярія,C060h,8.0,1.2137247
2024-09,Віват Канцелярія,C060h,1.0,1.7198429
2024-10,Віват Канцелярія,C060h,2.0,1.7169489
2024-11,Віват Канцелярія,C060h,9.0,1.7688396
2024-12,Віват Канцелярія,C060h,18.0,7.7763596
2025-01,Віват Канцелярія,C060h,5.0,2.5455327
2025-02,Віват Канцелярія,C060h,4.0,1.8954136
2025-03,Віват Канцелярія,C060h,3.0,1.7410566
2025-04,Віват Канцелярія,C060h,6.0,0.910281
2025-05,Віват Канцелярія,C060h,3.0,0.7933964
2025-06,Віват Канцелярія,C060h,6.0,0.9073875
2024-07,Епіцентр,C060h,5.0,2.4623983
2024-08,Епіцентр,C060h,2.0,1.5556166
2024-09,Епіцентр,C060h,2.0,1.2195164
2024-10,Епіцентр,C060h,5.0,1.4868095
2024-11,Епіцентр,C060h,17.0,2.637863
2024-12,Епіцентр,C060h,27.0,8.52353
2025-01,Епіцентр,C060h,15.0,3.8502166
2025-02,Епіцентр,C060h,10.0,2.9812975
2025-03,Епіцентр,C060h,7.0,2.6391997
2025-04,Епіцентр,C060h,0.0,2.3106744
2025-05,Епіцентр,C060h,5.0,2.1354702
2025-06,Епіцентр,C060h,4.0,1.4474669
2024-07,Клас,C060h,0.0,0.0
2024-08,Клас,C060h,0.0,0.0
2024-09,Клас,C060h,0.0,0.0
2024-10,Клас,C060h,3.0,0.0
2024-11,Клас,C060h,2.0,0.5429186
2024-12,Клас,C060h,2.0,0.7651633
2025-01,Клас,C060h,1.0,0.0
2025-02,Клас,C060h,0.0,0.0
2025-03,Клас,C060h,1.0,0.0
2025-04,Клас,C060h,1.0,0.0
2025-05,Клас,C060h,0.0,0.0
2025-06,Клас,C060h,1.0,0.0
2024-07,МайПлей,C060h,1.0,0.4492026
2024-08,МайПлей,C060h,2.0,0.5162615
2024-09,МайПлей,C060h,2.0,0.38273078
2024-10,МайПлей,C060h,0.0,0.3821296
2024-11,МайПлей,C060h,0.0,0.2308017
2024-12,МайПлей,C060h,4.0,1.8395075
2025-01,МайПлей,C060h,1.0,0.57646763
2025-02,МайПлей,C060h,0.0,0.2495626
2025-03,МайПлей,C060h,1.0,0.16311578
2025-04,МайПлей,C060h,2.0,0.15228885
2025-05,МайПлей,C060h,2.0,0.2414437
2025-06,МайПлей,C060h,0.0,0.0
2024-07,Мегамаркет,C060h,2.0,0.0
2024-08,Мегамаркет,C060h,3.0,0.053560648
2024-09,Мегамаркет,C060h,0.0,0.0
2024-10,Мегамаркет,C060h,0.0,0.0
2024-11,Мегамаркет,C060h,1.0,0.0
2024-12,Мегамаркет,C060h,3.0,0.7973246
2025-01,Мегамаркет,C060h,2.0,0.11390218
2025-02,Мегамаркет,C060h,2.0,0.050714266
2025-03,Мегамаркет,C060h,0.0,0.0
2025-04,Мегамаркет,C060h,0.0,0.0
2025-05,Мегамаркет,C060h,0.0,0.0
2025-06,Мегамаркет,C060h,0.0,0.0
2024-07,Монако,C060h,3.0,0.3667572
2024-08,Монако,C060h,2.0,0.3573082
2024-09,Монако,C060h,0.0,0.20050886
2024-10,Монако,C060h,1.0,0.61140066
2024-11,Монако,C060h,6.0,1.0418922
2024-12,Монако,C060h,0.0,0.53994644
2025-01,Монако,C060h,0.0,0.018642344
2025-02,Монако,C060h,3.0,0.5062618
2025-03,Монако,C060h,4.0,0.5755583
2025-04,Монако,C060h,0.0,0.0
2025-05,Монако,C060h,0.0,0.0
2025-06,Монако,C060h,2.0,0.3880097
2024-07,Росицька ФОП,C060h,0.0,0.0
2024-08,Росицька ФОП,C060h,1.0,0.0
2024-09,Росицька ФОП,C060h,0.0,0.0
2024-10,Росицька ФОП,C060h,0.0,0.0
2024-11,Росицька ФОП,C060h,0.0,0.0
2024-12,Росицька ФОП,C060h,2.0,0.25379276
2025-01,Росицька ФОП,C060h,1.0,0.0
2025-02,Росицька ФОП,C060h,0.0,0.0
2025-03,Росицька ФОП,C060h,0.0,0.0
2025-04,Росицька ФОП,C060h,1.0,0.0
2025-05,Росицька ФОП,C060h,0.0,0.0
2025-06,Росицька ФОП,C060h,0.0,0.0
2024-07,Смайл,C060h,1.0,0.0
2024-08,Смайл,C060h,0.0,0.0
2024-09,Смайл,C060h,0.0,0.0
2024-10,Смайл,C060h,0.0,0.0
2024-11,Смайл,C060h,2.0,0.3125256
2024-12,Смайл,C060h,0.0,0.0
2025-01,Смайл,C060h,0.0,0.0
2025-02,Смайл,C060h,0.0,0.0
2025-03,Смайл,C060h,0.0,0.0
2025-04,Смайл,C060h,1.0,0.049808875
2025-05,Смайл,C060h,0.0,0.0
2025-06,Смайл,C060h,1.0,0.0
2024-07,Смік,C060h,4.0,0.32329106
2024-08,Смік,C060h,4.0,0.38318393
2024-09,Смік,C060h,3.0,0.5143565
2024-10,Смік,C060h,0.0,0.2531261
2024-11,Смік,C060h,0.0,0.11473639
2024-12,Смік,C060h,2.0,1.2903965
2025-01,Смік,C060h,0.0,0.24307068
2025-02,Смік,C060h,1.0,0.0
2025-03,Смік,C060h,0.0,0.0
2025-04,Смік,C060h,0.0,0.0
2025-05,Смік,C060h,1.0,0.0
2025-06,Смік,C060h,1.0,0.0
2024-07,Таврія,C060h,0.0,0.0
2024-08,Таврія,C060h,1.0,0.0
2024-09,Таврія,C060h,0.0,0.0
2024-10,Таврія,C060h,1.0,0.0
2024-11,Таврія,C060h,0.0,0.0
2024-12,Таврія,C060h,4.0,0.8639102
2025-01,Таврія,C060h,2.0,0.021751782
2025-02,Таврія,C060h,1.0,0.0
2025-03,Таврія,C060h,1.0,0.0
2025-04,Таврія,C060h,0.0,0.0
2025-05,Таврія,C060h,0.0,0.0
2025-06,Таврія,C060h,1.0,0.0
2024-07,Акварель,C065h,7.0,4.1565285
2024-08,Акварель,C065h,4.0,3.6808276
2024-09,Акварель,C065h,4.0,3.1347136
2024-10,Акварель,C065h,3.0,3.6145203
2024-11,Акварель,C065h,5.0,1.6745979
2024-12,Акварель,C065h,9.0,5.3353443
2025-01,Акварель,C065h,2.0,1.645293
2025-02,Акварель,C065h,1.0,1.4711995
2025-03,Акварель,C065h,1.0,1.5168432
2025-04,Акварель,C065h,0.0,0.0
2025-05,Акварель,C065h,2.0,0.83284664
2025-06,Акварель,C065h,1.0,0.9256349
2024-07,Віват Канцелярія,C065h,0.0,0.0
2024-08,Віват Канцелярія,C065h,3.0,0.28554872
2024-09,Віват Канцелярія,C065h,0.0,0.0
2024-10,Віват Канцелярія,C065h,1.0,0.27651864
2024-11,Віват Канцелярія,C065h,1.0,0.25360638
2024-12,Віват Канцелярія,C065h,1.0,0.95065767
2025-01,Віват Канцелярія,C065h,0.0,0.0
2025-02,Віват Канцелярія,C065h,0.0,0.0
2025-03,Віват Канцелярія,C065h,1.0,0.060796753
2025-04,Віват Канцелярія,C065h,1.0,0.1891806
2025-05,Віват Канцелярія,C065h,1.0,0.04777783
2025-06,Віват Канцелярія,C065h,0.0,0.0
2024-07,ІМ-Розетка,C080h,1.0,1.5000052
2024-08,ІМ-Розетка,C080h,1.0,0.55463845
2024-09,ІМ-Розетка,C080h,1.0,0.52005595
2024-10,ІМ-Розетка,C080h,2.0,0.7750949
2024-11,ІМ-Розетка,C080h,0.0,2.020674
2024-12,ІМ-Розетка,C080h,7.0,10.673273
2025-01,ІМ-Розетка,C080h,7.0,2.7534742
2025-02,ІМ-Розетка,C080h,3.0,1.4062364
2025-03,ІМ-Розетка,C080h,0.0,1.1508677
2025-04,ІМ-Розетка,C080h,2.0,0.4775102
2025-05,ІМ-Розетка,C080h,0.0,0.24173683
2025-06,ІМ-Розетка,C080h,0.0,0.24006222
2024-07,Акварель,C080h,16.0,8.348952
2024-08,Акварель,C080h,14.0,5.821198
2024-09,Акварель,C080h,9.0,5.971116
2024-10,Акварель,C080h,16.0,7.846965
2024-11,Акварель,C080h,17.0,8.654919
2024-12,Акварель,C080h,35.0,18.10945
2025-01,Акварель,C080h,17.0,8.695665
2025-02,Акварель,C080h,6.0,6.0889
2025-03,Акварель,C080h,7.0,5.6716914
2025-04,Акварель,C080h,7.0,4.957002
2025-05,Акварель,C080h,3.0,3.5743513
2025-06,Акварель,C080h,8.0,3.4629853
2024-07,Антошка,C080h,4.0,0.35601667
2024-08,Антошка,C080h,3.0,0.8675373
2024-09,Антошка,C080h,1.0,0.54811525
2024-10,Антошка,C080h,0.0,0.77860624
2024-11,Антошка,C080h,5.0,0.93952525
2024-12,Антошка,C080h,25.0,6.482158
2025-01,Антошка,C080h,9.0,3.7797751
2025-02,Антошка,C080h,3.0,2.2891777
2025-03,Антошка,C080h,3.0,1.3988074
2025-04,Антошка,C080h,4.0,1.3820571
2025-05,Антошка,C080h,3.0,1.2536432
2025-06,Антошка,C080h,2.0,1.4056224
2024-07,БІ,C080h,18.0,9.509704
2024-08,БІ,C080h,13.0,7.4135056
2024-09,БІ,C080h,10.0,7.5942183
2024-10,БІ,C080h,17.0,9.26797
2024-11,БІ,C080h,27.0,10.903355
2024-12,БІ,C080h,53.0,27.088837
2025-01,БІ,C080h,17.0,11.90109
2025-02,БІ,C080h,16.0,10.284119
2025-03,БІ,C080h,11.0,8.108743
2025-04,БІ,C080h,14.0,5.956328
2025-05,БІ,C080h,17.0,5.806545
2025-06,БІ,C080h,10.0,6.814842
2024-07,Белес,C080h,2.0,1.6436796
2024-08,Белес,C080h,0.0,0.29348055
2024-09,Белес,C080h,14.0,2.471993
2024-10,Белес,C080h,2.0,3.0077715
2024-11,Белес,C080h,5.0,2.6168933
2024-12,Белес,C080h,0.0,4.869868
2025-01,Белес,C080h,0.0,0.8253335
2025-02,Белес,C080h,26.0,2.1754138
2025-03,Белес,C080h,13.0,3.997054
2025-04,Белес,C080h,4.0,2.6416845
2025-05,Белес,C080h,0.0,1.6456449
2025-06,Белес,C080h,0.0,1.5386016
2024-07,Віват Канцелярія,C080h,3.0,1.2723024
2024-08,Віват Канцелярія,C080h,4.0,1.5059026
2024-09,Віват Канцелярія,C080h,2.0,1.3480396
2024-10,Віват Канцелярія,C080h,3.0,1.5312959
2024-11,Віват Канцелярія,C080h,2.0,1.6873196
2024-12,Віват Канцелярія,C080h,18.0,5.5494084
2025-01,Віват Канцелярія,C080h,11.0,2.2912533
2025-02,Віват Канцелярія,C080h,6.0,2.285562
2025-03,Віват Канцелярія,C080h,4.0,2.058057
2025-04,Віват Канцелярія,C080h,4.0,1.3316386
2025-05,Віват Канцелярія,C080h,3.0,1.1930386
2025-06,Віват Канцелярія,C080h,3.0,0.84022355
2024-07,Еліпс,C080h,0.0,0.0
2024-08,Еліпс,C080h,0.0,0.0
2024-09,Еліпс,C080h,0.0,0.0
2024-10,Еліпс,C080h,1.0,0.27511266
2024-11,Еліпс,C080h,0.0,0.0
2024-12,Еліпс,C080h,1.0,0.39436567
2025-01,Еліпс,C080h,1.0,0.0
2025-02,Еліпс,C080h,1.0,0.014785768
2025-03,Еліпс,C080h,0.0,0.0
2025-04,Еліпс,C080h,0.0,0.0
2025-05,Еліпс,C080h,0.0,0.0
2025-06,Еліпс,C080h,0.0,0.0
2024-07,Клас,C080h,0.0,0.0
2024-08,Клас,C080h,1.0,0.0
2024-09,Клас,C080h,0.0,0.0
2024-10,Клас,C080h,0.0,0.0
2024-11,Клас,C080h,0.0,0.0
2024-12,Клас,C080h,3.0,0.23011625
2025-01,Клас,C080h,1.0,0.0
2025-02,Клас,C080h,1.0,0.0
2025-03,Клас,C080h,0.0,0.0
2025-04,Клас,C080h,0.0,0.0
2025-05,Клас,C080h,1.0,0.0
2025-06,Клас,C080h,0.0,0.0
2024-07,Кубі,C080h,3.0,0.46650663
2024-08,Кубі,C080h,0.0,0.0
2024-09,Кубі,C080h,0.0,0.0
2024-10,Кубі,C080h,2.0,0.5128533
2024-11,Кубі,C080h,0.0,0.012386229
2024-12,Кубі,C080h,3.0,1.0156964
2025-01,Кубі,C080h,3.0,0.8058795
2025-02,Кубі,C080h,0.0,0.0011821815
2025-03,Кубі,C080h,2.0,0.39062086
2025-04,Кубі,C080h,0.0,0.0
2025-05,Кубі,C080h,0.0,0.0
2025-06,Кубі,C080h,2.0,0.112116024
2024-07,МайПлей,C080h,3.0,0.36253276
2024-08,МайПлей,C080h,5.0,0.46035537
2024-09,МайПлей,C080h,1.0,0.3892238
2024-10,МайПлей,C080h,5.0,1.0434238
2024-11,МайПлей,C080h,1.0,1.030952
2024-12,МайПлей,C080h,6.0,3.2681947
2025-01,МайПлей,C080h,3.0,0.7104222
2025-02,МайПлей,C080h,1.0,0.51729614
2025-03,МайПлей,C080h,2.0,0.5449231
2025-04,МайПлей,C080h,1.0,0.4106616
2025-05,МайПлей,C080h,2.0,0.3155919
2025-06,МайПлей,C080h,1.0,0.0
2024-07,Мегамаркет,C080h,0.0,0.0
2024-08,Мегамаркет,C080h,0.0,0.0
2024-09,Мегамаркет,C080h,0.0,0.0
2024-10,Мегамаркет,C080h,1.0,0.0
2024-11,Мегамаркет,C080h,1.0,0.0
2024-12,Мегамаркет,C080h,1.0,0.6041864
2025-01,Мегамаркет,C080h,1.0,0.0
2025-02,Мегамаркет,C080h,0.0,0.0
2025-03,Мегамаркет,C080h,0.0,0.0
2025-04,Мегамаркет,C080h,0.0,0.0
2025-05,Мегамаркет,C080h,0.0,0.0
2025-06,Мегамаркет,C080h,1.0,0.0
2024-07,Монако,C080h,2.0,0.2826763
2024-08,Монако,C080h,0.0,0.0
2024-09,Монако,C080h,1.0,0.89204574
2024-10,Монако,C080h,4.0,0.6166722
2024-11,Монако,C080h,11.0,0.7425271
2024-12,Монако,C080h,0.0,1.7408475
2025-01,Монако,C080h,0.0,0.25277248
2025-02,Монако,C080h,2.0,0.84801495
2025-03,Монако,C080h,2.0,0.5276124
2025-04,Монако,C080h,0.0,0.0
2025-05,Монако,C080h,0.0,0.0
2025-06,Монако,C080h,0.0,0.0
2024-07,РОСТ,C080h,1.0,0.0
2024-08,РОСТ,C080h,1.0,0.0
2024-09,РОСТ,C080h,0.0,0.0
2024-10,РОСТ,C080h,2.0,0.0
2024-11,РОСТ,C080h,0.0,0.0
2024-12,РОСТ,C080h,2.0,0.2449916
2025-01,РОСТ,C080h,1.0,0.0
2025-02,РОСТ,C080h,0.0,0.0
2025-03,РОСТ,C080h,0.0,0.0
2025-04,РОСТ,C080h,0.0,0.0
2025-05,РОСТ,C080h,0.0,0.0
2025-06,РОСТ,C080h,1.0,0.0
2024-07,Росицька ФОП,C080h,0.0,0.0
2024-08,Росицька ФОП,C080h,0.0,0.0
2024-09,Росицька ФОП,C080h,0.0,0.0
2024-10,Росицька ФОП,C080h,0.0,0.0
2024-11,Росицька ФОП,C080h,0.0,0.0
2024-12,Росицька ФОП,C080h,3.0,0.24057256
2025-01,Росицька ФОП,C080h,1.0,0.0
2025-02,Росицька ФОП,C080h,0.0,0.0
2025-03,Росицька ФОП,C080h,1.0,0.0
2025-04,Росицька ФОП,C080h,1.0,0.0
2025-05,Росицька ФОП,C080h,0.0,0.0
2025-06,Росицька ФОП,C080h,0.0,0.0
2024-07,Смайл,C080h,2.0,0.0
2024-08,Смайл,C080h,0.0,0.0
2024-09,Смайл,C080h,0.0,0.0
2024-10,Смайл,C080h,0.0,0.0
2024-11,Смайл,C080h,2.0,0.3566086
2024-12,Смайл,C080h,0.0,0.0
2025-01,Смайл,C080h,0.0,0.0
2025-02,Смайл,C080h,0.0,0.0
2025-03,Смайл,C080h,0.0,0.0
2025-04,Смайл,C080h,1.0,0.06439612
2025-05,Смайл,C080h,0.0,0.0
2025-06,Смайл,C080h,1.0,0.0
2024-07,Смік,C080h,0.0,0.0
2024-08,Смік,C080h,0.0,0.0
2024-09,Смік,C080h,2.0,0.0
2024-10,Смік,C080h,0.0,0.0
2024-11,Смік,C080h,0.0,0.0
2024-12,Смік,C080h,1.0,0.017245684
2025-01,Смік,C080h,0.0,0.0
2025-02,Смік,C080h,0.0,0.0
2025-03,Смік,C080h,0.0,0.0
2025-04,Смік,C080h,1.0,0.14042528
2025-05,Смік,C080h,0.0,0.0
2025-06,Смік,C080h,0.0,0.0
2024-07,Таврія,C080h,0.0,0.0
2024-08,Таврія,C080h,2.0,0.0
2024-09,Таврія,C080h,0.0,0.0
2024-10,Таврія,C080h,1.0,0.0
2024-11,Таврія,C080h,0.0,0.0
2024-12,Таврія,C080h,1.0,0.305757
2025-01,Таврія,C080h,0.0,0.0
2025-02,Таврія,C080h,0.0,0.0
2025-03,Таврія,C080h,0.0,0.0
2025-04,Таврія,C080h,0.0,0.0
2025-05,Таврія,C080h,0.0,0.0
2025-06,Таврія,C080h,0.0,0.0
2024-07,ІМ-Розетка,C094h,0.0,0.0
2024-08,ІМ-Розетка,C094h,0.0,0.0
2024-09,ІМ-Розетка,C094h,0.0,0.27388203
2024-10,ІМ-Розетка,C094h,0.0,0.0
2024-11,ІМ-Розетка,C094h,0.0,0.16530894
2024-12,ІМ-Розетка,C094h,3.0,2.4623373
2025-01,ІМ-Розетка,C094h,1.0,0.31308657
2025-02,ІМ-Розетка,C094h,1.0,0.07168026
2025-03,ІМ-Розетка,C094h,0.0,0.0
2025-04,ІМ-Розетка,C094h,0.0,0.0
2025-05,ІМ-Розетка,C094h,2.0,0.051528927
2025-06,ІМ-Розетка,C094h,0.0,0.0
2024-07,Акварель,C094h,12.0,3.2327182
2024-08,Акварель,C094h,8.0,3.3332503
2024-09,Акварель,C094h,7.0,3.1532366
2024-10,Акварель,C094h,11.0,5.506254
2024-11,Акварель,C094h,10.0,5.997659
2024-12,Акварель,C094h,22.0,12.208791
2025-01,Акварель,C094h,8.0,4.5527353
2025-02,Акварель,C094h,7.0,3.3799663
2025-03,Акварель,C094h,8.0,3.7737403
2025-04,Акварель,C094h,4.0,2.587446
2025-05,Акварель,C094h,7.0,2.285729
2025-06,Акварель,C094h,5.0,1.6594629
2024-07,Антошка,C094h,3.0,1.136828
2024-08,Антошка,C094h,4.0,0.4690847
2024-09,Антошка,C094h,3.0,0.7621732
2024-10,Антошка,C094h,5.0,1.4343337
2024-11,Антошка,C094h,2.0,1.9863391
2024-12,Антошка,C094h,12.0,4.4467
2025-01,Антошка,C094h,1.0,1.7376956
2025-02,Антошка,C094h,4.0,1.0585917
2025-03,Антошка,C094h,4.0,1.1541748
2025-04,Антошка,C094h,4.0,1.2550524
2025-05,Антошка,C094h,0.0,0.8004935
2025-06,Антошка,C094h,3.0,0.37291735
2024-07,БІ,C094h,7.0,4.7168145
2024-08,БІ,C094h,11.0,3.1280944
2024-09,БІ,C094h,5.0,3.9671378
2024-10,БІ,C094h,8.0,4.761589
2024-11,БІ,C094h,13.0,5.5942326
2024-12,БІ,C094h,23.0,12.932011
2025-01,БІ,C094h,9.0,5.0569367
2025-02,БІ,C094h,3.0,3.0432467
2025-03,БІ,C094h,3.0,1.9684116
2025-04,БІ,C094h,0.0,1.8035017
2025-05,БІ,C094h,2.0,1.1090127
2025-06,БІ,C094h,0.0,1.530693
2024-07,Віват Канцелярія,C094h,2.0,0.8000542
2024-08,Віват Канцелярія,C094h,1.0,0.4798063
2024-09,Віват Канцелярія,C094h,2.0,0.5417763
2024-10,Віват Канцелярія,C094h,4.0,1.3435028
2024-11,Віват Канцелярія,C094h,4.0,1.3995384
2024-12,Віват Канцелярія,C094h,11.0,4.828714
2025-01,Віват Канцелярія,C094h,8.0,1.5034164
2025-02,Віват Канцелярія,C094h,6.0,2.00588
2025-03,Віват Канцелярія,C094h,5.0,1.4395281
2025-04,Віват Канцелярія,C094h,8.0,0.99516654
2025-05,Віват Канцелярія,C094h,2.0,0.9158531
2025-06,Віват Канцелярія,C094h,1.0,0.6596491
2024-07,Епіцентр,C094h,3.0,1.1174961
2024-08,Епіцентр,C094h,3.0,0.64897156
2024-09,Епіцентр,C094h,1.0,0.94820476
2024-10,Епіцентр,C094h,4.0,1.4567815
2024-11,Епіцентр,C094h,8.0,2.0807817
2024-12,Епіцентр,C094h,20.0,7.1732492
2025-01,Епіцентр,C094h,12.0,2.2186615
2025-02,Епіцентр,C094h,7.0,2.210385
2025-03,Епіцентр,C094h,8.0,1.9676933
2025-04,Епіцентр,C094h,0.0,1.2691371
2025-05,Епіцентр,C094h,4.0,1.3085705
2025-06,Епіцентр,C094h,4.0,0.78409666
2024-07,Кубі,C094h,0.0,0.0
2024-08,Кубі,C094h,0.0,0.0
2024-09,Кубі,C094h,6.0,0.28953564
2024-10,Кубі,C094h,2.0,0.6929103
2024-11,Кубі,C094h,4.0,0.76054865
2024-12,Кубі,C094h,0.0,0.46436438
2025-01,Кубі,C094h,6.0,0.803634
2025-02,Кубі,C094h,0.0,0.07792442
2025-03,Кубі,C094h,4.0,0.7432389
2025-04,Кубі,C094h,0.0,0.0
2025-05,Кубі,C094h,0.0,0.0
2025-06,Кубі,C094h,2.0,0.15980963
2024-07,МайПлей,C094h,1.0,0.17159419
2024-08,МайПлей,C094h,0.0,0.0
2024-09,МайПлей,C094h,1.0,0.10761134
2024-10,МайПлей,C094h,1.0,0.31283128
2024-11,МайПлей,C094h,0.0,0.123175606
2024-12,МайПлей,C094h,12.0,1.5370536
2025-01,МайПлей,C094h,1.0,0.45199272
2025-02,МайПлей,C094h,0.0,0.6727211
2025-03,МайПлей,C094h,3.0,0.12194366
2025-04,МайПлей,C094h,0.0,0.13577011
2025-05,МайПлей,C094h,0.0,0.0
2025-06,МайПлей,C094h,1.0,0.0
2024-07,Мегамаркет,C094h,3.0,0.12884718
2024-08,Мегамаркет,C094h,0.0,0.0
2024-09,Мегамаркет,C094h,0.0,0.0
2024-10,Мегамаркет,C094h,0.0,0.0
2024-11,Мегамаркет,C094h,1.0,0.0
2024-12,Мегамаркет,C094h,2.0,0.64074945
2025-01,Мегамаркет,C094h,1.0,0.0
2025-02,Мегамаркет,C094h,0.0,0.0
2025-03,Мегамаркет,C094h,1.0,0.0
2025-04,Мегамаркет,C094h,0.0,0.0
2025-05,Мегамаркет,C094h,1.0,0.0
2025-06,Мегамаркет,C094h,0.0,0.0
2024-07,Монако,C094h,0.0,0.0
2024-08,Монако,C094h,0.0,0.0
2024-09,Монако,C094h,2.0,0.50541633
2024-10,Монако,C094h,3.0,0.096273415
2024-11,Монако,C094h,6.0,0.70172304
2024-12,Монако,C094h,0.0,0.55376524
2025-01,Монако,C094h,0.0,0.0
2025-02,Монако,C094h,1.0,0.48156014
2025-03,Монако,C094h,1.0,0.1584126
2025-04,Монако,C094h,0.0,0.0
2025-05,Монако,C094h,0.0,0.0
2025-06,Монако,C094h,0.0,0.0
2024-07,Росицька ФОП,C094h,0.0,0.0
2024-08,Росицька ФОП,C094h,1.0,0.0
2024-09,Росицька ФОП,C094h,0.0,0.0
2024-10,Росицька ФОП,C094h,0.0,0.0
2024-11,Росицька ФОП,C094h,0.0,0.0
2024-12,Росицька ФОП,C094h,1.0,0.0
2025-01,Росицька ФОП,C094h,0.0,0.0
2025-02,Росицька ФОП,C094h,0.0,0.0
2025-03,Росицька ФОП,C094h,0.0,0.0
2025-04,Росицька ФОП,C094h,0.0,0.0
2025-05,Росицька ФОП,C094h,0.0,0.0
2025-06,Росицька ФОП,C094h,0.0,0.0
2024-07,Чудо Острів,C094h,6.0,1.7568419
2024-08,Чудо Острів,C094h,3.0,1.2794888
2024-09,Чудо Острів,C094h,5.0,1.4208295
2024-10,Чудо Острів,C094h,8.0,2.989219
2024-11,Чудо Острів,C094h,11.0,3.8008354
2024-12,Чудо Острів,C094h,15.0,10.041985
2025-01,Чудо Острів,C094h,7.0,3.3222306
2025-02,Чудо Острів,C094h,5.0,2.170672
2025-03,Чудо Острів,C094h,5.0,1.4387866
2025-04,Чудо Острів,C094h,4.0,1.2647231
2025-05,Чудо Острів,C094h,3.0,1.1615341
2025-06,Чудо Острів,C094h,4.0,1.0549431
2024-07,Юпіджи,C094h,1.0,0.11374643
2024-08,Юпіджи,C094h,2.0,0.41800925
2024-09,Юпіджи,C094h,1.0,0.3905984
2024-10,Юпіджи,C094h,3.0,1.0866507
2024-11,Юпіджи,C094h,1.0,0.5912199
2024-12,Юпіджи,C094h,5.0,2.7068956
2025-01,Юпіджи,C094h,2.0,0.8567989
2025-02,Юпіджи,C094h,0.0,0.4078651
2025-03,Юпіджи,C094h,8.0,0.3932197
2025-04,Юпіджи,C094h,5.0,0.8280851
2025-05,Юпіджи,C094h,8.0,0.6105313
2025-06,Юпіджи,C094h,0.0,0.8227042
2024-07,ІМ-Кідіс,C238h,0.0,0.0
2024-08,ІМ-Кідіс,C238h,0.0,0.0
2024-09,ІМ-Кідіс,C238h,0.0,0.0
2024-10,ІМ-Кідіс,C238h,0.0,0.0
2024-11,ІМ-Кідіс,C238h,1.0,0.3635354
2024-12,ІМ-Кідіс,C238h,5.0,0.9346014
2025-01,ІМ-Кідіс,C238h,0.0,0.99300027
2025-02,ІМ-Кідіс,C238h,1.0,0.07161747
2025-03,ІМ-Кідіс,C238h,0.0,0.08623462
2025-04,ІМ-Кідіс,C238h,1.0,0.0
2025-05,ІМ-Кідіс,C238h,1.0,0.0
2025-06,ІМ-Кідіс,C238h,0.0,0.0
2024-07,ІМ-Розетка,C238h,3.0,1.6910496
2024-08,ІМ-Розетка,C238h,2.0,1.789745
2024-09,ІМ-Розетка,C238h,0.0,1.3429404
2024-10,ІМ-Розетка,C238h,4.0,1.1300293
2024-11,ІМ-Розетка,C238h,2.0,2.3594625
2024-12,ІМ-Розетка,C238h,14.0,10.851578
2025-01,ІМ-Розетка,C238h,5.0,2.3474736
2025-02,ІМ-Розетка,C238h,1.0,1.2088509
2025-03,ІМ-Розетка,C238h,5.0,1.1152602
2025-04,ІМ-Розетка,C238h,1.0,0.66595286
2025-05,ІМ-Розетка,C238h,2.0,0.5311302
2025-06,ІМ-Розетка,C238h,2.0,0.042949677
2024-07,Акварель,C238h,18.0,9.382775
2024-08,Акварель,C238h,12.0,8.01717
2024-09,Акварель,C238h,9.0,7.1456523
2024-10,Акварель,C238h,23.0,8.5712385
2024-11,Акварель,C238h,24.0,11.076521
2024-12,Акварель,C238h,34.0,23.009512
2025-01,Акварель,C238h,12.0,9.828024
2025-02,Акварель,C238h,13.0,6.50083
2025-03,Акварель,C238h,11.0,7.4027348
2025-04,Акварель,C238h,5.0,6.1052556
2025-05,Акварель,C238h,10.0,4.4602094
2025-06,Акварель,C238h,7.0,3.6721141
2024-07,БІ,C238h,21.0,11.232706
2024-08,БІ,C238h,10.0,9.068714
2024-09,БІ,C238h,16.0,7.1942515
2024-10,БІ,C238h,30.0,11.9873905
2024-11,БІ,C238h,36.0,14.890385
2024-12,БІ,C238h,56.0,36.02412
2025-01,БІ,C238h,24.0,13.132992
2025-02,БІ,C238h,11.0,11.638181
2025-03,БІ,C238h,17.0,8.549509
2025-04,БІ,C238h,26.0,8.634341
2025-05,БІ,C238h,21.0,9.049077
2025-06,БІ,C238h,12.0,8.267403
2024-07,Белес,C238h,25.0,2.5411568
2024-08,Белес,C238h,0.0,1.898964
2024-09,Белес,C238h,27.0,4.4554114
2024-10,Белес,C238h,0.0,3.6930816
2024-11,Белес,C238h,0.0,1.7268033
2024-12,Белес,C238h,0.0,5.916329
2025-01,Белес,C238h,0.0,2.0952184
2025-02,Белес,C238h,25.0,4.1627393
2025-03,Белес,C238h,18.0,4.554483
2025-04,Белес,C238h,2.0,3.2607684
2025-05,Белес,C238h,0.0,2.4557314
2025-06,Белес,C238h,0.0,1.7756712
2024-07,Віват Канцелярія,C238h,2.0,1.7474332
2024-08,Віват Канцелярія,C238h,6.0,2.0126474
2024-09,Віват Канцелярія,C238h,7.0,2.0539644
2024-10,Віват Канцелярія,C238h,8.0,2.5318608
2024-11,Віват Канцелярія,C238h,4.0,2.9308136
2024-12,Віват Канцелярія,C238h,29.0,9.627351
2025-01,Віват Канцелярія,C238h,6.0,4.1388893
2025-02,Віват Канцелярія,C238h,15.0,2.730737
2025-03,Віват Канцелярія,C238h,5.0,3.4034235
2025-04,Віват Канцелярія,C238h,16.0,2.6143332
2025-05,Віват Канцелярія,C238h,9.0,2.94064
2025-06,Віват Канцелярія,C238h,2.0,1.3813609
2024-07,Еліпс,C238h,0.0,0.0
2024-08,Еліпс,C238h,0.0,0.0
2024-09,Еліпс,C238h,0.0,0.0
2024-10,Еліпс,C238h,1.0,0.13336278
2024-11,Еліпс,C238h,0.0,0.0
2024-12,Еліпс,C238h,0.0,0.0
2025-01,Еліпс,C238h,1.0,0.0
2025-02,Еліпс,C238h,1.0,0.08419249
2025-03,Еліпс,C238h,0.0,0.0
2025-04,Еліпс,C238h,0.0,0.0
2025-05,Еліпс,C238h,0.0,0.0
2025-06,Еліпс,C238h,0.0,0.0
2024-07,Епіцентр,C238h,11.0,2.9786377
2024-08,Епіцентр,C238h,7.0,2.7655704
2024-09,Епіцентр,C238h,5.0,2.3330195
2024-10,Епіцентр,C238h,9.0,3.1145513
2024-11,Епіцентр,C238h,20.0,4.2280917
2024-12,Епіцентр,C238h,34.0,13.901993
2025-01,Епіцентр,C238h,17.0,5.3619905
2025-02,Епіцентр,C238h,6.0,4.7304444
2025-03,Епіцентр,C238h,10.0,2.8639889
2025-04,Епіцентр,C238h,0.0,3.2700992
2025-05,Епіцентр,C238h,8.0,1.938647
2025-06,Епіцентр,C238h,6.0,1.5802171
2024-07,Казка Львів,C238h,0.0,0.0
2024-08,Казка Львів,C238h,0.0,0.0
2024-09,Казка Львів,C238h,0.0,0.0
2024-10,Казка Львів,C238h,0.0,0.0
2024-11,Казка Львів,C238h,0.0,0.0
2024-12,Казка Львів,C238h,2.0,0.5338135
2025-01,Казка Львів,C238h,0.0,0.0
2025-02,Казка Львів,C238h,0.0,0.0
2025-03,Казка Львів,C238h,1.0,0.06463431
2025-04,Казка Львів,C238h,0.0,0.0
2025-05,Казка Львів,C238h,0.0,0.0
2025-06,Казка Львів,C238h,0.0,0.0
2024-07,Клас,C238h,0.0,0.065660655
2024-08,Клас,C238h,2.0,0.2473053
2024-09,Клас,C238h,1.0,0.0
2024-10,Клас,C238h,2.0,0.060037527
2024-11,Клас,C238h,0.0,0.0
2024-12,Клас,C238h,1.0,0.89107996
2025-01,Клас,C238h,1.0,0.0
2025-02,Клас,C238h,0.0,0.0
2025-03,Клас,C238h,1.0,0.0
2025-04,Клас,C238h,0.0,0.0
2025-05,Клас,C238h,3.0,0.0
2025-06,Клас,C238h,1.0,0.0
2024-07,Коза Дереза,C238h,1.0,0.105767325
2024-08,Коза Дереза,C238h,0.0,0.0
2024-09,Коза Дереза,C238h,0.0,0.0
2024-10,Коза Дереза,C238h,1.0,0.12991436
2024-11,Коза Дереза,C238h,0.0,0.0
2024-12,Коза Дереза,C238h,1.0,0.4207827
2025-01,Коза Дереза,C238h,0.0,0.0
2025-02,Коза Дереза,C238h,3.0,0.11810645
2025-03,Коза Дереза,C238h,0.0,0.0
2025-04,Коза Дереза,C238h,0.0,0.0
2025-05,Коза Дереза,C238h,0.0,0.0
2025-06,Коза Дереза,C238h,0.0,0.0
2024-07,МайПлей,C238h,3.0,1.2889107
2024-08,МайПлей,C238h,1.0,1.0645102
2024-09,МайПлей,C238h,1.0,0.52130437
2024-10,МайПлей,C238h,5.0,1.3582965
2024-11,МайПлей,C238h,0.0,0.66741914
2024-12,МайПлей,C238h,9.0,3.601111
2025-01,МайПлей,C238h,1.0,1.0480419
2025-02,МайПлей,C238h,1.0,0.89587384
2025-03,МайПлей,C238h,3.0,0.41583064
2025-04,МайПлей,C238h,2.0,0.4512002
2025-05,МайПлей,C238h,1.0,0.5101291
2025-06,МайПлей,C238h,0.0,0.34067935
2024-07,Мегамаркет,C238h,0.0,0.040793054
2024-08,Мегамаркет,C238h,2.0,0.0974739
2024-09,Мегамаркет,C238h,0.0,0.0
2024-10,Мегамаркет,C238h,0.0,0.0
2024-11,Мегамаркет,C238h,1.0,0.0
2024-12,Мегамаркет,C238h,4.0,0.9232917
2025-01,Мегамаркет,C238h,0.0,0.030553395
2025-02,Мегамаркет,C238h,1.0,0.0
2025-03,Мегамаркет,C238h,1.0,0.0
2025-04,Мегамаркет,C238h,0.0,0.0
2025-05,Мегамаркет,C238h,1.0,0.0
2025-06,Мегамаркет,C238h,3.0,0.0
2024-07,Монако,C238h,2.0,0.28249487
2024-08,Монако,C238h,2.0,0.4937034
2024-09,Монако,C238h,0.0,0.12891595
2024-10,Монако,C238h,2.0,0.6510841
2024-11,Монако,C238h,8.0,0.99038166
2024-12,Монако,C238h,9.0,1.9338377
2025-01,Монако,C238h,0.0,0.34124276
2025-02,Монако,C238h,2.0,1.0786643
2025-03,Монако,C238h,6.0,0.6140982
2025-04,Монако,C238h,1.0,0.5480583
2025-05,Монако,C238h,1.0,0.22322421
2025-06,Монако,C238h,0.0,0.0
2024-07,Росицька ФОП,C238h,0.0,0.0
2024-08,Росицька ФОП,C238h,0.0,0.0
2024-09,Росицька ФОП,C238h,0.0,0.0
2024-10,Росицька ФОП,C238h,0.0,0.0
2024-11,Росицька ФОП,C238h,0.0,0.0
2024-12,Росицька ФОП,C238h,3.0,0.29364577
2025-01,Росицька ФОП,C238h,0.0,0.0
2025-02,Росицька ФОП,C238h,1.0,0.0
2025-03,Росицька ФОП,C238h,0.0,0.0
2025-04,Росицька ФОП,C238h,1.0,0.0
2025-05,Росицька ФОП,C238h,0.0,0.0
2025-06,Росицька ФОП,C238h,0.0,0.0
2024-07,Смайл,C238h,1.0,0.0
2024-08,Смайл,C238h,0.0,0.0
2024-09,Смайл,C238h,0.0,0.0
2024-10,Смайл,C238h,0.0,0.0
2024-11,Смайл,C238h,2.0,0.3251226
2024-12,Смайл,C238h,0.0,0.0
2025-01,Смайл,C238h,0.0,0.0
2025-02,Смайл,C238h,0.0,0.0
2025-03,Смайл,C238h,0.0,0.0
2025-04,Смайл,C238h,1.0,0.023546835
2025-05,Смайл,C238h,0.0,0.0
2025-06,Смайл,C238h,1.0,0.0
2024-07,Смік,C238h,4.0,0.35025665
2024-08,Смік,C238h,3.0,0.46901694
2024-09,Смік,C238h,5.0,0.3562911
2024-10,Смік,C238h,0.0,0.45904264
2024-11,Смік,C238h,0.0,0.34535998
2024-12,Смік,C238h,2.0,1.348756
2025-01,Смік,C238h,1.0,0.22410892
2025-02,Смік,C238h,0.0,0.107202165
2025-03,Смік,C238h,1.0,0.0
2025-04,Смік,C238h,1.0,0.0
2025-05,Смік,C238h,2.0,0.0
2025-06,Смік,C238h,0.0,0.0
2024-07,Таврія,C238h,0.0,0.0
2024-08,Таврія,C238h,0.0,0.0
2024-09,Таврія,C238h,0.0,0.0
2024-10,Таврія,C238h,0.0,0.0
2024-11,Таврія,C238h,0.0,0.0
2024-12,Таврія,C238h,0.0,0.0
2025-01,Таврія,C238h,1.0,0.0
2025-02,Таврія,C238h,0.0,0.0
2025-03,Таврія,C238h,0.0,0.0
2025-04,Таврія,C238h,1.0,0.0
2025-05,Таврія,C238h,0.0,0.0
2025-06,Таврія,C238h,0.0,0.0
2024-07,Чарівник,C238h,0.0,0.0
2024-08,Чарівник,C238h,0.0,0.0
2024-09,Чарівник,C238h,0.0,0.0
2024-10,Чарівник,C238h,0.0,0.0
2024-11,Чарівник,C238h,0.0,0.0
2024-12,Чарівник,C238h,0.0,0.0
2025-01,Чарівник,C238h,0.0,0.0
2025-02,Чарівник,C238h,0.0,0.0
2025-03,Чарівник,C238h,1.0,0.0
2025-04,Чарівник,C238h,0.0,0.0
2025-05,Чарівник,C238h,0.0,0.0
2025-06,Чарівник,C238h,1.0,0.0
2024-07,ІМ-Розетка,C241h,3.0,0.18220867
2024-08,ІМ-Розетка,C241h,1.0,0.32044268
2024-09,ІМ-Розетка,C241h,0.0,0.0
2024-10,ІМ-Розетка,C241h,0.0,0.0
2024-11,ІМ-Розетка,C241h,0.0,0.0
2024-12,ІМ-Розетка,C241h,3.0,1.5198513
2025-01,ІМ-Розетка,C241h,0.0,0.1107861
2025-02,ІМ-Розетка,C241h,0.0,0.0
2025-03,ІМ-Розетка,C241h,1.0,0.15811588
2025-04,ІМ-Розетка,C241h,0.0,0.0
2025-05,ІМ-Розетка,C241h,0.0,0.0
2025-06,ІМ-Розетка,C241h,0.0,0.0
2024-07,Акварель,C241h,7.0,3.9543016
2024-08,Акварель,C241h,9.0,3.168817
2024-09,Акварель,C241h,3.0,2.692764
2024-10,Акварель,C241h,10.0,3.6212509
2024-11,Акварель,C241h,7.0,3.8148038
2024-12,Акварель,C241h,12.0,8.488275
2025-01,Акварель,C241h,8.0,3.2778242
2025-02,Акварель,C241h,5.0,2.6278632
2025-03,Акварель,C241h,5.0,2.7042282
2025-04,Акварель,C241h,1.0,1.9231641
2025-05,Акварель,C241h,4.0,1.4978086
2025-06,Акварель,C241h,2.0,1.4697994
2024-07,БІ,C241h,13.0,5.962253
2024-08,БІ,C241h,5.0,3.1692882
2024-09,БІ,C241h,9.0,3.1242332
2024-10,БІ,C241h,16.0,5.273656
2024-11,БІ,C241h,17.0,7.825287
2024-12,БІ,C241h,24.0,16.961971
2025-01,БІ,C241h,16.0,7.1114974
2025-02,БІ,C241h,6.0,5.9428687
2025-03,БІ,C241h,13.0,4.292601
2025-04,БІ,C241h,10.0,3.9043694
2025-05,БІ,C241h,3.0,3.36619
2025-06,БІ,C241h,2.0,3.2489634
2024-07,Віват Канцелярія,C241h,3.0,0.5914457
2024-08,Віват Канцелярія,C241h,1.0,0.21839234
2024-09,Віват Канцелярія,C241h,2.0,0.34958577
2024-10,Віват Канцелярія,C241h,1.0,0.48145434
2024-11,Віват Канцелярія,C241h,3.0,1.1631843
2024-12,Віват Канцелярія,C241h,16.0,4.1548405
2025-01,Віват Канцелярія,C241h,3.0,1.4622653
2025-02,Віват Канцелярія,C241h,4.0,1.4539385
2025-03,Віват Канцелярія,C241h,3.0,1.1739519
2025-04,Віват Канцелярія,C241h,5.0,0.65258443
2025-05,Віват Канцелярія,C241h,3.0,0.58109444
2025-06,Віват Канцелярія,C241h,3.0,0.378144
2024-07,Епіцентр,C241h,3.0,0.63548493
2024-08,Епіцентр,C241h,2.0,0.36635092
2024-09,Епіцентр,C241h,3.0,0.43755853
2024-10,Епіцентр,C241h,2.0,0.57638156
2024-11,Епіцентр,C241h,11.0,1.3407367
2024-12,Епіцентр,C241h,12.0,4.73076
2025-01,Епіцентр,C241h,3.0,1.3693384
2025-02,Епіцентр,C241h,2.0,1.1906796
2025-03,Епіцентр,C241h,1.0,0.7447722
2025-04,Епіцентр,C241h,0.0,0.27563477
2025-05,Епіцентр,C241h,1.0,0.41145
2025-06,Епіцентр,C241h,1.0,0.17186761
2024-07,Клас,C241h,0.0,0.0
2024-08,Клас,C241h,0.0,0.0
2024-09,Клас,C241h,0.0,0.0
2024-10,Клас,C241h,1.0,0.0
2024-11,Клас,C241h,1.0,0.002405552
2024-12,Клас,C241h,0.0,0.18350242
2025-01,Клас,C241h,1.0,0.0
2025-02,Клас,C241h,0.0,0.0
2025-03,Клас,C241h,0.0,0.0
2025-04,Клас,C241h,0.0,0.0
2025-05,Клас,C241h,1.0,0.0
2025-06,Клас,C241h,2.0,0.0
2024-07,МайПлей,C241h,1.0,0.20082861
2024-08,МайПлей,C241h,5.0,0.03473574
2024-09,МайПлей,C241h,0.0,0.23228604
2024-10,МайПлей,C241h,1.0,0.31493348
2024-11,МайПлей,C241h,0.0,0.3158155
2024-12,МайПлей,C241h,2.0,1.5034982
2025-01,МайПлей,C241h,1.0,0.2484317
2025-02,МайПлей,C241h,1.0,0.12672213
2025-03,МайПлей,C241h,1.0,0.0810418
2025-04,МайПлей,C241h,0.0,0.0
2025-05,МайПлей,C241h,1.0,0.0
2025-06,МайПлей,C241h,1.0,0.0
2024-07,Мегамаркет,C241h,2.0,0.042810496
2024-08,Мегамаркет,C241h,0.0,0.0
2024-09,Мегамаркет,C241h,1.0,0.0
2024-10,Мегамаркет,C241h,0.0,0.0
2024-11,Мегамаркет,C241h,1.0,0.0
2024-12,Мегамаркет,C241h,3.0,0.52730757
2025-01,Мегамаркет,C241h,2.0,0.0
2025-02,Мегамаркет,C241h,5.0,0.11501483
2025-03,Мегамаркет,C241h,0.0,0.024925083
2025-04,Мегамаркет,C241h,1.0,0.0
2025-05,Мегамаркет,C241h,0.0,0.0
2025-06,Мегамаркет,C241h,1.0,0.0
2024-07,Монако,C241h,0.0,0.0
2024-08,Монако,C241h,1.0,0.23604247
2024-09,Монако,C241h,0.0,0.04787595
2024-10,Монако,C241h,1.0,0.31786886
2024-11,Монако,C241h,2.0,0.50461364
2024-12,Монако,C241h,0.0,0.17678575
2025-01,Монако,C241h,0.0,0.0
2025-02,Монако,C241h,4.0,0.36215317
2025-03,Монако,C241h,0.0,0.0
2025-04,Монако,C241h,0.0,0.0
2025-05,Монако,C241h,0.0,0.0
2025-06,Монако,C241h,0.0,0.0
2024-07,РОСТ,C241h,1.0,0.0
2024-08,РОСТ,C241h,0.0,0.0
2024-09,РОСТ,C241h,0.0,0.0
2024-10,РОСТ,C241h,1.0,0.0
2024-11,РОСТ,C241h,0.0,0.0
2024-12,РОСТ,C241h,1.0,0.07496038
2025-01,РОСТ,C241h,1.0,0.0
2025-02,РОСТ,C241h,2.0,0.0
2025-03,РОСТ,C241h,1.0,0.0
2025-04,РОСТ,C241h,0.0,0.0
2025-05,РОСТ,C241h,0.0,0.0
2025-06,РОСТ,C241h,0.0,0.0
2024-07,Росицька ФОП,C241h,0.0,0.0
2024-08,Росицька ФОП,C241h,1.0,0.0
2024-09,Росицька ФОП,C241h,0.0,0.0
2024-10,Росицька ФОП,C241h,0.0,0.0
2024-11,Росицька ФОП,C241h,0.0,0.0
2024-12,Росицька ФОП,C241h,2.0,0.11744113
2025-01,Росицька ФОП,C241h,1.0,0.0
2025-02,Росицька ФОП,C241h,1.0,0.0
2025-03,Росицька ФОП,C241h,0.0,0.0
2025-04,Росицька ФОП,C241h,1.0,0.0
2025-05,Росицька ФОП,C241h,0.0,0.0
2025-06,Росицька ФОП,C241h,0.0,0.0
2024-07,Смайл,C241h,1.0,0.0
2024-08,Смайл,C241h,0.0,0.0
2024-09,Смайл,C241h,0.0,0.0
2024-10,Смайл,C241h,0.0,0.0
2024-11,Смайл,C241h,2.0,0.27786085
2024-12,Смайл,C241h,0.0,0.0
2025-01,Смайл,C241h,0.0,0.0
2025-02,Смайл,C241h,0.0,0.0
2025-03,Смайл,C241h,0.0,0.0
2025-04,Смайл,C241h,0.0,0.0
2025-05,Смайл,C241h,0.0,0.0
2025-06,Смайл,C241h,0.0,0.0
2024-07,Таврія,C241h,0.0,0.0
2024-08,Таврія,C241h,0.0,0.0
2024-09,Таврія,C241h,0.0,0.0
2024-10,Таврія,C241h,0.0,0.0
2024-11,Таврія,C241h,0.0,0.0
2024-12,Таврія,C241h,0.0,0.0
2025-01,Таврія,C241h,0.0,0.0
2025-02,Таврія,C241h,0.0,0.0
2025-03,Таврія,C241h,0.0,0.0
2025-04,Таврія,C241h,0.0,0.0
2025-05,Таврія,C241h,0.0,0.0
2025-06,Таврія,C241h,0.0,0.0
2024-07,ІМ-Розетка,C242h,1.0,0.075178824
2024-08,ІМ-Розетка,C242h,1.0,0.2744804
2024-09,ІМ-Розетка,C242h,0.0,0.5889478
2024-10,ІМ-Розетка,C242h,4.0,1.203781
2024-11,ІМ-Розетка,C242h,4.0,2.177113
2024-12,ІМ-Розетка,C242h,14.0,9.533188
2025-01,ІМ-Розетка,C242h,6.0,2.6735594
2025-02,ІМ-Розетка,C242h,6.0,1.3904886
2025-03,ІМ-Розетка,C242h,3.0,1.8449272
2025-04,ІМ-Розетка,C242h,6.0,0.76667666
2025-05,ІМ-Розетка,C242h,1.0,0.44253945
2025-06,ІМ-Розетка,C242h,2.0,0.31303063
2024-07,Акварель,C242h,12.0,3.9959676
2024-08,Акварель,C242h,6.0,3.109029
2024-09,Акварель,C242h,6.0,2.6387138
2024-10,Акварель,C242h,10.0,4.4440722
2024-11,Акварель,C242h,12.0,3.9809952
2024-12,Акварель,C242h,14.0,11.462542
2025-01,Акварель,C242h,13.0,4.3824525
2025-02,Акварель,C242h,2.0,3.1658435
2025-03,Акварель,C242h,5.0,3.4093444
2025-04,Акварель,C242h,6.0,2.9061246
2025-05,Акварель,C242h,3.0,2.0722592
2025-06,Акварель,C242h,8.0,2.9549465
2024-07,БІ,C242h,6.0,4.501977
2024-08,БІ,C242h,3.0,2.8542876
2024-09,БІ,C242h,7.0,2.7317128
2024-10,БІ,C242h,11.0,4.202772
2024-11,БІ,C242h,6.0,5.4235415
2024-12,БІ,C242h,15.0,12.020167
2025-01,БІ,C242h,8.0,3.5858192
2025-02,БІ,C242h,3.0,3.3190506
2025-03,БІ,C242h,9.0,2.1151052
2025-04,БІ,C242h,3.0,2.3699572
2025-05,БІ,C242h,10.0,2.0619557
2025-06,БІ,C242h,10.0,3.309245
2024-07,Віват Канцелярія,C242h,1.0,0.6758808
2024-08,Віват Канцелярія,C242h,2.0,0.6467224
2024-09,Віват Канцелярія,C242h,0.0,0.7264646
2024-10,Віват Канцелярія,C242h,1.0,0.39208847
2024-11,Віват Канцелярія,C242h,1.0,0.38278815
2024-12,Віват Канцелярія,C242h,14.0,3.0362272
2025-01,Віват Канцелярія,C242h,1.0,1.0372769
2025-02,Віват Канцелярія,C242h,2.0,0.8146225
2025-03,Віват Канцелярія,C242h,5.0,1.0452579
2025-04,Віват Канцелярія,C242h,7.0,0.7266044
2025-05,Віват Канцелярія,C242h,8.0,0.79276735
2025-06,Віват Канцелярія,C242h,6.0,1.3939407
2024-07,Еліпс,C242h,0.0,0.0
2024-08,Еліпс,C242h,0.0,0.0
2024-09,Еліпс,C242h,0.0,0.0
2024-10,Еліпс,C242h,0.0,0.0
2024-11,Еліпс,C242h,1.0,0.38264072
2024-12,Еліпс,C242h,0.0,0.0
2025-01,Еліпс,C242h,1.0,0.031867146
2025-02,Еліпс,C242h,1.0,0.085118674
2025-03,Еліпс,C242h,0.0,0.0
2025-04,Еліпс,C242h,0.0,0.0
2025-05,Еліпс,C242h,0.0,0.0
2025-06,Еліпс,C242h,1.0,0.0
2024-07,Епіцентр,C242h,6.0,0.20156936
2024-08,Епіцентр,C242h,3.0,0.6732197
2024-09,Епіцентр,C242h,1.0,0.24001855
2024-10,Епіцентр,C242h,3.0,0.5989384
2024-11,Епіцентр,C242h,4.0,1.0188243
2024-12,Епіцентр,C242h,20.0,4.172062
2025-01,Епіцентр,C242h,3.0,1.7399987
2025-02,Епіцентр,C242h,1.0,0.88587916
2025-03,Епіцентр,C242h,0.0,0.8352092
2025-04,Епіцентр,C242h,0.0,0.37310123
2025-05,Епіцентр,C242h,2.0,0.6682649
2025-06,Епіцентр,C242h,5.0,0.40493315
2024-07,Клас,C242h,0.0,0.0
2024-08,Клас,C242h,1.0,0.0
2024-09,Клас,C242h,0.0,0.0
2024-10,Клас,C242h,2.0,0.0
2024-11,Клас,C242h,2.0,0.0
2024-12,Клас,C242h,1.0,0.35076863
2025-01,Клас,C242h,1.0,0.0
2025-02,Клас,C242h,2.0,0.0
2025-03,Клас,C242h,0.0,0.0
2025-04,Клас,C242h,0.0,0.0
2025-05,Клас,C242h,0.0,0.0
2025-06,Клас,C242h,0.0,0.0
2024-07,МайПлей,C242h,2.0,0.044591617
2024-08,МайПлей,C242h,2.0,0.0
2024-09,МайПлей,C242h,0.0,0.0
2024-10,МайПлей,C242h,1.0,0.19271755
2024-11,МайПлей,C242h,3.0,0.22754736
2024-12,МайПлей,C242h,6.0,1.7155197
2025-01,МайПлей,C242h,5.0,0.5315121
2025-02,МайПлей,C242h,1.0,0.5829608
2025-03,МайПлей,C242h,2.0,0.391107
2025-04,МайПлей,C242h,1.0,0.3513858
2025-05,МайПлей,C242h,0.0,0.24276093
2025-06,МайПлей,C242h,1.0,0.16311523
2024-07,Мегамаркет,C242h,2.0,0.0
2024-08,Мегамаркет,C242h,1.0,0.0
2024-09,Мегамаркет,C242h,0.0,0.0
2024-10,Мегамаркет,C242h,0.0,0.0
2024-11,Мегамаркет,C242h,0.0,0.0
2024-12,Мегамаркет,C242h,4.0,0.47463608
2025-01,Мегамаркет,C242h,1.0,0.0
2025-02,Мегамаркет,C242h,2.0,0.0
2025-03,Мегамаркет,C242h,2.0,0.0
2025-04,Мегамаркет,C242h,1.0,0.0
2025-05,Мегамаркет,C242h,1.0,0.0
2025-06,Мегамаркет,C242h,0.0,0.0
2024-07,Монако,C242h,0.0,0.0
2024-08,Монако,C242h,0.0,0.0
2024-09,Монако,C242h,2.0,0.28006104
2024-10,Монако,C242h,3.0,0.33386797
2024-11,Монако,C242h,3.0,0.599045
2024-12,Монако,C242h,0.0,0.47720167
2025-01,Монако,C242h,0.0,0.0
2025-02,Монако,C242h,2.0,0.43284997
2025-03,Монако,C242h,0.0,0.0
2025-04,Монако,C242h,0.0,0.0
2025-05,Монако,C242h,0.0,0.0
2025-06,Монако,C242h,0.0,0.0
2024-07,Росицька ФОП,C242h,1.0,0.0
2024-08,Росицька ФОП,C242h,0.0,0.0
2024-09,Росицька ФОП,C242h,0.0,0.0
2024-10,Росицька ФОП,C242h,0.0,0.0
2024-11,Росицька ФОП,C242h,0.0,0.0
2024-12,Росицька ФОП,C242h,3.0,0.30439427
2025-01,Росицька ФОП,C242h,0.0,0.0
2025-02,Росицька ФОП,C242h,2.0,0.0
2025-03,Росицька ФОП,C242h,1.0,0.0
2025-04,Росицька ФОП,C242h,0.0,0.0
2025-05,Росицька ФОП,C242h,0.0,0.0
2025-06,Росицька ФОП,C242h,1.0,0.0
2024-07,Смайл,C242h,1.0,0.0
2024-08,Смайл,C242h,0.0,0.0
2024-09,Смайл,C242h,0.0,0.0
2024-10,Смайл,C242h,0.0,0.0
2024-11,Смайл,C242h,2.0,0.29007348
2024-12,Смайл,C242h,0.0,0.0
2025-01,Смайл,C242h,0.0,0.0
2025-02,Смайл,C242h,0.0,0.0
2025-03,Смайл,C242h,0.0,0.0
2025-04,Смайл,C242h,1.0,0.033377066
2025-05,Смайл,C242h,0.0,0.0
2025-06,Смайл,C242h,1.0,0.0
2024-07,Таврія,C242h,0.0,0.0
2024-08,Таврія,C242h,2.0,0.0
2024-09,Таврія,C242h,0.0,0.0
2024-10,Таврія,C242h,1.0,0.0
2024-11,Таврія,C242h,0.0,0.0
2024-12,Таврія,C242h,1.0,0.37417313
2025-01,Таврія,C242h,0.0,0.0
2025-02,Таврія,C242h,2.0,0.0
2025-03,Таврія,C242h,2.0,0.0
2025-04,Таврія,C242h,1.0,0.0
2025-05,Таврія,C242h,1.0,0.0
2025-06,Таврія,C242h,0.0,0.0
2024-07,Юпіджи,C242h,2.0,0.6367574
2024-08,Юпіджи,C242h,2.0,0.63030225
2024-09,Юпіджи,C242h,1.0,0.34313944
2024-10,Юпіджи,C242h,3.0,1.130116
2024-11,Юпіджи,C242h,1.0,0.72859466
2024-12,Юпіджи,C242h,5.0,2.2588499
2025-01,Юпіджи,C242h,2.0,0.9323733
2025-02,Юпіджи,C242h,0.0,0.3644903
2025-03,Юпіджи,C242h,6.0,0.34156626
2025-04,Юпіджи,C242h,1.0,0.6048446
2025-05,Юпіджи,C242h,4.0,0.26110348
2025-06,Юпіджи,C242h,4.0,0.49880397
2024-07,Акварель,DD03725,14.0,3.7773337
2024-08,Акварель,DD03725,15.0,4.162659
2024-09,Акварель,DD03725,6.0,4.4051733
2024-10,Акварель,DD03725,4.0,3.485221
2024-11,Акварель,DD03725,2.0,2.3559651
2024-12,Акварель,DD03725,8.0,3.5549383
2025-01,Акварель,DD03725,1.0,1.6366578
2025-02,Акварель,DD03725,1.0,1.4814205
2025-03,Акварель,DD03725,2.0,1.2323359
2025-04,Акварель,DD03725,2.0,0.9728149
2025-05,Акварель,DD03725,2.0,0.8911246
2025-06,Акварель,DD03725,2.0,0.9222577
2024-07,БІ,DD03725,21.0,8.5960045
2024-08,БІ,DD03725,13.0,8.8463545
2024-09,БІ,DD03725,7.0,6.0731673
2024-10,БІ,DD03725,9.0,4.437301
2024-11,БІ,DD03725,3.0,2.3952262
2024-12,БІ,DD03725,4.0,4.293257
2025-01,БІ,DD03725,3.0,1.5194731
2025-02,БІ,DD03725,5.0,1.3221833
2025-03,БІ,DD03725,4.0,1.2603866
2025-04,БІ,DD03725,5.0,1.110161
2025-05,БІ,DD03725,1.0,1.350478
2025-06,БІ,DD03725,4.0,1.2306085
2024-07,Акварель,DD03754,2.0,3.0117054
2024-08,Акварель,DD03754,22.0,4.4347196
2024-09,Акварель,DD03754,5.0,6.390337
2024-10,Акварель,DD03754,5.0,3.9197638
2024-11,Акварель,DD03754,8.0,3.849421
2024-12,Акварель,DD03754,6.0,7.459529
2025-01,Акварель,DD03754,8.0,3.1654193
2025-02,Акварель,DD03754,2.0,4.5871882
2025-03,Акварель,DD03754,5.0,3.3784378
2025-04,Акварель,DD03754,4.0,1.907767
2025-05,Акварель,DD03754,6.0,2.1806662
2025-06,Акварель,DD03754,4.0,2.836475
2024-07,БІ,DD03754,5.0,8.660489
2024-08,БІ,DD03754,8.0,6.0134416
2024-09,БІ,DD03754,11.0,5.407272
2024-10,БІ,DD03754,8.0,5.177844
2024-11,БІ,DD03754,8.0,4.4709687
2024-12,БІ,DD03754,9.0,13.242161
2025-01,БІ,DD03754,9.0,3.7434144
2025-02,БІ,DD03754,4.0,6.263813
2025-03,БІ,DD03754,8.0,4.7711964
2025-04,БІ,DD03754,9.0,2.629181
2025-05,БІ,DD03754,2.0,2.4576144
2025-06,БІ,DD03754,4.0,3.169848
2024-07,Акварель,DD03757,10.0,1.7214223
2024-08,Акварель,DD03757,7.0,2.2129464
2024-09,Акварель,DD03757,4.0,2.539559
2024-10,Акварель,DD03757,3.0,1.6784327
2024-11,Акварель,DD03757,7.0,3.0343156
2024-12,Акварель,DD03757,1.0,5.7920246
2025-01,Акварель,DD03757,5.0,2.136078
2025-02,Акварель,DD03757,4.0,2.468456
2025-03,Акварель,DD03757,7.0,2.477635
2025-04,Акварель,DD03757,4.0,1.4490786
2025-05,Акварель,DD03757,1.0,2.0806699
2025-06,Акварель,DD03757,3.0,1.8632938
2024-07,БІ,DD03757,2.0,3.7140048
2024-08,БІ,DD03757,2.0,2.858046
2024-09,БІ,DD03757,6.0,2.4924066
2024-10,БІ,DD03757,6.0,1.6727397
2024-11,БІ,DD03757,3.0,1.8369523
2024-12,БІ,DD03757,5.0,5.6858983
2025-01,БІ,DD03757,3.0,1.5740312
2025-02,БІ,DD03757,5.0,2.2603838
2025-03,БІ,DD03757,2.0,2.4986286
2025-04,БІ,DD03757,4.0,0.948732
2025-05,БІ,DD03757,4.0,1.0947709
2025-06,БІ,DD03757,2.0,1.6749257
2024-07,Мегамаркет,DD03757,0.0,0.112280734
2024-08,Мегамаркет,DD03757,1.0,0.082798146
2024-09,Мегамаркет,DD03757,0.0,0.0
2024-10,Мегамаркет,DD03757,1.0,0.0
2024-11,Мегамаркет,DD03757,0.0,0.13499723
2024-12,Мегамаркет,DD03757,0.0,0.31024832
2025-01,Мегамаркет,DD03757,0.0,0.0
2025-02,Мегамаркет,DD03757,0.0,0.016725287
2025-03,Мегамаркет,DD03757,0.0,0.088111535
2025-04,Мегамаркет,DD03757,1.0,0.0
2025-05,Мегамаркет,DD03757,0.0,0.0
2025-06,Мегамаркет,DD03757,0.0,0.0
2024-07,Акварель,DD03758,4.0,1.4558846
2024-08,Акварель,DD03758,8.0,2.5174313
2024-09,Акварель,DD03758,6.0,3.0294313
2024-10,Акварель,DD03758,8.0,3.8590722
2024-11,Акварель,DD03758,5.0,3.5349123
2024-12,Акварель,DD03758,16.0,5.942612
2025-01,Акварель,DD03758,11.0,3.132314
2025-02,Акварель,DD03758,8.0,4.348378
2025-03,Акварель,DD03758,9.0,4.891784
2025-04,Акварель,DD03758,7.0,2.5725229
2025-05,Акварель,DD03758,6.0,2.5160646
2025-06,Акварель,DD03758,6.0,2.9165597
2024-07,БІ,DD03758,4.0,1.7482921
2024-08,БІ,DD03758,3.0,2.541512
2024-09,БІ,DD03758,3.0,2.1840615
2024-10,БІ,DD03758,1.0,1.3444433
2024-11,БІ,DD03758,0.0,1.0769408
2024-12,БІ,DD03758,4.0,4.117404
2025-01,БІ,DD03758,1.0,1.1280155
2025-02,БІ,DD03758,8.0,1.3080182
2025-03,БІ,DD03758,2.0,1.486457
2025-04,БІ,DD03758,5.0,0.27374172
2025-05,БІ,DD03758,1.0,1.0094156
2025-06,БІ,DD03758,9.0,4.7933974
2024-07,Акварель,DD03765,2.0,1.7547544
2024-08,Акварель,DD03765,0.0,2.017335
2024-09,Акварель,DD03765,0.0,1.4181077
2024-10,Акварель,DD03765,1.0,3.0173898
2024-11,Акварель,DD03765,37.0,10.742474
2024-12,Акварель,DD03765,37.0,27.68225
2025-01,Акварель,DD03765,20.0,8.689999
2025-02,Акварель,DD03765,11.0,5.3994412
2025-03,Акварель,DD03765,23.0,5.5240617
2025-04,Акварель,DD03765,20.0,11.910114
2025-05,Акварель,DD03765,17.0,7.5663657
2025-06,Акварель,DD03765,8.0,5.5208907
2024-07,БІ,DD03765,8.0,8.2779255
2024-08,БІ,DD03765,7.0,4.4732575
2024-09,БІ,DD03765,3.0,5.2657304
2024-10,БІ,DD03765,0.0,2.2141776
2024-11,БІ,DD03765,73.0,5.6581955
2024-12,БІ,DD03765,195.0,75.408424
2025-01,БІ,DD03765,31.0,22.184914
2025-02,БІ,DD03765,32.0,21.992144
2025-03,БІ,DD03765,192.0,38.438442
2025-04,БІ,DD03765,167.0,46.514893
2025-05,БІ,DD03765,149.0,36.927704
2025-06,БІ,DD03765,45.0,28.289663
2024-07,Озерова ФОП,DD03765,0.0,0.0
2024-08,Озерова ФОП,DD03765,0.0,0.0
2024-09,Озерова ФОП,DD03765,0.0,0.29934534
2024-10,Озерова ФОП,DD03765,0.0,0.84622526
2024-11,Озерова ФОП,DD03765,6.0,3.3876607
2024-12,Озерова ФОП,DD03765,0.0,2.5529912
2025-01,Озерова ФОП,DD03765,0.0,0.0
2025-02,Озерова ФОП,DD03765,0.0,0.21758056
2025-03,Озерова ФОП,DD03765,0.0,0.20053963
2025-04,Озерова ФОП,DD03765,2.0,0.8137618
2025-05,Озерова ФОП,DD03765,2.0,0.46492395
2025-06,Озерова ФОП,DD03765,1.0,0.15829943
2024-07,ІМ-Розетка,DD03766,0.0,1.5070294
2024-08,ІМ-Розетка,DD03766,6.0,1.6988462
2024-09,ІМ-Розетка,DD03766,2.0,0.8194329
2024-10,ІМ-Розетка,DD03766,6.0,1.094294
2024-11,ІМ-Розетка,DD03766,3.0,2.4201434
2024-12,ІМ-Розетка,DD03766,23.0,13.362836
2025-01,ІМ-Розетка,DD03766,21.0,4.3236504
2025-02,ІМ-Розетка,DD03766,4.0,4.157747
2025-03,ІМ-Розетка,DD03766,8.0,3.188692
2025-04,ІМ-Розетка,DD03766,17.0,2.7837756
2025-05,ІМ-Розетка,DD03766,4.0,3.3532522
2025-06,ІМ-Розетка,DD03766,10.0,1.7446684
2024-07,Акварель,DD03766,12.0,4.1915298
2024-08,Акварель,DD03766,11.0,7.3068933
2024-09,Акварель,DD03766,15.0,4.008632
2024-10,Акварель,DD03766,8.0,6.314001
2024-11,Акварель,DD03766,18.0,9.972474
2024-12,Акварель,DD03766,26.0,14.795832
2025-01,Акварель,DD03766,10.0,7.0384736
2025-02,Акварель,DD03766,8.0,4.2553606
2025-03,Акварель,DD03766,15.0,5.479606
2025-04,Акварель,DD03766,11.0,8.783367
2025-05,Акварель,DD03766,12.0,6.215162
2025-06,Акварель,DD03766,4.0,4.9012833
2024-07,БІ,DD03766,93.0,43.09266
2024-08,БІ,DD03766,90.0,39.141346
2024-09,БІ,DD03766,77.0,34.361023
2024-10,БІ,DD03766,82.0,43.38452
2024-11,БІ,DD03766,63.0,33.4831
2024-12,БІ,DD03766,116.0,57.50718
2025-01,БІ,DD03766,67.0,22.051533
2025-02,БІ,DD03766,39.0,25.843382
2025-03,БІ,DD03766,72.0,34.418365
2025-04,БІ,DD03766,41.0,30.804289
2025-05,БІ,DD03766,79.0,29.376965
2025-06,БІ,DD03766,35.0,30.1127
2024-07,Еліпс,DD03766,3.0,1.1408015
2024-08,Еліпс,DD03766,8.0,1.3603325
2024-09,Еліпс,DD03766,0.0,0.0
2024-10,Еліпс,DD03766,18.0,1.8818318
2024-11,Еліпс,DD03766,6.0,2.5985343
2024-12,Еліпс,DD03766,5.0,4.708927
2025-01,Еліпс,DD03766,0.0,0.0
2025-02,Еліпс,DD03766,0.0,0.0
2025-03,Еліпс,DD03766,6.0,1.7567465
2025-04,Еліпс,DD03766,5.0,1.0658133
2025-05,Еліпс,DD03766,0.0,0.30688632
2025-06,Еліпс,DD03766,0.0,0.226049
2024-07,Монако,DD03766,7.0,1.158599
2024-08,Монако,DD03766,14.0,1.3257875
2024-09,Монако,DD03766,0.0,0.0
2024-10,Монако,DD03766,7.0,2.3892848
2024-11,Монако,DD03766,6.0,1.402603
2024-12,Монако,DD03766,0.0,1.8708198
2025-01,Монако,DD03766,0.0,0.0
2025-02,Монако,DD03766,2.0,1.6070414
2025-03,Монако,DD03766,9.0,1.3126355
2025-04,Монако,DD03766,0.0,0.3391161
2025-05,Монако,DD03766,0.0,0.44286707
2025-06,Монако,DD03766,0.0,0.33886373
2024-07,Акварель,DD03767,12.0,3.8958187
2024-08,Акварель,DD03767,16.0,7.437917
2024-09,Акварель,DD03767,18.0,7.1356277
2024-10,Акварель,DD03767,18.0,10.254419
2024-11,Акварель,DD03767,27.0,9.706812
2024-12,Акварель,DD03767,30.0,24.25393
2025-01,Акварель,DD03767,8.0,8.98645
2025-02,Акварель,DD03767,7.0,3.567072
2025-03,Акварель,DD03767,18.0,5.38289
2025-04,Акварель,DD03767,13.0,10.274228
2025-05,Акварель,DD03767,17.0,7.0398693
2025-06,Акварель,DD03767,6.0,6.788879
2024-07,БІ,DD03767,71.0,46.624657
2024-08,БІ,DD03767,76.0,35.728783
2024-09,БІ,DD03767,87.0,37.084793
2024-10,БІ,DD03767,87.0,40.901604
2024-11,БІ,DD03767,78.0,35.794357
2024-12,БІ,DD03767,143.0,65.022385
2025-01,БІ,DD03767,49.0,21.769432
2025-02,БІ,DD03767,19.0,24.13615
2025-03,БІ,DD03767,83.0,31.300251
2025-04,БІ,DD03767,55.0,34.103916
2025-05,БІ,DD03767,81.0,29.646881
2025-06,БІ,DD03767,53.0,36.453423
2024-07,Еліпс,DD03767,0.0,0.7758082
2024-08,Еліпс,DD03767,8.0,2.3554459
2024-09,Еліпс,DD03767,0.0,0.37131315
2024-10,Еліпс,DD03767,20.0,1.7318373
2024-11,Еліпс,DD03767,3.0,2.1594412
2024-12,Еліпс,DD03767,5.0,4.0295076
2025-01,Еліпс,DD03767,0.0,0.0
2025-02,Еліпс,DD03767,0.0,0.12305732
2025-03,Еліпс,DD03767,6.0,1.5228368
2025-04,Еліпс,DD03767,5.0,1.0591221
2025-05,Еліпс,DD03767,3.0,1.1574538
2025-06,Еліпс,DD03767,0.0,0.0
2024-07,Монако,DD03767,1.0,1.1896579
2024-08,Монако,DD03767,0.0,0.5130638
2024-09,Монако,DD03767,18.0,1.4012464
2024-10,Монако,DD03767,5.0,2.8237607
2024-11,Монако,DD03767,7.0,1.4979954
2024-12,Монако,DD03767,0.0,2.333122
2025-01,Монако,DD03767,0.0,0.0
2025-02,Монако,DD03767,2.0,1.3573513
2025-03,Монако,DD03767,5.0,1.3784019
2025-04,Монако,DD03767,6.0,0.94535446
2025-05,Монако,DD03767,5.0,1.5618024
2025-06,Монако,DD03767,0.0,0.1532152
2024-07,Озерова ФОП,DD03767,0.0,1.2087909
2024-08,Озерова ФОП,DD03767,0.0,1.4102728
2024-09,Озерова ФОП,DD03767,0.0,0.89816666
2024-10,Озерова ФОП,DD03767,0.0,0.65894884
2024-11,Озерова ФОП,DD03767,0.0,0.7767003
2024-12,Озерова ФОП,DD03767,0.0,0.35026246
2025-01,Озерова ФОП,DD03767,0.0,0.0
2025-02,Озерова ФОП,DD03767,0.0,0.013959987
2025-03,Озерова ФОП,DD03767,0.0,0.028279345
2025-04,Озерова ФОП,DD03767,2.0,0.54043996
2025-05,Озерова ФОП,DD03767,0.0,0.0
2025-06,Озерова ФОП,DD03767,6.0,0.3814623
2024-07,ІМ-Розетка,DD03768,2.0,1.4544921
2024-08,ІМ-Розетка,DD03768,7.0,1.4451793
2024-09,ІМ-Розетка,DD03768,11.0,1.2377499
2024-10,ІМ-Розетка,DD03768,3.0,2.4096186
2024-11,ІМ-Розетка,DD03768,13.0,1.990898
2024-12,ІМ-Розетка,DD03768,19.0,12.58712
2025-01,ІМ-Розетка,DD03768,4.0,3.2696266
2025-02,ІМ-Розетка,DD03768,2.0,1.9153167
2025-03,ІМ-Розетка,DD03768,5.0,1.704603
2025-04,ІМ-Розетка,DD03768,3.0,1.6571227
2025-05,ІМ-Розетка,DD03768,2.0,1.4531415
2025-06,ІМ-Розетка,DD03768,4.0,1.2334832
2024-07,Акварель,DD03768,5.0,4.049816
2024-08,Акварель,DD03768,14.0,4.9474955
2024-09,Акварель,DD03768,23.0,5.4652767
2024-10,Акварель,DD03768,16.0,8.86711
2024-11,Акварель,DD03768,18.0,8.285308
2024-12,Акварель,DD03768,23.0,17.007973
2025-01,Акварель,DD03768,12.0,6.6359086
2025-02,Акварель,DD03768,9.0,4.7237687
2025-03,Акварель,DD03768,12.0,5.8655987
2025-04,Акварель,DD03768,11.0,8.342818
2025-05,Акварель,DD03768,10.0,5.8276525
2025-06,Акварель,DD03768,7.0,5.351485
2024-07,БІ,DD03768,56.0,38.25293
2024-08,БІ,DD03768,66.0,31.214222
2024-09,БІ,DD03768,85.0,32.378292
2024-10,БІ,DD03768,70.0,38.55787
2024-11,БІ,DD03768,61.0,32.72609
2024-12,БІ,DD03768,124.0,58.87305
2025-01,БІ,DD03768,49.0,20.154436
2025-02,БІ,DD03768,24.0,23.028341
2025-03,БІ,DD03768,68.0,29.798637
2025-04,БІ,DD03768,44.0,29.587929
2025-05,БІ,DD03768,57.0,21.195711
2025-06,БІ,DD03768,29.0,25.21216
2024-07,Еліпс,DD03768,3.0,0.91242987
2024-08,Еліпс,DD03768,8.0,1.2858018
2024-09,Еліпс,DD03768,0.0,0.33161756
2024-10,Еліпс,DD03768,15.0,1.5644219
2024-11,Еліпс,DD03768,3.0,1.9964652
2024-12,Еліпс,DD03768,5.0,2.5378807
2025-01,Еліпс,DD03768,0.0,0.0
2025-02,Еліпс,DD03768,0.0,0.0
2025-03,Еліпс,DD03768,3.0,1.5277525
2025-04,Еліпс,DD03768,0.0,0.14131248
2025-05,Еліпс,DD03768,3.0,1.2880386
2025-06,Еліпс,DD03768,4.0,0.7456247
2024-07,Монако,DD03768,4.0,0.6164551
2024-08,Монако,DD03768,14.0,1.3811586
2024-09,Монако,DD03768,20.0,2.5797515
2024-10,Монако,DD03768,5.0,3.9155853
2024-11,Монако,DD03768,8.0,1.8659636
2024-12,Монако,DD03768,0.0,3.3479683
2025-01,Монако,DD03768,0.0,0.0
2025-02,Монако,DD03768,2.0,1.6959144
2025-03,Монако,DD03768,8.0,1.7898481
2025-04,Монако,DD03768,6.0,1.2583604
2025-05,Монако,DD03768,5.0,1.665704
2025-06,Монако,DD03768,1.0,1.134956
2024-07,Антошка,DD04670,6.0,1.4888887
2024-08,Антошка,DD04670,6.0,1.7833638
2024-09,Антошка,DD04670,9.0,1.9894664
2024-10,Антошка,DD04670,4.0,1.8028461
2024-11,Антошка,DD04670,0.0,1.0949849
2024-12,Антошка,DD04670,0.0,2.060216
2025-01,Антошка,DD04670,1.0,0.0
2025-02,Антошка,DD04670,1.0,0.807459
2025-03,Антошка,DD04670,3.0,0.91369945
2025-04,Антошка,DD04670,1.0,0.3813286
2025-05,Антошка,DD04670,8.0,0.5283419
2025-06,Антошка,DD04670,2.0,1.5939867
2024-07,БІ,DD04670,1.0,0.6529755
2024-08,БІ,DD04670,6.0,0.9231663
2024-09,БІ,DD04670,3.0,0.7524413
2024-10,БІ,DD04670,1.0,0.27211675
2024-11,БІ,DD04670,1.0,0.2743644
2024-12,БІ,DD04670,1.0,1.3571234
2025-01,БІ,DD04670,0.0,0.0
2025-02,БІ,DD04670,0.0,0.3042445
2025-03,БІ,DD04670,1.0,0.20527828
2025-04,БІ,DD04670,2.0,0.07126469
2025-05,БІ,DD04670,10.0,0.09210587
2025-06,БІ,DD04670,0.0,1.6246302
2024-07,Антошка,DD04671,6.0,1.2121108
2024-08,Антошка,DD04671,4.0,1.2532754
2024-09,Антошка,DD04671,17.0,1.4519036
2024-10,Антошка,DD04671,5.0,2.630499
2024-11,Антошка,DD04671,2.0,0.973981
2024-12,Антошка,DD04671,1.0,3.4201858
2025-01,Антошка,DD04671,0.0,0.24833192
2025-02,Антошка,DD04671,0.0,0.53572685
2025-03,Антошка,DD04671,2.0,0.48586148
2025-04,Антошка,DD04671,1.0,0.39697263
2025-05,Антошка,DD04671,2.0,0.4925377
2025-06,Антошка,DD04671,1.0,1.2194611
2024-07,БІ,DD04671,2.0,0.639418
2024-08,БІ,DD04671,4.0,0.65478975
2024-09,БІ,DD04671,6.0,0.67086565
2024-10,БІ,DD04671,0.0,0.34754217
2024-11,БІ,DD04671,0.0,0.039816815
2024-12,БІ,DD04671,2.0,1.145886
2025-01,БІ,DD04671,0.0,0.0
2025-02,БІ,DD04671,2.0,0.31178582
2025-03,БІ,DD04671,0.0,0.44899735
2025-04,БІ,DD04671,5.0,0.020087615
2025-05,БІ,DD04671,3.0,0.35863638
2025-06,БІ,DD04671,4.0,0.6920682
2024-07,Антошка,DD04673,0.0,0.15199247
2024-08,Антошка,DD04673,2.0,0.033092912
2024-09,Антошка,DD04673,7.0,0.6080594
2024-10,Антошка,DD04673,4.0,0.9203267
2024-11,Антошка,DD04673,0.0,0.55792624
2024-12,Антошка,DD04673,0.0,1.2830911
2025-01,Антошка,DD04673,0.0,0.0
2025-02,Антошка,DD04673,0.0,0.14718258
2025-03,Антошка,DD04673,1.0,0.20352249
2025-04,Антошка,DD04673,0.0,0.0
2025-05,Антошка,DD04673,4.0,0.0
2025-06,Антошка,DD04673,3.0,0.41409025
2024-07,БІ,DD04673,2.0,0.6177966
2024-08,БІ,DD04673,4.0,0.6229266
2024-09,БІ,DD04673,1.0,0.54078466
2024-10,БІ,DD04673,2.0,0.27402264
2024-11,БІ,DD04673,0.0,0.20077293
2024-12,БІ,DD04673,0.0,0.8494045
2025-01,БІ,DD04673,0.0,0.0
2025-02,БІ,DD04673,1.0,0.22379157
2025-03,БІ,DD04673,1.0,0.36353225
2025-04,БІ,DD04673,4.0,0.16356622
2025-05,БІ,DD04673,8.0,0.32194063
2025-06,БІ,DD04673,2.0,1.5344367
2024-07,Антошка,DD04681,1.0,0.0
2024-08,Антошка,DD04681,2.0,0.5034018
2024-09,Антошка,DD04681,1.0,0.23059314
2024-10,Антошка,DD04681,0.0,0.0
2024-11,Антошка,DD04681,1.0,0.0
2024-12,Антошка,DD04681,1.0,0.24238344
2025-01,Антошка,DD04681,1.0,0.0
2025-02,Антошка,DD04681,0.0,0.11302812
2025-03,Антошка,DD04681,0.0,0.0
2025-04,Антошка,DD04681,0.0,0.0
2025-05,Антошка,DD04681,1.0,0.0
2025-06,Антошка,DD04681,1.0,0.16907685
2024-07,БІ,DD04681,3.0,0.5754034
2024-08,БІ,DD04681,2.0,0.93701893
2024-09,БІ,DD04681,2.0,0.54994655
2024-10,БІ,DD04681,1.0,0.11762624
2024-11,БІ,DD04681,0.0,0.19263837
2024-12,БІ,DD04681,0.0,0.8035235
2025-01,БІ,DD04681,0.0,0.0
2025-02,БІ,DD04681,0.0,0.18977197
2025-03,БІ,DD04681,0.0,0.23801932
2025-04,БІ,DD04681,0.0,0.0
2025-05,БІ,DD04681,5.0,0.0
2025-06,БІ,DD04681,4.0,0.7593364
2024-07,Акварель,DD04717,6.0,1.5289991
2024-08,Акварель,DD04717,10.0,1.7038876
2024-09,Акварель,DD04717,8.0,2.745746
2024-10,Акварель,DD04717,8.0,3.8596258
2024-11,Акварель,DD04717,3.0,3.5132418
2024-12,Акварель,DD04717,3.0,4.351231
2025-01,Акварель,DD04717,5.0,1.4928311
2025-02,Акварель,DD04717,1.0,1.9159876
2025-03,Акварель,DD04717,6.0,1.8554505
2025-04,Акварель,DD04717,3.0,1.7670546
2025-05,Акварель,DD04717,6.0,1.0621614
2025-06,Акварель,DD04717,0.0,1.231762
2024-07,БІ,DD04717,22.0,8.420824
2024-08,БІ,DD04717,23.0,9.283267
2024-09,БІ,DD04717,28.0,10.620097
2024-10,БІ,DD04717,50.0,15.417095
2024-11,БІ,DD04717,19.0,14.70999
2024-12,БІ,DD04717,17.0,16.078136
2025-01,БІ,DD04717,10.0,5.9724326
2025-02,БІ,DD04717,16.0,7.5489316
2025-03,БІ,DD04717,46.0,10.95349
2025-04,БІ,DD04717,45.0,10.790018
2025-05,БІ,DD04717,55.0,11.887772
2025-06,БІ,DD04717,15.0,13.327109
2024-07,Озерова ФОП,DD04717,8.0,0.15849449
2024-08,Озерова ФОП,DD04717,0.0,0.0
2024-09,Озерова ФОП,DD04717,0.0,0.0
2024-10,Озерова ФОП,DD04717,0.0,0.0
2024-11,Озерова ФОП,DD04717,0.0,0.0
2024-12,Озерова ФОП,DD04717,0.0,0.0
2025-01,Озерова ФОП,DD04717,1.0,0.05512225
2025-02,Озерова ФОП,DD04717,0.0,0.0
2025-03,Озерова ФОП,DD04717,3.0,0.026196977
2025-04,Озерова ФОП,DD04717,0.0,0.0
2025-05,Озерова ФОП,DD04717,0.0,0.0
2025-06,Озерова ФОП,DD04717,3.0,0.0
2024-07,СмартТойс,DD04717,5.0,0.0083705485
2024-08,СмартТойс,DD04717,1.0,0.10311629
2024-09,СмартТойс,DD04717,0.0,0.0
2024-10,СмартТойс,DD04717,1.0,0.058200553
2024-11,СмартТойс,DD04717,0.0,0.0
2024-12,СмартТойс,DD04717,0.0,0.0
2025-01,СмартТойс,DD04717,0.0,0.0
2025-02,СмартТойс,DD04717,2.0,0.0
2025-03,СмартТойс,DD04717,4.0,0.08436479
2025-04,СмартТойс,DD04717,2.0,0.09421332
2025-05,СмартТойс,DD04717,1.0,0.015362121
2025-06,СмартТойс,DD04717,2.0,0.012448263
2024-07,Антошка,DD04725,8.0,2.7420397
2024-08,Антошка,DD04725,5.0,3.3644426
2024-09,Антошка,DD04725,21.0,3.5523403
2024-10,Антошка,DD04725,19.0,7.5714183
2024-11,Антошка,DD04725,10.0,4.508713
2024-12,Антошка,DD04725,5.0,5.592477
2025-01,Антошка,DD04725,4.0,1.6052349
2025-02,Антошка,DD04725,2.0,2.531417
2025-03,Антошка,DD04725,19.0,3.0687606
2025-04,Антошка,DD04725,21.0,4.143968
2025-05,Антошка,DD04725,22.0,3.4958167
2025-06,Антошка,DD04725,5.0,3.841383
2024-07,БІ,DD04725,8.0,2.6057725
2024-08,БІ,DD04725,4.0,2.4237852
2024-09,БІ,DD04725,13.0,2.7712648
2024-10,БІ,DD04725,20.0,6.064486
2024-11,БІ,DD04725,6.0,4.7889433
2024-12,БІ,DD04725,3.0,5.554517
2025-01,БІ,DD04725,2.0,1.4418287
2025-02,БІ,DD04725,3.0,1.9159138
2025-03,БІ,DD04725,12.0,1.9957302
2025-04,БІ,DD04725,14.0,2.877153
2025-05,БІ,DD04725,21.0,2.203988
2025-06,БІ,DD04725,5.0,1.9670616
2024-07,Акварель,DD04727,2.0,0.7043302
2024-08,Акварель,DD04727,3.0,0.8520105
2024-09,Акварель,DD04727,10.0,1.5445955
2024-10,Акварель,DD04727,3.0,1.8397044
2024-11,Акварель,DD04727,3.0,1.8174304
2024-12,Акварель,DD04727,4.0,2.4073763
2025-01,Акварель,DD04727,1.0,0.8738501
2025-02,Акварель,DD04727,2.0,1.0146252
2025-03,Акварель,DD04727,2.0,1.0650254
2025-04,Акварель,DD04727,3.0,0.7669252
2025-05,Акварель,DD04727,8.0,0.8671384
2025-06,Акварель,DD04727,1.0,1.3310163
2024-07,БІ,DD04727,12.0,7.928048
2024-08,БІ,DD04727,15.0,6.8483152
2024-09,БІ,DD04727,14.0,7.2010026
2024-10,БІ,DD04727,31.0,10.693496
2024-11,БІ,DD04727,8.0,8.380619
2024-12,БІ,DD04727,10.0,6.5001597
2025-01,БІ,DD04727,1.0,2.9266949
2025-02,БІ,DD04727,8.0,2.832679
2025-03,БІ,DD04727,23.0,5.262548
2025-04,БІ,DD04727,32.0,6.1220856
2025-05,БІ,DD04727,34.0,7.7737403
2025-06,БІ,DD04727,12.0,7.999181
2024-07,Мегамаркет,DD04727,1.0,0.20558569
2024-08,Мегамаркет,DD04727,0.0,0.43094838
2024-09,Мегамаркет,DD04727,0.0,0.087352134
2024-10,Мегамаркет,DD04727,2.0,0.20571798
2024-11,Мегамаркет,DD04727,0.0,0.034558903
2024-12,Мегамаркет,DD04727,1.0,0.24193858
2025-01,Мегамаркет,DD04727,1.0,0.0
2025-02,Мегамаркет,DD04727,0.0,0.25467515
2025-03,Мегамаркет,DD04727,1.0,0.019792585
2025-04,Мегамаркет,DD04727,3.0,0.070020966
2025-05,Мегамаркет,DD04727,1.0,0.13291758
2025-06,Мегамаркет,DD04727,0.0,0.10236143
2024-07,Антошка,DD04728,6.0,3.689121
2024-08,Антошка,DD04728,10.0,4.154933
2024-09,Антошка,DD04728,21.0,4.706891
2024-10,Антошка,DD04728,27.0,7.666174
2024-11,Антошка,DD04728,3.0,6.316493
2024-12,Антошка,DD04728,5.0,4.955684
2025-01,Антошка,DD04728,2.0,1.287995
2025-02,Антошка,DD04728,2.0,2.0788078
2025-03,Антошка,DD04728,8.0,2.161499
2025-04,Антошка,DD04728,16.0,2.1710591
2025-05,Антошка,DD04728,12.0,2.2846873
2025-06,Антошка,DD04728,2.0,2.6082587
2024-07,БІ,DD04728,9.0,4.4586954
2024-08,БІ,DD04728,11.0,4.96815
2024-09,БІ,DD04728,15.0,5.1462984
2024-10,БІ,DD04728,28.0,8.190439
2024-11,БІ,DD04728,11.0,6.946867
2024-12,БІ,DD04728,7.0,7.405614
2025-01,БІ,DD04728,8.0,1.9306434
2025-02,БІ,DD04728,7.0,4.313602
2025-03,БІ,DD04728,25.0,4.9183326
2025-04,БІ,DD04728,20.0,5.835994
2025-05,БІ,DD04728,36.0,4.7407784
2025-06,БІ,DD04728,14.0,6.9433775
2024-07,Акварель,DD04804,2.0,0.49640375
2024-08,Акварель,DD04804,3.0,0.7332411
2024-09,Акварель,DD04804,4.0,1.4289646
2024-10,Акварель,DD04804,5.0,1.8714612
2024-11,Акварель,DD04804,0.0,1.068365
2024-12,Акварель,DD04804,0.0,1.214851
2025-01,Акварель,DD04804,2.0,0.12860681
2025-02,Акварель,DD04804,1.0,0.6907088
2025-03,Акварель,DD04804,3.0,0.54640305
2025-04,Акварель,DD04804,3.0,0.36337408
2025-05,Акварель,DD04804,0.0,0.0
2025-06,Акварель,DD04804,1.0,0.41375837
2024-07,БІ,DD04804,17.0,5.2378244
2024-08,БІ,DD04804,11.0,6.728247
2024-09,БІ,DD04804,16.0,6.080637
2024-10,БІ,DD04804,28.0,9.438394
2024-11,БІ,DD04804,11.0,7.8757505
2024-12,БІ,DD04804,12.0,6.872577
2025-01,БІ,DD04804,5.0,3.0477345
2025-02,БІ,DD04804,5.0,4.2986174
2025-03,БІ,DD04804,22.0,4.5066357
2025-04,БІ,DD04804,26.0,5.396139
2025-05,БІ,DD04804,25.0,5.9464154
2025-06,БІ,DD04804,8.0,6.072049
2024-07,Епіцентр,DD04804,1.0,0.5445678
2024-08,Епіцентр,DD04804,0.0,0.5021278
2024-09,Епіцентр,DD04804,4.0,0.3671978
2024-10,Епіцентр,DD04804,5.0,0.47770455
2024-11,Епіцентр,DD04804,0.0,0.55283654
2024-12,Епіцентр,DD04804,2.0,1.2931108
2025-01,Епіцентр,DD04804,0.0,0.09190504
2025-02,Епіцентр,DD04804,0.0,0.24716537
2025-03,Епіцентр,DD04804,1.0,0.22450404
2025-04,Епіцентр,DD04804,0.0,0.303861
2025-05,Епіцентр,DD04804,2.0,0.26990798
2025-06,Епіцентр,DD04804,0.0,0.0
2024-07,МайПлей,DD04804,1.0,0.1081239
2024-08,МайПлей,DD04804,1.0,0.03953002
2024-09,МайПлей,DD04804,2.0,0.037497155
2024-10,МайПлей,DD04804,1.0,0.17160647
2024-11,МайПлей,DD04804,1.0,0.0
2024-12,МайПлей,DD04804,0.0,0.14659716
2025-01,МайПлей,DD04804,0.0,0.0
2025-02,МайПлей,DD04804,1.0,0.0
2025-03,МайПлей,DD04804,3.0,0.0
2025-04,МайПлей,DD04804,0.0,0.0
2025-05,МайПлей,DD04804,2.0,0.049278636
2025-06,МайПлей,DD04804,3.0,0.02428646
2024-07,Мегамаркет,DD04804,2.0,0.1436222
2024-08,Мегамаркет,DD04804,1.0,0.11146273
2024-09,Мегамаркет,DD04804,0.0,0.5132054
2024-10,Мегамаркет,DD04804,2.0,0.29080474
2024-11,Мегамаркет,DD04804,0.0,0.086781494
2024-12,Мегамаркет,DD04804,1.0,0.12902392
2025-01,Мегамаркет,DD04804,0.0,0.0
2025-02,Мегамаркет,DD04804,0.0,0.0
2025-03,Мегамаркет,DD04804,0.0,0.0
2025-04,Мегамаркет,DD04804,0.0,0.0
2025-05,Мегамаркет,DD04804,2.0,0.0
2025-06,Мегамаркет,DD04804,1.0,0.0
2024-07,Акварель,DD04805,1.0,0.7435224
2024-08,Акварель,DD04805,4.0,1.0184991
2024-09,Акварель,DD04805,4.0,1.1484942
2024-10,Акварель,DD04805,3.0,1.7873834
2024-11,Акварель,DD04805,0.0,1.2369004
2024-12,Акварель,DD04805,3.0,1.0864221
2025-01,Акварель,DD04805,3.0,0.4705327
2025-02,Акварель,DD04805,1.0,0.67982614
2025-03,Акварель,DD04805,6.0,0.61165154
2025-04,Акварель,DD04805,3.0,0.8546199
2025-05,Акварель,DD04805,2.0,0.58164793
2025-06,Акварель,DD04805,3.0,0.47577748
2024-07,Антошка,DD04805,8.0,2.8651195
2024-08,Антошка,DD04805,8.0,3.5291252
2024-09,Антошка,DD04805,12.0,4.10099
2024-10,Антошка,DD04805,30.0,7.6228786
2024-11,Антошка,DD04805,5.0,6.7762895
2024-12,Антошка,DD04805,6.0,4.306132
2025-01,Антошка,DD04805,4.0,1.2722371
2025-02,Антошка,DD04805,6.0,2.2341475
2025-03,Антошка,DD04805,8.0,3.2555025
2025-04,Антошка,DD04805,11.0,3.364838
2025-05,Антошка,DD04805,31.0,4.257041
2025-06,Антошка,DD04805,6.0,4.9560223
2024-07,БІ,DD04805,12.0,8.566105
2024-08,БІ,DD04805,16.0,7.229254
2024-09,БІ,DD04805,24.0,8.07117
2024-10,БІ,DD04805,33.0,14.851175
2024-11,БІ,DD04805,10.0,10.838186
2024-12,БІ,DD04805,10.0,8.230284
2025-01,БІ,DD04805,3.0,3.0147471
2025-02,БІ,DD04805,8.0,3.7525961
2025-03,БІ,DD04805,29.0,5.781651
2025-04,БІ,DD04805,25.0,6.432824
2025-05,БІ,DD04805,25.0,6.238393
2025-06,БІ,DD04805,15.0,6.3251033
2024-07,МайПлей,DD04805,2.0,0.6755652
2024-08,МайПлей,DD04805,4.0,0.5532754
2024-09,МайПлей,DD04805,2.0,0.5473306
2024-10,МайПлей,DD04805,4.0,0.92069966
2024-11,МайПлей,DD04805,1.0,0.26808113
2024-12,МайПлей,DD04805,1.0,0.5480263
2025-01,МайПлей,DD04805,1.0,0.026793947
2025-02,МайПлей,DD04805,0.0,0.15297905
2025-03,МайПлей,DD04805,0.0,0.019985776
2025-04,МайПлей,DD04805,2.0,0.0
2025-05,МайПлей,DD04805,4.0,0.0
2025-06,МайПлей,DD04805,1.0,0.0
2024-07,Мегамаркет,DD04805,0.0,0.12447971
2024-08,Мегамаркет,DD04805,0.0,0.036599666
2024-09,Мегамаркет,DD04805,1.0,0.07869778
2024-10,Мегамаркет,DD04805,4.0,0.6426741
2024-11,Мегамаркет,DD04805,0.0,0.13659865
2024-12,Мегамаркет,DD04805,0.0,0.2657939
2025-01,Мегамаркет,DD04805,0.0,0.0
2025-02,Мегамаркет,DD04805,0.0,0.0
2025-03,Мегамаркет,DD04805,1.0,0.0
2025-04,Мегамаркет,DD04805,2.0,0.0
2025-05,Мегамаркет,DD04805,0.0,0.0
2025-06,Мегамаркет,DD04805,0.0,0.0
2024-07,Озерова ФОП,DD04805,6.0,0.21955732
2024-08,Озерова ФОП,DD04805,0.0,0.0
2024-09,Озерова ФОП,DD04805,0.0,0.0
2024-10,Озерова ФОП,DD04805,0.0,0.0
2024-11,Озерова ФОП,DD04805,0.0,0.0
2024-12,Озерова ФОП,DD04805,0.0,0.0
2025-01,Озерова ФОП,DD04805,0.0,0.0
2025-02,Озерова ФОП,DD04805,0.0,0.0
2025-03,Озерова ФОП,DD04805,2.0,0.0033702892
2025-04,Озерова ФОП,DD04805,0.0,0.0
2025-05,Озерова ФОП,DD04805,0.0,0.0
2025-06,Озерова ФОП,DD04805,0.0,0.0
2024-07,Акварель,DD04808,2.0,0.6438935
2024-08,Акварель,DD04808,3.0,0.9123314
2024-09,Акварель,DD04808,3.0,1.0638618
2024-10,Акварель,DD04808,6.0,1.1281525
2024-11,Акварель,DD04808,1.0,1.4831308
2024-12,Акварель,DD04808,0.0,1.2725928
2025-01,Акварель,DD04808,3.0,0.24634254
2025-02,Акварель,DD04808,0.0,0.56420374
2025-03,Акварель,DD04808,2.0,0.48278335
2025-04,Акварель,DD04808,5.0,0.6516105
2025-05,Акварель,DD04808,6.0,0.7197471
2025-06,Акварель,DD04808,1.0,0.75143105
2024-07,Антошка,DD04808,3.0,1.5976723
2024-08,Антошка,DD04808,7.0,2.2192001
2024-09,Антошка,DD04808,16.0,2.9484682
2024-10,Антошка,DD04808,15.0,5.995723
2024-11,Антошка,DD04808,6.0,4.271774
2024-12,Антошка,DD04808,2.0,4.2673163
2025-01,Антошка,DD04808,3.0,0.95088047
2025-02,Антошка,DD04808,2.0,1.9651303
2025-03,Антошка,DD04808,7.0,1.3252145
2025-04,Антошка,DD04808,12.0,1.3769598
2025-05,Антошка,DD04808,6.0,1.469823
2025-06,Антошка,DD04808,4.0,1.0829453
2024-07,БІ,DD04808,4.0,1.9740306
2024-08,БІ,DD04808,2.0,1.4662037
2024-09,БІ,DD04808,3.0,1.5264095
2024-10,БІ,DD04808,5.0,2.1883118
2024-11,БІ,DD04808,0.0,1.3483974
2024-12,БІ,DD04808,2.0,1.5356712
2025-01,БІ,DD04808,3.0,0.3226673
2025-02,БІ,DD04808,0.0,0.5004955
2025-03,БІ,DD04808,7.0,0.34506354
2025-04,БІ,DD04808,4.0,0.9198012
2025-05,БІ,DD04808,2.0,0.45791757
2025-06,БІ,DD04808,1.0,0.17452213
2024-07,Епіцентр,DD04808,4.0,0.43366876
2024-08,Епіцентр,DD04808,2.0,0.6820597
2024-09,Епіцентр,DD04808,5.0,0.68933046
2024-10,Епіцентр,DD04808,3.0,0.9792298
2024-11,Епіцентр,DD04808,1.0,0.6079425
2024-12,Епіцентр,DD04808,0.0,1.583218
2025-01,Епіцентр,DD04808,0.0,0.0
2025-02,Епіцентр,DD04808,0.0,0.033841867
2025-03,Епіцентр,DD04808,3.0,0.19344445
2025-04,Епіцентр,DD04808,0.0,0.31064534
2025-05,Епіцентр,DD04808,3.0,0.16554876
2025-06,Епіцентр,DD04808,4.0,0.25529101
2024-07,МайПлей,DD04808,0.0,0.44067177
2024-08,МайПлей,DD04808,2.0,0.21499787
2024-09,МайПлей,DD04808,1.0,0.28410465
2024-10,МайПлей,DD04808,1.0,0.24074441
2024-11,МайПлей,DD04808,0.0,0.10438266
2024-12,МайПлей,DD04808,0.0,0.04601067
2025-01,МайПлей,DD04808,0.0,0.0
2025-02,МайПлей,DD04808,0.0,0.0
2025-03,МайПлей,DD04808,1.0,0.014145243
2025-04,МайПлей,DD04808,2.0,0.0019037941
2025-05,МайПлей,DD04808,1.0,0.16640987
2025-06,МайПлей,DD04808,0.0,0.0
2024-07,ІМ-МауДау,DD04809,0.0,0.0
2024-08,ІМ-МауДау,DD04809,0.0,0.0
2024-09,ІМ-МауДау,DD04809,0.0,0.0
2024-10,ІМ-МауДау,DD04809,1.0,0.19277024
2024-11,ІМ-МауДау,DD04809,0.0,0.0
2024-12,ІМ-МауДау,DD04809,0.0,0.0
2025-01,ІМ-МауДау,DD04809,0.0,0.0
2025-02,ІМ-МауДау,DD04809,1.0,0.0057493583
2025-03,ІМ-МауДау,DD04809,4.0,0.29636317
2025-04,ІМ-МауДау,DD04809,1.0,0.57089484
2025-05,ІМ-МауДау,DD04809,2.0,0.25392205
2025-06,ІМ-МауДау,DD04809,2.0,0.012216921
2024-07,Акварель,DD04809,3.0,0.7300379
2024-08,Акварель,DD04809,0.0,0.84523004
2024-09,Акварель,DD04809,3.0,1.004135
2024-10,Акварель,DD04809,3.0,1.1309582
2024-11,Акварель,DD04809,2.0,0.5358982
2024-12,Акварель,DD04809,2.0,1.8924786
2025-01,Акварель,DD04809,1.0,0.5202509
2025-02,Акварель,DD04809,1.0,0.81261986
2025-03,Акварель,DD04809,2.0,0.63496447
2025-04,Акварель,DD04809,3.0,0.4106673
2025-05,Акварель,DD04809,4.0,0.4816556
2025-06,Акварель,DD04809,0.0,0.41460264
2024-07,Антошка,DD04809,1.0,0.86946267
2024-08,Антошка,DD04809,5.0,1.5212545
2024-09,Антошка,DD04809,13.0,2.7855396
2024-10,Антошка,DD04809,14.0,5.5544996
2024-11,Антошка,DD04809,4.0,3.2909572
2024-12,Антошка,DD04809,7.0,4.215755
2025-01,Антошка,DD04809,4.0,1.6389602
2025-02,Антошка,DD04809,1.0,1.7670895
2025-03,Антошка,DD04809,9.0,2.1787655
2025-04,Антошка,DD04809,9.0,3.1357746
2025-05,Антошка,DD04809,21.0,2.4493027
2025-06,Антошка,DD04809,1.0,3.348947
2024-07,БІ,DD04809,9.0,4.8646193
2024-08,БІ,DD04809,12.0,5.9755282
2024-09,БІ,DD04809,17.0,6.184855
2024-10,БІ,DD04809,29.0,9.365642
2024-11,БІ,DD04809,13.0,7.3771486
2024-12,БІ,DD04809,12.0,7.7838264
2025-01,БІ,DD04809,7.0,3.2293923
2025-02,БІ,DD04809,9.0,5.032519
2025-03,БІ,DD04809,20.0,6.4259777
2025-04,БІ,DD04809,35.0,6.5405574
2025-05,БІ,DD04809,42.0,7.295786
2025-06,БІ,DD04809,14.0,7.65935
2024-07,Епіцентр,DD04809,1.0,0.6036766
2024-08,Епіцентр,DD04809,3.0,0.45448568
2024-09,Епіцентр,DD04809,0.0,0.40141514
2024-10,Епіцентр,DD04809,3.0,0.3544069
2024-11,Епіцентр,DD04809,3.0,0.3893523
2024-12,Епіцентр,DD04809,2.0,1.1012702
2025-01,Епіцентр,DD04809,0.0,0.2571463
2025-02,Епіцентр,DD04809,0.0,0.05342216
2025-03,Епіцентр,DD04809,1.0,0.16619566
2025-04,Епіцентр,DD04809,0.0,0.37758023
2025-05,Епіцентр,DD04809,3.0,0.123123154
2025-06,Епіцентр,DD04809,3.0,0.0071367463
2024-07,МайПлей,DD04809,0.0,0.15570238
2024-08,МайПлей,DD04809,3.0,0.015400492
2024-09,МайПлей,DD04809,1.0,0.029920107
2024-10,МайПлей,DD04809,1.0,0.063554436
2024-11,МайПлей,DD04809,0.0,0.0
2024-12,МайПлей,DD04809,0.0,0.0
2025-01,МайПлей,DD04809,1.0,0.0
2025-02,МайПлей,DD04809,0.0,0.0
2025-03,МайПлей,DD04809,0.0,0.0
2025-04,МайПлей,DD04809,0.0,0.0
2025-05,МайПлей,DD04809,1.0,0.0
2025-06,МайПлей,DD04809,1.0,0.0
2024-07,Озерова ФОП,DD04809,3.0,0.24982361
2024-08,Озерова ФОП,DD04809,0.0,0.049908433
2024-09,Озерова ФОП,DD04809,0.0,0.0
2024-10,Озерова ФОП,DD04809,2.0,0.023414029
2024-11,Озерова ФОП,DD04809,0.0,0.0
2024-12,Озерова ФОП,DD04809,0.0,0.0
2025-01,Озерова ФОП,DD04809,0.0,0.0
2025-02,Озерова ФОП,DD04809,0.0,0.0
2025-03,Озерова ФОП,DD04809,0.0,0.012808657
2025-04,Озерова ФОП,DD04809,0.0,0.0
2025-05,Озерова ФОП,DD04809,0.0,0.0
2025-06,Озерова ФОП,DD04809,3.0,0.0
2024-07,Антошка,DJ00010,0.0,0.0
2024-08,Антошка,DJ00010,0.0,0.0
2024-09,Антошка,DJ00010,0.0,0.0
2024-10,Антошка,DJ00010,1.0,0.0
2024-11,Антошка,DJ00010,2.0,0.0
2024-12,Антошка,DJ00010,2.0,0.5390345
2025-01,Антошка,DJ00010,0.0,0.0
2025-02,Антошка,DJ00010,2.0,0.0
2025-03,Антошка,DJ00010,0.0,0.0
2025-04,Антошка,DJ00010,0.0,0.0
2025-05,Антошка,DJ00010,0.0,0.0
2025-06,Антошка,DJ00010,1.0,0.0
2024-07,БІ,DJ00010,9.0,2.5607023
2024-08,БІ,DJ00010,4.0,2.7266467
2024-09,БІ,DJ00010,1.0,2.1434717
2024-10,БІ,DJ00010,6.0,1.8664556
2024-11,БІ,DJ00010,3.0,1.9591084
2024-12,БІ,DJ00010,19.0,5.854949
2025-01,БІ,DJ00010,11.0,2.6395926
2025-02,БІ,DJ00010,8.0,2.1030884
2025-03,БІ,DJ00010,5.0,1.8230429
2025-04,БІ,DJ00010,4.0,1.5191056
2025-05,БІ,DJ00010,4.0,1.5495548
2025-06,БІ,DJ00010,8.0,1.369993
2024-07,МайПлей,DJ00010,0.0,0.0
2024-08,МайПлей,DJ00010,0.0,0.0
2024-09,МайПлей,DJ00010,1.0,0.0
2024-10,МайПлей,DJ00010,0.0,0.0
2024-11,МайПлей,DJ00010,4.0,0.0
2024-12,МайПлей,DJ00010,3.0,0.9923786
2025-01,МайПлей,DJ00010,1.0,0.10443466
2025-02,МайПлей,DJ00010,1.0,0.0
2025-03,МайПлей,DJ00010,4.0,0.0
2025-04,МайПлей,DJ00010,0.0,0.0
2025-05,МайПлей,DJ00010,1.0,0.0
2025-06,МайПлей,DJ00010,0.0,0.0
2024-07,Антошка,DJ00014,0.0,0.0
2024-08,Антошка,DJ00014,1.0,0.0
2024-09,Антошка,DJ00014,0.0,0.0
2024-10,Антошка,DJ00014,3.0,0.0
2024-11,Антошка,DJ00014,2.0,0.071230724
2024-12,Антошка,DJ00014,2.0,1.0845138
2025-01,Антошка,DJ00014,2.0,0.0
2025-02,Антошка,DJ00014,0.0,0.0
2025-03,Антошка,DJ00014,0.0,0.0
2025-04,Антошка,DJ00014,2.0,0.0
2025-05,Антошка,DJ00014,0.0,0.0
2025-06,Антошка,DJ00014,0.0,0.0
2024-07,БІ,DJ00014,2.0,0.54116786
2024-08,БІ,DJ00014,2.0,0.60631055
2024-09,БІ,DJ00014,1.0,0.58779216
2024-10,БІ,DJ00014,1.0,0.42746717
2024-11,БІ,DJ00014,3.0,0.7038882
2024-12,БІ,DJ00014,4.0,3.7001595
2025-01,БІ,DJ00014,4.0,0.86456317
2025-02,БІ,DJ00014,2.0,0.82371444
2025-03,БІ,DJ00014,2.0,0.290635
2025-04,БІ,DJ00014,3.0,0.34190702
2025-05,БІ,DJ00014,3.0,0.4066623
2025-06,БІ,DJ00014,3.0,0.5052823
2024-07,МайПлей,DJ00014,0.0,0.0
2024-08,МайПлей,DJ00014,1.0,0.0
2024-09,МайПлей,DJ00014,1.0,0.0
2024-10,МайПлей,DJ00014,0.0,0.0
2024-11,МайПлей,DJ00014,1.0,0.0
2024-12,МайПлей,DJ00014,1.0,0.3620881
2025-01,МайПлей,DJ00014,2.0,0.0
2025-02,МайПлей,DJ00014,0.0,0.0
2025-03,МайПлей,DJ00014,1.0,0.0
2025-04,МайПлей,DJ00014,1.0,0.0
2025-05,МайПлей,DJ00014,1.0,0.0
2025-06,МайПлей,DJ00014,1.0,0.0
2024-07,Антошка,DJ00016,3.0,0.0
2024-08,Антошка,DJ00016,1.0,0.0
2024-09,Антошка,DJ00016,1.0,0.0
2024-10,Антошка,DJ00016,0.0,0.0
2024-11,Антошка,DJ00016,2.0,0.0
2024-12,Антошка,DJ00016,3.0,0.82861805
2025-01,Антошка,DJ00016,1.0,0.0
2025-02,Антошка,DJ00016,1.0,0.0
2025-03,Антошка,DJ00016,2.0,0.0
2025-04,Антошка,DJ00016,0.0,0.0
2025-05,Антошка,DJ00016,0.0,0.0
2025-06,Антошка,DJ00016,0.0,0.0
2024-07,БІ,DJ00016,10.0,3.0985317
2024-08,БІ,DJ00016,10.0,3.7109218
2024-09,БІ,DJ00016,6.0,3.8632503
2024-10,БІ,DJ00016,8.0,3.0709274
2024-11,БІ,DJ00016,9.0,3.7903588
2024-12,БІ,DJ00016,26.0,12.173811
2025-01,БІ,DJ00016,13.0,5.417122
2025-02,БІ,DJ00016,11.0,3.7727957
2025-03,БІ,DJ00016,11.0,3.0255904
2025-04,БІ,DJ00016,11.0,2.3560715
2025-05,БІ,DJ00016,5.0,2.1979375
2025-06,БІ,DJ00016,5.0,1.7544963
2024-07,ІМ-Розетка,DJ00017,0.0,0.0
2024-08,ІМ-Розетка,DJ00017,0.0,0.0
2024-09,ІМ-Розетка,DJ00017,0.0,0.0
2024-10,ІМ-Розетка,DJ00017,0.0,0.0
2024-11,ІМ-Розетка,DJ00017,0.0,0.0
2024-12,ІМ-Розетка,DJ00017,0.0,0.0
2025-01,ІМ-Розетка,DJ00017,0.0,0.0
2025-02,ІМ-Розетка,DJ00017,1.0,0.0
2025-03,ІМ-Розетка,DJ00017,0.0,0.0
2025-04,ІМ-Розетка,DJ00017,1.0,0.0
2025-05,ІМ-Розетка,DJ00017,0.0,0.0
2025-06,ІМ-Розетка,DJ00017,1.0,0.0
2024-07,Антошка,DJ00017,2.0,0.0
2024-08,Антошка,DJ00017,0.0,0.0
2024-09,Антошка,DJ00017,1.0,0.0
2024-10,Антошка,DJ00017,1.0,0.0
2024-11,Антошка,DJ00017,2.0,0.0
2024-12,Антошка,DJ00017,3.0,0.73624724
2025-01,Антошка,DJ00017,0.0,0.0
2025-02,Антошка,DJ00017,0.0,0.0
2025-03,Антошка,DJ00017,1.0,0.0
2025-04,Антошка,DJ00017,0.0,0.0
2025-05,Антошка,DJ00017,0.0,0.0
2025-06,Антошка,DJ00017,0.0,0.0
2024-07,БІ,DJ00017,4.0,1.5565832
2024-08,БІ,DJ00017,3.0,1.4974016
2024-09,БІ,DJ00017,5.0,1.1508572
2024-10,БІ,DJ00017,6.0,1.2487597
2024-11,БІ,DJ00017,5.0,1.8791184
2024-12,БІ,DJ00017,12.0,6.6338463
2025-01,БІ,DJ00017,4.0,2.032955
2025-02,БІ,DJ00017,6.0,1.5778842
2025-03,БІ,DJ00017,8.0,1.301623
2025-04,БІ,DJ00017,2.0,1.3638545
2025-05,БІ,DJ00017,1.0,1.6966434
2025-06,БІ,DJ00017,6.0,1.1177859
2024-07,МайПлей,DJ00017,2.0,0.0
2024-08,МайПлей,DJ00017,2.0,0.0
2024-09,МайПлей,DJ00017,1.0,0.0
2024-10,МайПлей,DJ00017,0.0,0.0
2024-11,МайПлей,DJ00017,2.0,0.0
2024-12,МайПлей,DJ00017,4.0,0.7227772
2025-01,МайПлей,DJ00017,0.0,0.0
2025-02,МайПлей,DJ00017,0.0,0.0
2025-03,МайПлей,DJ00017,0.0,0.0
2025-04,МайПлей,DJ00017,0.0,0.0
2025-05,МайПлей,DJ00017,0.0,0.0
2025-06,МайПлей,DJ00017,0.0,0.0
2024-07,Акварель,DJ00025,5.0,1.7524593
2024-08,Акварель,DJ00025,4.0,1.8385382
2024-09,Акварель,DJ00025,4.0,1.6428379
2024-10,Акварель,DJ00025,5.0,2.0007563
2024-11,Акварель,DJ00025,5.0,2.3333445
2024-12,Акварель,DJ00025,21.0,6.0740495
2025-01,Акварель,DJ00025,7.0,4.0683684
2025-02,Акварель,DJ00025,7.0,2.0084598
2025-03,Акварель,DJ00025,7.0,1.9102222
2025-04,Акварель,DJ00025,4.0,1.983102
2025-05,Акварель,DJ00025,4.0,2.388699
2025-06,Акварель,DJ00025,2.0,1.9443859
2024-07,Антошка,DJ00025,5.0,0.6452519
2024-08,Антошка,DJ00025,1.0,0.4197379
2024-09,Антошка,DJ00025,2.0,0.61093736
2024-10,Антошка,DJ00025,0.0,0.442687
2024-11,Антошка,DJ00025,2.0,0.3531092
2024-12,Антошка,DJ00025,1.0,1.5032529
2025-01,Антошка,DJ00025,1.0,0.21496645
2025-02,Антошка,DJ00025,0.0,0.06362246
2025-03,Антошка,DJ00025,1.0,0.110526204
2025-04,Антошка,DJ00025,0.0,0.028829757
2025-05,Антошка,DJ00025,1.0,0.04444126
2025-06,Антошка,DJ00025,0.0,0.0
2024-07,БІ,DJ00025,5.0,2.588351
2024-08,БІ,DJ00025,4.0,2.677088
2024-09,БІ,DJ00025,8.0,2.856616
2024-10,БІ,DJ00025,10.0,2.7037258
2024-11,БІ,DJ00025,7.0,3.4537642
2024-12,БІ,DJ00025,25.0,11.651137
2025-01,БІ,DJ00025,8.0,4.676746
2025-02,БІ,DJ00025,3.0,2.3166194
2025-03,БІ,DJ00025,3.0,1.7684191
2025-04,БІ,DJ00025,4.0,2.1957014
2025-05,БІ,DJ00025,5.0,1.7580633
2025-06,БІ,DJ00025,6.0,2.4629555
2024-07,МайПлей,DJ00025,2.0,0.42604968
2024-08,МайПлей,DJ00025,5.0,0.23261175
2024-09,МайПлей,DJ00025,2.0,0.36896116
2024-10,МайПлей,DJ00025,0.0,0.25023392
2024-11,МайПлей,DJ00025,1.0,0.47944665
2024-12,МайПлей,DJ00025,6.0,2.3673759
2025-01,МайПлей,DJ00025,3.0,0.89822346
2025-02,МайПлей,DJ00025,0.0,0.33781508
2025-03,МайПлей,DJ00025,0.0,0.14908047
2025-04,МайПлей,DJ00025,2.0,0.12104271
2025-05,МайПлей,DJ00025,0.0,0.10907264
2025-06,МайПлей,DJ00025,1.0,0.110958725
2024-07,Акварель,DJ00026,8.0,1.9294168
2024-08,Акварель,DJ00026,6.0,2.3244894
2024-09,Акварель,DJ00026,9.0,2.2043784
2024-10,Акварель,DJ00026,4.0,2.9768758
2024-11,Акварель,DJ00026,11.0,3.6325037
2024-12,Акварель,DJ00026,29.0,11.084188
2025-01,Акварель,DJ00026,12.0,6.5522685
2025-02,Акварель,DJ00026,9.0,3.3388472
2025-03,Акварель,DJ00026,10.0,2.633896
2025-04,Акварель,DJ00026,3.0,2.809668
2025-05,Акварель,DJ00026,6.0,3.2051563
2025-06,Акварель,DJ00026,6.0,3.1924179
2024-07,БІ,DJ00026,19.0,6.9982433
2024-08,БІ,DJ00026,22.0,7.464649
2024-09,БІ,DJ00026,20.0,8.944861
2024-10,БІ,DJ00026,18.0,7.688942
2024-11,БІ,DJ00026,25.0,9.47015
2024-12,БІ,DJ00026,74.0,28.880356
2025-01,БІ,DJ00026,41.0,19.123241
2025-02,БІ,DJ00026,17.0,11.148475
2025-03,БІ,DJ00026,20.0,9.254424
2025-04,БІ,DJ00026,14.0,8.222372
2025-05,БІ,DJ00026,16.0,7.2055087
2025-06,БІ,DJ00026,20.0,5.682566
2024-07,МайПлей,DJ00026,7.0,0.7657726
2024-08,МайПлей,DJ00026,1.0,0.37681225
2024-09,МайПлей,DJ00026,2.0,0.4405069
2024-10,МайПлей,DJ00026,3.0,0.3632777
2024-11,МайПлей,DJ00026,2.0,0.43867186
2024-12,МайПлей,DJ00026,8.0,2.8841717
2025-01,МайПлей,DJ00026,8.0,1.8049351
2025-02,МайПлей,DJ00026,1.0,0.38998747
2025-03,МайПлей,DJ00026,1.0,0.6295685
2025-04,МайПлей,DJ00026,3.0,0.52115893
2025-05,МайПлей,DJ00026,0.0,0.5856806
2025-06,МайПлей,DJ00026,1.0,0.33738264
2024-07,Акварель,DJ00061,2.0,1.0539336
2024-08,Акварель,DJ00061,3.0,1.0119022
2024-09,Акварель,DJ00061,0.0,0.7633243
2024-10,Акварель,DJ00061,7.0,1.2371296
2024-11,Акварель,DJ00061,4.0,2.301298
2024-12,Акварель,DJ00061,5.0,3.1373022
2025-01,Акварель,DJ00061,6.0,1.5978891
2025-02,Акварель,DJ00061,4.0,1.3729304
2025-03,Акварель,DJ00061,3.0,1.4396412
2025-04,Акварель,DJ00061,2.0,1.1057132
2025-05,Акварель,DJ00061,1.0,0.9232357
2025-06,Акварель,DJ00061,2.0,0.98603415
2024-07,Антошка,DJ00061,0.0,0.51704293
2024-08,Антошка,DJ00061,4.0,0.34344473
2024-09,Антошка,DJ00061,5.0,1.1138346
2024-10,Антошка,DJ00061,1.0,1.3547648
2024-11,Антошка,DJ00061,7.0,0.8442143
2024-12,Антошка,DJ00061,7.0,2.713691
2025-01,Антошка,DJ00061,3.0,0.94577193
2025-02,Антошка,DJ00061,3.0,0.8751164
2025-03,Антошка,DJ00061,1.0,0.8304352
2025-04,Антошка,DJ00061,4.0,0.29032987
2025-05,Антошка,DJ00061,1.0,0.74510795
2025-06,Антошка,DJ00061,1.0,0.99414
2024-07,БІ,DJ00061,2.0,2.0293863
2024-08,БІ,DJ00061,2.0,1.320449
2024-09,БІ,DJ00061,4.0,1.2631246
2024-10,БІ,DJ00061,9.0,1.7228891
2024-11,БІ,DJ00061,7.0,2.8838818
2024-12,БІ,DJ00061,11.0,5.4991207
2025-01,БІ,DJ00061,5.0,1.8736479
2025-02,БІ,DJ00061,3.0,1.8258106
2025-03,БІ,DJ00061,4.0,1.6504574
2025-04,БІ,DJ00061,0.0,0.90429425
2025-05,БІ,DJ00061,0.0,0.7016853
2025-06,БІ,DJ00061,1.0,0.6746594
2024-07,Акварель,DJ01258,0.0,0.1462602
2024-08,Акварель,DJ01258,6.0,1.5842068
2024-09,Акварель,DJ01258,7.0,1.2599926
2024-10,Акварель,DJ01258,1.0,1.1594237
2024-11,Акварель,DJ01258,5.0,0.82398796
2024-12,Акварель,DJ01258,10.0,2.0923254
2025-01,Акварель,DJ01258,0.0,0.0
2025-02,Акварель,DJ01258,3.0,0.7266421
2025-03,Акварель,DJ01258,2.0,0.41673416
2025-04,Акварель,DJ01258,0.0,0.0
2025-05,Акварель,DJ01258,2.0,0.108062804
2025-06,Акварель,DJ01258,0.0,0.0
2024-07,ІМ-МауДау,DJ01482,0.0,0.0
2024-08,ІМ-МауДау,DJ01482,0.0,0.0
2024-09,ІМ-МауДау,DJ01482,0.0,0.0
2024-10,ІМ-МауДау,DJ01482,0.0,0.0
2024-11,ІМ-МауДау,DJ01482,0.0,0.0
2024-12,ІМ-МауДау,DJ01482,0.0,0.0
2025-01,ІМ-МауДау,DJ01482,0.0,0.0
2025-02,ІМ-МауДау,DJ01482,0.0,0.0
2025-03,ІМ-МауДау,DJ01482,1.0,0.0
2025-04,ІМ-МауДау,DJ01482,0.0,0.0
2025-05,ІМ-МауДау,DJ01482,0.0,0.0
2025-06,ІМ-МауДау,DJ01482,0.0,0.0
2024-07,Антошка,DJ01482,1.0,0.0
2024-08,Антошка,DJ01482,0.0,0.0
2024-09,Антошка,DJ01482,1.0,0.0
2024-10,Антошка,DJ01482,1.0,0.0
2024-11,Антошка,DJ01482,0.0,0.0
2024-12,Антошка,DJ01482,1.0,0.39500496
2025-01,Антошка,DJ01482,5.0,0.09238223
2025-02,Антошка,DJ01482,0.0,0.17902006
2025-03,Антошка,DJ01482,0.0,0.0
2025-04,Антошка,DJ01482,1.0,0.0
2025-05,Антошка,DJ01482,1.0,0.0
2025-06,Антошка,DJ01482,1.0,0.0
2024-07,БІ,DJ01482,4.0,1.0980024
2024-08,БІ,DJ01482,1.0,0.9832183
2024-09,БІ,DJ01482,2.0,0.8432936
2024-10,БІ,DJ01482,4.0,0.7479711
2024-11,БІ,DJ01482,9.0,1.1865146
2024-12,БІ,DJ01482,10.0,6.096048
2025-01,БІ,DJ01482,8.0,1.2572498
2025-02,БІ,DJ01482,4.0,1.0144093
2025-03,БІ,DJ01482,4.0,0.44257918
2025-04,БІ,DJ01482,2.0,0.459099
2025-05,БІ,DJ01482,1.0,0.06256825
2025-06,БІ,DJ01482,0.0,0.0
2024-07,МайПлей,DJ01482,1.0,0.10918946
2024-08,МайПлей,DJ01482,1.0,0.008764484
2024-09,МайПлей,DJ01482,0.0,0.0
2024-10,МайПлей,DJ01482,0.0,0.0
2024-11,МайПлей,DJ01482,0.0,0.0
2024-12,МайПлей,DJ01482,7.0,0.34086204
2025-01,МайПлей,DJ01482,0.0,0.35413614
2025-02,МайПлей,DJ01482,2.0,0.0
2025-03,МайПлей,DJ01482,1.0,0.0
2025-04,МайПлей,DJ01482,1.0,0.0
2025-05,МайПлей,DJ01482,1.0,0.015963387
2025-06,МайПлей,DJ01482,0.0,0.005679762
2024-07,ІМ-Розетка,DJ01612,2.0,0.32823297
2024-08,ІМ-Розетка,DJ01612,0.0,0.0
2024-09,ІМ-Розетка,DJ01612,0.0,0.0
2024-10,ІМ-Розетка,DJ01612,0.0,0.0
2024-11,ІМ-Розетка,DJ01612,0.0,0.16702525
2024-12,ІМ-Розетка,DJ01612,0.0,2.4304724
2025-01,ІМ-Розетка,DJ01612,0.0,0.0
2025-02,ІМ-Розетка,DJ01612,1.0,0.095305786
2025-03,ІМ-Розетка,DJ01612,0.0,0.0
2025-04,ІМ-Розетка,DJ01612,0.0,0.0
2025-05,ІМ-Розетка,DJ01612,1.0,0.0
2025-06,ІМ-Розетка,DJ01612,1.0,0.0
2024-07,БІ,DJ01612,1.0,0.9292664
2024-08,БІ,DJ01612,4.0,1.5408099
2024-09,БІ,DJ01612,6.0,1.3804913
2024-10,БІ,DJ01612,1.0,0.91339856
2024-11,БІ,DJ01612,1.0,1.3924116
2024-12,БІ,DJ01612,10.0,5.1383905
2025-01,БІ,DJ01612,5.0,1.257517
2025-02,БІ,DJ01612,6.0,2.3696487
2025-03,БІ,DJ01612,2.0,2.2651758
2025-04,БІ,DJ01612,5.0,0.6006708
2025-05,БІ,DJ01612,2.0,0.9436544
2025-06,БІ,DJ01612,8.0,1.9162219
2024-07,МайПлей,DJ01612,0.0,0.0
2024-08,МайПлей,DJ01612,0.0,0.0
2024-09,МайПлей,DJ01612,0.0,0.0
2024-10,МайПлей,DJ01612,0.0,0.0
2024-11,МайПлей,DJ01612,1.0,0.0
2024-12,МайПлей,DJ01612,0.0,0.13406982
2025-01,МайПлей,DJ01612,0.0,0.0
2025-02,МайПлей,DJ01612,0.0,0.0
2025-03,МайПлей,DJ01612,1.0,0.0
2025-04,МайПлей,DJ01612,0.0,0.0
2025-05,МайПлей,DJ01612,0.0,0.0
2025-06,МайПлей,DJ01612,0.0,0.0
2024-07,Озерова ФОП,DJ01612,5.0,0.1965457
2024-08,Озерова ФОП,DJ01612,0.0,0.0
2024-09,Озерова ФОП,DJ01612,0.0,0.0
2024-10,Озерова ФОП,DJ01612,0.0,0.0
2024-11,Озерова ФОП,DJ01612,0.0,0.0
2024-12,Озерова ФОП,DJ01612,0.0,0.022401622
2025-01,Озерова ФОП,DJ01612,0.0,0.0
2025-02,Озерова ФОП,DJ01612,0.0,0.0
2025-03,Озерова ФОП,DJ01612,1.0,0.059442382
2025-04,Озерова ФОП,DJ01612,0.0,0.0
2025-05,Озерова ФОП,DJ01612,0.0,0.0
2025-06,Озерова ФОП,DJ01612,0.0,0.0
2024-07,СмартТойс,DJ01612,0.0,0.0
2024-08,СмартТойс,DJ01612,0.0,0.0
2024-09,СмартТойс,DJ01612,5.0,0.038980387
2024-10,СмартТойс,DJ01612,1.0,0.0
2024-11,СмартТойс,DJ01612,0.0,0.0
2024-12,СмартТойс,DJ01612,0.0,0.0
2025-01,СмартТойс,DJ01612,0.0,0.0
2025-02,СмартТойс,DJ01612,1.0,0.085015
2025-03,СмартТойс,DJ01612,1.0,0.0
2025-04,СмартТойс,DJ01612,1.0,0.0
2025-05,СмартТойс,DJ01612,1.0,0.0
2025-06,СмартТойс,DJ01612,4.0,0.16960564
2024-07,Супрун ФОП,DJ01612,0.0,0.0
2024-08,Супрун ФОП,DJ01612,0.0,0.0
2024-09,Супрун ФОП,DJ01612,0.0,0.0
2024-10,Супрун ФОП,DJ01612,0.0,0.0
2024-11,Супрун ФОП,DJ01612,2.0,0.0
2024-12,Супрун ФОП,DJ01612,0.0,0.0
2025-01,Супрун ФОП,DJ01612,0.0,0.0
2025-02,Супрун ФОП,DJ01612,1.0,0.0
2025-03,Супрун ФОП,DJ01612,0.0,0.0
2025-04,Супрун ФОП,DJ01612,0.0,0.0
2025-05,Супрун ФОП,DJ01612,0.0,0.0
2025-06,Супрун ФОП,DJ01612,0.0,0.0
2024-07,ІМ-Розетка,DJ01663,0.0,0.22937316
2024-08,ІМ-Розетка,DJ01663,1.0,0.009541745
2024-09,ІМ-Розетка,DJ01663,2.0,0.10545569
2024-10,ІМ-Розетка,DJ01663,0.0,0.0
2024-11,ІМ-Розетка,DJ01663,0.0,0.0
2024-12,ІМ-Розетка,DJ01663,0.0,0.29766017
2025-01,ІМ-Розетка,DJ01663,0.0,0.0
2025-02,ІМ-Розетка,DJ01663,2.0,0.0
2025-03,ІМ-Розетка,DJ01663,2.0,0.0
2025-04,ІМ-Розетка,DJ01663,1.0,0.0
2025-05,ІМ-Розетка,DJ01663,1.0,0.0
2025-06,ІМ-Розетка,DJ01663,2.0,0.0
2024-07,СмартТойс,DJ01666,0.0,0.0
2024-08,СмартТойс,DJ01666,0.0,0.0
2024-09,СмартТойс,DJ01666,0.0,0.0
2024-10,СмартТойс,DJ01666,2.0,0.08416225
2024-11,СмартТойс,DJ01666,2.0,0.0
2024-12,СмартТойс,DJ01666,1.0,0.0
2025-01,СмартТойс,DJ01666,0.0,0.0
2025-02,СмартТойс,DJ01666,1.0,0.0
2025-03,СмартТойс,DJ01666,0.0,0.0
2025-04,СмартТойс,DJ01666,8.0,0.0
2025-05,СмартТойс,DJ01666,0.0,0.0
2025-06,СмартТойс,DJ01666,1.0,0.0
2024-07,ІМ-Розетка,DJ01669,1.0,0.41750762
2024-08,ІМ-Розетка,DJ01669,2.0,0.13517609
2024-09,ІМ-Розетка,DJ01669,1.0,0.19575688
2024-10,ІМ-Розетка,DJ01669,0.0,0.0
2024-11,ІМ-Розетка,DJ01669,1.0,0.0
2024-12,ІМ-Розетка,DJ01669,0.0,0.92851615
2025-01,ІМ-Розетка,DJ01669,0.0,0.0
2025-02,ІМ-Розетка,DJ01669,0.0,0.0
2025-03,ІМ-Розетка,DJ01669,0.0,0.0
2025-04,ІМ-Розетка,DJ01669,0.0,0.0
2025-05,ІМ-Розетка,DJ01669,1.0,0.0
2025-06,ІМ-Розетка,DJ01669,1.0,0.0
2024-07,Акварель,DJ01693,0.0,0.0
2024-08,Акварель,DJ01693,0.0,0.0
2024-09,Акварель,DJ01693,0.0,0.0
2024-10,Акварель,DJ01693,0.0,0.0
2024-11,Акварель,DJ01693,0.0,0.0
2024-12,Акварель,DJ01693,0.0,0.08419585
2025-01,Акварель,DJ01693,2.0,0.0
2025-02,Акварель,DJ01693,0.0,0.0
2025-03,Акварель,DJ01693,0.0,0.0
2025-04,Акварель,DJ01693,0.0,0.0
2025-05,Акварель,DJ01693,0.0,0.0
2025-06,Акварель,DJ01693,1.0,0.0
2024-07,Антошка,DJ01693,1.0,0.0
2024-08,Антошка,DJ01693,0.0,0.0
2024-09,Антошка,DJ01693,0.0,0.0
2024-10,Антошка,DJ01693,0.0,0.0
2024-11,Антошка,DJ01693,0.0,0.0
2024-12,Антошка,DJ01693,1.0,0.23441932
2025-01,Антошка,DJ01693,0.0,0.0
2025-02,Антошка,DJ01693,1.0,0.0
2025-03,Антошка,DJ01693,1.0,0.0
2025-04,Антошка,DJ01693,0.0,0.0
2025-05,Антошка,DJ01693,1.0,0.0
2025-06,Антошка,DJ01693,0.0,0.0
2024-07,ІМ-МауДау,DJ01698,1.0,0.0
2024-08,ІМ-МауДау,DJ01698,0.0,0.0
2024-09,ІМ-МауДау,DJ01698,0.0,0.0
2024-10,ІМ-МауДау,DJ01698,0.0,0.0
2024-11,ІМ-МауДау,DJ01698,0.0,0.0
2024-12,ІМ-МауДау,DJ01698,0.0,0.0
2025-01,ІМ-МауДау,DJ01698,0.0,0.0
2025-02,ІМ-МауДау,DJ01698,0.0,0.0
2025-03,ІМ-МауДау,DJ01698,0.0,0.0
2025-04,ІМ-МауДау,DJ01698,0.0,0.0
2025-05,ІМ-МауДау,DJ01698,0.0,0.0
2025-06,ІМ-МауДау,DJ01698,0.0,0.0
2024-07,ІМ-Розетка,DJ01698,0.0,0.0
2024-08,ІМ-Розетка,DJ01698,0.0,0.0
2024-09,ІМ-Розетка,DJ01698,0.0,0.0
2024-10,ІМ-Розетка,DJ01698,0.0,0.0
2024-11,ІМ-Розетка,DJ01698,2.0,0.0
2024-12,ІМ-Розетка,DJ01698,0.0,1.5931171
2025-01,ІМ-Розетка,DJ01698,2.0,0.028095799
2025-02,ІМ-Розетка,DJ01698,1.0,0.0
2025-03,ІМ-Розетка,DJ01698,0.0,0.0
2025-04,ІМ-Розетка,DJ01698,1.0,0.0
2025-05,ІМ-Розетка,DJ01698,1.0,0.0
2025-06,ІМ-Розетка,DJ01698,0.0,0.0
2024-07,Акварель,DJ01698,0.0,0.09532942
2024-08,Акварель,DJ01698,2.0,0.16815385
2024-09,Акварель,DJ01698,0.0,0.0048975083
2024-10,Акварель,DJ01698,3.0,0.22410315
2024-11,Акварель,DJ01698,1.0,0.16935372
2024-12,Акварель,DJ01698,4.0,1.7656741
2025-01,Акварель,DJ01698,1.0,0.599935
2025-02,Акварель,DJ01698,0.0,0.0947675
2025-03,Акварель,DJ01698,6.0,0.19189268
2025-04,Акварель,DJ01698,3.0,0.481484
2025-05,Акварель,DJ01698,1.0,0.47477213
2025-06,Акварель,DJ01698,1.0,0.892302
2024-07,Антошка,DJ01698,1.0,0.0
2024-08,Антошка,DJ01698,1.0,0.0
2024-09,Антошка,DJ01698,2.0,0.0
2024-10,Антошка,DJ01698,1.0,0.008902364
2024-11,Антошка,DJ01698,4.0,0.0023612198
2024-12,Антошка,DJ01698,3.0,2.3595939
2025-01,Антошка,DJ01698,2.0,0.6663384
2025-02,Антошка,DJ01698,1.0,0.0
2025-03,Антошка,DJ01698,1.0,0.0
2025-04,Антошка,DJ01698,1.0,0.0
2025-05,Антошка,DJ01698,0.0,0.014913583
2025-06,Антошка,DJ01698,0.0,0.24875946
2024-07,БІ,DJ01698,0.0,0.75851214
2024-08,БІ,DJ01698,3.0,0.54954803
2024-09,БІ,DJ01698,1.0,0.43784165
2024-10,БІ,DJ01698,1.0,0.2867388
2024-11,БІ,DJ01698,4.0,0.45499235
2024-12,БІ,DJ01698,3.0,3.970207
2025-01,БІ,DJ01698,2.0,0.8471714
2025-02,БІ,DJ01698,1.0,0.35522264
2025-03,БІ,DJ01698,2.0,0.019922307
2025-04,БІ,DJ01698,0.0,0.0
2025-05,БІ,DJ01698,5.0,0.014133818
2025-06,БІ,DJ01698,4.0,0.9333097
2024-07,МайПлей,DJ01698,1.0,0.0
2024-08,МайПлей,DJ01698,0.0,0.0
2024-09,МайПлей,DJ01698,1.0,0.0
2024-10,МайПлей,DJ01698,1.0,0.0
2024-11,МайПлей,DJ01698,0.0,0.0
2024-12,МайПлей,DJ01698,0.0,0.21711552
2025-01,МайПлей,DJ01698,0.0,0.0
2025-02,МайПлей,DJ01698,1.0,0.0
2025-03,МайПлей,DJ01698,0.0,0.0
2025-04,МайПлей,DJ01698,0.0,0.0
2025-05,МайПлей,DJ01698,0.0,0.0
2025-06,МайПлей,DJ01698,0.0,0.0
2024-07,Мегамаркет,DJ01698,0.0,0.0
2024-08,Мегамаркет,DJ01698,0.0,0.0
2024-09,Мегамаркет,DJ01698,0.0,0.0
2024-10,Мегамаркет,DJ01698,1.0,0.0
2024-11,Мегамаркет,DJ01698,0.0,0.0
2024-12,Мегамаркет,DJ01698,1.0,0.009544152
2025-01,Мегамаркет,DJ01698,1.0,0.0
2025-02,Мегамаркет,DJ01698,0.0,0.0
2025-03,Мегамаркет,DJ01698,0.0,0.0
2025-04,Мегамаркет,DJ01698,0.0,0.0
2025-05,Мегамаркет,DJ01698,0.0,0.0
2025-06,Мегамаркет,DJ01698,1.0,0.0
2024-07,Акварель,DJ02077,1.0,0.7754219
2024-08,Акварель,DJ02077,1.0,0.7242503
2024-09,Акварель,DJ02077,2.0,0.8592378
2024-10,Акварель,DJ02077,3.0,0.8431989
2024-11,Акварель,DJ02077,1.0,0.2694631
2024-12,Акварель,DJ02077,3.0,0.7934589
2025-01,Акварель,DJ02077,0.0,0.0
2025-02,Акварель,DJ02077,0.0,0.0
2025-03,Акварель,DJ02077,0.0,0.0
2025-04,Акварель,DJ02077,1.0,0.0
2025-05,Акварель,DJ02077,0.0,0.0
2025-06,Акварель,DJ02077,0.0,0.0
2024-07,Акварель,DJ02079,0.0,0.020101052
2024-08,Акварель,DJ02079,2.0,0.6997273
2024-09,Акварель,DJ02079,2.0,0.64246416
2024-10,Акварель,DJ02079,0.0,0.0
2024-11,Акварель,DJ02079,1.0,0.2693503
2024-12,Акварель,DJ02079,0.0,0.0
2025-01,Акварель,DJ02079,0.0,0.0
2025-02,Акварель,DJ02079,0.0,0.0
2025-03,Акварель,DJ02079,1.0,0.0
2025-04,Акварель,DJ02079,0.0,0.0
2025-05,Акварель,DJ02079,2.0,0.06415341
2025-06,Акварель,DJ02079,0.0,0.0
2024-07,Акварель,DJ02091,2.0,0.8578714
2024-08,Акварель,DJ02091,2.0,0.8717832
2024-09,Акварель,DJ02091,0.0,0.0
2024-10,Акварель,DJ02091,0.0,0.0
2024-11,Акварель,DJ02091,3.0,0.3317245
2024-12,Акварель,DJ02091,0.0,0.02492105
2025-01,Акварель,DJ02091,1.0,0.036616005
2025-02,Акварель,DJ02091,0.0,0.0
2025-03,Акварель,DJ02091,1.0,0.1511395
2025-04,Акварель,DJ02091,1.0,0.06920061
2025-05,Акварель,DJ02091,3.0,0.18177405
2025-06,Акварель,DJ02091,1.0,0.17195198
2024-07,Акварель,DJ02093,0.0,0.0
2024-08,Акварель,DJ02093,1.0,0.752266
2024-09,Акварель,DJ02093,2.0,0.6625175
2024-10,Акварель,DJ02093,0.0,0.0009919553
2024-11,Акварель,DJ02093,2.0,0.23071645
2024-12,Акварель,DJ02093,0.0,0.0
2025-01,Акварель,DJ02093,3.0,0.07896139
2025-02,Акварель,DJ02093,0.0,0.0
2025-03,Акварель,DJ02093,0.0,0.0
2025-04,Акварель,DJ02093,1.0,0.14190876
2025-05,Акварель,DJ02093,0.0,0.0
2025-06,Акварель,DJ02093,0.0,0.0
2024-07,Акварель,DJ02095,2.0,0.7575739
2024-08,Акварель,DJ02095,1.0,0.8499895
2024-09,Акварель,DJ02095,1.0,0.85162395
2024-10,Акварель,DJ02095,1.0,0.9674177
2024-11,Акварель,DJ02095,2.0,0.3503996
2024-12,Акварель,DJ02095,0.0,0.0
2025-01,Акварель,DJ02095,1.0,0.09280026
2025-02,Акварель,DJ02095,0.0,0.0
2025-03,Акварель,DJ02095,0.0,0.0
2025-04,Акварель,DJ02095,0.0,0.0
2025-05,Акварель,DJ02095,4.0,0.17205364
2025-06,Акварель,DJ02095,3.0,0.17118804
2024-07,Акварель,DJ02096,4.0,0.72354954
2024-08,Акварель,DJ02096,2.0,0.77456814
2024-09,Акварель,DJ02096,0.0,0.0
2024-10,Акварель,DJ02096,0.0,0.0
2024-11,Акварель,DJ02096,0.0,0.0
2024-12,Акварель,DJ02096,1.0,0.6863461
2025-01,Акварель,DJ02096,0.0,0.0
2025-02,Акварель,DJ02096,1.0,0.0
2025-03,Акварель,DJ02096,1.0,0.0
2025-04,Акварель,DJ02096,0.0,0.0
2025-05,Акварель,DJ02096,1.0,0.09692102
2025-06,Акварель,DJ02096,0.0,0.0
2024-07,Акварель,DJ03085,1.0,0.13589048
2024-08,Акварель,DJ03085,2.0,0.38432103
2024-09,Акварель,DJ03085,3.0,0.39287695
2024-10,Акварель,DJ03085,3.0,0.27156025
2024-11,Акварель,DJ03085,1.0,0.42190555
2024-12,Акварель,DJ03085,5.0,2.2618837
2025-01,Акварель,DJ03085,0.0,0.9694571
2025-02,Акварель,DJ03085,2.0,0.14257495
2025-03,Акварель,DJ03085,0.0,0.02985565
2025-04,Акварель,DJ03085,1.0,0.0
2025-05,Акварель,DJ03085,3.0,0.17221956
2025-06,Акварель,DJ03085,0.0,0.79729784
2024-07,БІ,DJ03085,14.0,4.237702
2024-08,БІ,DJ03085,9.0,6.9265385
2024-09,БІ,DJ03085,8.0,4.5019255
2024-10,БІ,DJ03085,10.0,3.2616687
2024-11,БІ,DJ03085,9.0,4.1253653
2024-12,БІ,DJ03085,25.0,14.76395
2025-01,БІ,DJ03085,14.0,7.3322606
2025-02,БІ,DJ03085,7.0,3.6493855
2025-03,БІ,DJ03085,4.0,2.3793547
2025-04,БІ,DJ03085,7.0,2.4169672
2025-05,БІ,DJ03085,5.0,2.6724436
2025-06,БІ,DJ03085,21.0,4.5541
2024-07,МайПлей,DJ03085,1.0,0.007665179
2024-08,МайПлей,DJ03085,0.0,0.0
2024-09,МайПлей,DJ03085,2.0,0.0
2024-10,МайПлей,DJ03085,0.0,0.0
2024-11,МайПлей,DJ03085,0.0,0.0
2024-12,МайПлей,DJ03085,0.0,0.43659866
2025-01,МайПлей,DJ03085,1.0,0.0
2025-02,МайПлей,DJ03085,1.0,0.0
2025-03,МайПлей,DJ03085,0.0,0.0
2025-04,МайПлей,DJ03085,1.0,0.0
2025-05,МайПлей,DJ03085,0.0,0.0
2025-06,МайПлей,DJ03085,1.0,0.0
2024-07,ІМ-МауДау,DJ03086,1.0,0.0
2024-08,ІМ-МауДау,DJ03086,0.0,0.0
2024-09,ІМ-МауДау,DJ03086,1.0,0.0
2024-10,ІМ-МауДау,DJ03086,0.0,0.0
2024-11,ІМ-МауДау,DJ03086,1.0,0.0
2024-12,ІМ-МауДау,DJ03086,1.0,0.06129764
2025-01,ІМ-МауДау,DJ03086,0.0,0.0
2025-02,ІМ-МауДау,DJ03086,0.0,0.0
2025-03,ІМ-МауДау,DJ03086,1.0,0.0
2025-04,ІМ-МауДау,DJ03086,0.0,0.0
2025-05,ІМ-МауДау,DJ03086,0.0,0.0
2025-06,ІМ-МауДау,DJ03086,1.0,0.0
2024-07,ІМ-Розетка,DJ03086,0.0,0.0
2024-08,ІМ-Розетка,DJ03086,0.0,0.0
2024-09,ІМ-Розетка,DJ03086,0.0,0.0
2024-10,ІМ-Розетка,DJ03086,0.0,0.0
2024-11,ІМ-Розетка,DJ03086,2.0,0.03226909
2024-12,ІМ-Розетка,DJ03086,2.0,2.336175
2025-01,ІМ-Розетка,DJ03086,1.0,0.2507922
2025-02,ІМ-Розетка,DJ03086,1.0,0.0
2025-03,ІМ-Розетка,DJ03086,0.0,0.0
2025-04,ІМ-Розетка,DJ03086,0.0,0.0
2025-05,ІМ-Розетка,DJ03086,2.0,0.0
2025-06,ІМ-Розетка,DJ03086,1.0,0.0
2024-07,Акварель,DJ03086,4.0,0.23914367
2024-08,Акварель,DJ03086,2.0,0.3845333
2024-09,Акварель,DJ03086,2.0,0.3956876
2024-10,Акварель,DJ03086,0.0,0.5056393
2024-11,Акварель,DJ03086,6.0,0.6128495
2024-12,Акварель,DJ03086,8.0,3.1170595
2025-01,Акварель,DJ03086,3.0,1.7430825
2025-02,Акварель,DJ03086,1.0,0.3644327
2025-03,Акварель,DJ03086,3.0,0.11137922
2025-04,Акварель,DJ03086,1.0,0.03523253
2025-05,Акварель,DJ03086,0.0,0.19689707
2025-06,Акварель,DJ03086,5.0,0.89867926
2024-07,БІ,DJ03086,7.0,2.0978954
2024-08,БІ,DJ03086,7.0,2.4010837
2024-09,БІ,DJ03086,7.0,1.9701078
2024-10,БІ,DJ03086,5.0,2.1631207
2024-11,БІ,DJ03086,16.0,2.9321325
2024-12,БІ,DJ03086,28.0,15.292012
2025-01,БІ,DJ03086,13.0,5.9643993
2025-02,БІ,DJ03086,7.0,2.665799
2025-03,БІ,DJ03086,11.0,1.4829266
2025-04,БІ,DJ03086,8.0,2.3054113
2025-05,БІ,DJ03086,9.0,2.932949
2025-06,БІ,DJ03086,11.0,5.097364
2024-07,Віват Канцелярія,DJ03086,2.0,0.0
2024-08,Віват Канцелярія,DJ03086,0.0,0.0
2024-09,Віват Канцелярія,DJ03086,0.0,0.0
2024-10,Віват Канцелярія,DJ03086,0.0,0.0
2024-11,Віват Канцелярія,DJ03086,0.0,0.0
2024-12,Віват Канцелярія,DJ03086,1.0,0.20396568
2025-01,Віват Канцелярія,DJ03086,0.0,0.0
2025-02,Віват Канцелярія,DJ03086,0.0,0.0
2025-03,Віват Канцелярія,DJ03086,0.0,0.0
2025-04,Віват Канцелярія,DJ03086,0.0,0.0
2025-05,Віват Канцелярія,DJ03086,0.0,0.0
2025-06,Віват Канцелярія,DJ03086,0.0,0.0
2024-07,МайПлей,DJ03086,1.0,0.14425553
2024-08,МайПлей,DJ03086,0.0,0.0
2024-09,МайПлей,DJ03086,1.0,0.0
2024-10,МайПлей,DJ03086,1.0,0.0
2024-11,МайПлей,DJ03086,0.0,0.0
2024-12,МайПлей,DJ03086,7.0,0.93153775
2025-01,МайПлей,DJ03086,1.0,0.58510137
2025-02,МайПлей,DJ03086,3.0,0.0
2025-03,МайПлей,DJ03086,2.0,0.0
2025-04,МайПлей,DJ03086,1.0,0.0
2025-05,МайПлей,DJ03086,0.0,0.0
2025-06,МайПлей,DJ03086,0.0,0.026219303
2024-07,Супрун ФОП,DJ03086,0.0,0.0
2024-08,Супрун ФОП,DJ03086,0.0,0.0
2024-09,Супрун ФОП,DJ03086,1.0,0.0
2024-10,Супрун ФОП,DJ03086,1.0,0.0
2024-11,Супрун ФОП,DJ03086,0.0,0.0
2024-12,Супрун ФОП,DJ03086,0.0,0.0
2025-01,Супрун ФОП,DJ03086,0.0,0.0
2025-02,Супрун ФОП,DJ03086,0.0,0.0
2025-03,Супрун ФОП,DJ03086,0.0,0.0
2025-04,Супрун ФОП,DJ03086,0.0,0.0
2025-05,Супрун ФОП,DJ03086,0.0,0.0
2025-06,Супрун ФОП,DJ03086,3.0,0.0
2024-07,ІМ-Розетка,DJ03087,0.0,0.0
2024-08,ІМ-Розетка,DJ03087,0.0,0.0
2024-09,ІМ-Розетка,DJ03087,0.0,0.0
2024-10,ІМ-Розетка,DJ03087,0.0,0.0
2024-11,ІМ-Розетка,DJ03087,1.0,0.044430804
2024-12,ІМ-Розетка,DJ03087,0.0,1.7344894
2025-01,ІМ-Розетка,DJ03087,0.0,0.0
2025-02,ІМ-Розетка,DJ03087,2.0,0.0
2025-03,ІМ-Розетка,DJ03087,0.0,0.0
2025-04,ІМ-Розетка,DJ03087,0.0,0.0
2025-05,ІМ-Розетка,DJ03087,0.0,0.0
2025-06,ІМ-Розетка,DJ03087,2.0,0.0
2024-07,Акварель,DJ03087,0.0,0.037090022
2024-08,Акварель,DJ03087,1.0,0.14636618
2024-09,Акварель,DJ03087,2.0,0.23680279
2024-10,Акварель,DJ03087,0.0,0.0
2024-11,Акварель,DJ03087,3.0,0.14489082
2024-12,Акварель,DJ03087,3.0,1.5973632
2025-01,Акварель,DJ03087,1.0,0.51413554
2025-02,Акварель,DJ03087,2.0,0.09901366
2025-03,Акварель,DJ03087,0.0,0.023730608
2025-04,Акварель,DJ03087,0.0,0.0
2025-05,Акварель,DJ03087,0.0,0.05519558
2025-06,Акварель,DJ03087,1.0,0.2742024
2024-07,БІ,DJ03087,2.0,0.9251885
2024-08,БІ,DJ03087,1.0,1.0265895
2024-09,БІ,DJ03087,3.0,0.9534364
2024-10,БІ,DJ03087,3.0,0.6129214
2024-11,БІ,DJ03087,5.0,1.0965241
2024-12,БІ,DJ03087,7.0,5.673933
2025-01,БІ,DJ03087,5.0,2.0990686
2025-02,БІ,DJ03087,1.0,0.8277269
2025-03,БІ,DJ03087,3.0,0.30807
2025-04,БІ,DJ03087,2.0,0.34297574
2025-05,БІ,DJ03087,4.0,0.28624052
2025-06,БІ,DJ03087,2.0,1.1319104
2024-07,МайПлей,DJ03087,0.0,0.0
2024-08,МайПлей,DJ03087,0.0,0.0
2024-09,МайПлей,DJ03087,0.0,0.0
2024-10,МайПлей,DJ03087,0.0,0.0
2024-11,МайПлей,DJ03087,2.0,0.0
2024-12,МайПлей,DJ03087,2.0,0.47130755
2025-01,МайПлей,DJ03087,0.0,0.0
2025-02,МайПлей,DJ03087,0.0,0.0
2025-03,МайПлей,DJ03087,0.0,0.0
2025-04,МайПлей,DJ03087,0.0,0.0
2025-05,МайПлей,DJ03087,0.0,0.0
2025-06,МайПлей,DJ03087,0.0,0.0
2024-07,Супрун ФОП,DJ03087,0.0,0.0
2024-08,Супрун ФОП,DJ03087,0.0,0.0
2024-09,Супрун ФОП,DJ03087,0.0,0.0
2024-10,Супрун ФОП,DJ03087,0.0,0.0
2024-11,Супрун ФОП,DJ03087,2.0,0.0
2024-12,Супрун ФОП,DJ03087,0.0,0.0
2025-01,Супрун ФОП,DJ03087,0.0,0.0
2025-02,Супрун ФОП,DJ03087,0.0,0.0
2025-03,Супрун ФОП,DJ03087,0.0,0.0
2025-04,Супрун ФОП,DJ03087,0.0,0.0
2025-05,Супрун ФОП,DJ03087,0.0,0.0
2025-06,Супрун ФОП,DJ03087,0.0,0.0
2024-07,Акварель,DJ04781,0.0,0.0
2024-08,Акварель,DJ04781,0.0,0.0
2024-09,Акварель,DJ04781,1.0,0.51291406
2024-10,Акварель,DJ04781,0.0,0.0
2024-11,Акварель,DJ04781,0.0,0.0
2024-12,Акварель,DJ04781,0.0,0.0
2025-01,Акварель,DJ04781,0.0,0.0
2025-02,Акварель,DJ04781,0.0,0.0
2025-03,Акварель,DJ04781,0.0,0.0
2025-04,Акварель,DJ04781,0.0,0.0
2025-05,Акварель,DJ04781,1.0,0.05920409
2025-06,Акварель,DJ04781,0.0,0.0
2024-07,Акварель,DJ04785,2.0,1.0100166
2024-08,Акварель,DJ04785,1.0,0.88378483
2024-09,Акварель,DJ04785,3.0,0.8995989
2024-10,Акварель,DJ04785,1.0,0.9589727
2024-11,Акварель,DJ04785,5.0,0.2680801
2024-12,Акварель,DJ04785,0.0,0.15048532
2025-01,Акварель,DJ04785,0.0,0.0
2025-02,Акварель,DJ04785,0.0,0.0
2025-03,Акварель,DJ04785,1.0,0.2218062
2025-04,Акварель,DJ04785,0.0,0.0
2025-05,Акварель,DJ04785,0.0,0.0
2025-06,Акварель,DJ04785,1.0,0.34278283
2024-07,ІМ-Розетка,DJ05092,0.0,0.12866075
2024-08,ІМ-Розетка,DJ05092,0.0,0.0
2024-09,ІМ-Розетка,DJ05092,1.0,0.0
2024-10,ІМ-Розетка,DJ05092,0.0,0.0
2024-11,ІМ-Розетка,DJ05092,0.0,0.24786645
2024-12,ІМ-Розетка,DJ05092,0.0,1.9527874
2025-01,ІМ-Розетка,DJ05092,2.0,0.0
2025-02,ІМ-Розетка,DJ05092,2.0,0.0
2025-03,ІМ-Розетка,DJ05092,1.0,0.0
2025-04,ІМ-Розетка,DJ05092,1.0,0.0
2025-05,ІМ-Розетка,DJ05092,3.0,0.0
2025-06,ІМ-Розетка,DJ05092,1.0,0.14384311
2024-07,БІ,DJ05092,13.0,5.81166
2024-08,БІ,DJ05092,13.0,5.2263775
2024-09,БІ,DJ05092,12.0,5.1146092
2024-10,БІ,DJ05092,6.0,4.9110518
2024-11,БІ,DJ05092,9.0,4.7417793
2024-12,БІ,DJ05092,22.0,9.971674
2025-01,БІ,DJ05092,10.0,4.3143167
2025-02,БІ,DJ05092,10.0,3.89883
2025-03,БІ,DJ05092,8.0,4.08766
2025-04,БІ,DJ05092,12.0,3.3426557
2025-05,БІ,DJ05092,6.0,3.3468778
2025-06,БІ,DJ05092,9.0,3.5362186
2024-07,МайПлей,DJ05092,1.0,0.12133956
2024-08,МайПлей,DJ05092,0.0,0.0
2024-09,МайПлей,DJ05092,1.0,0.0
2024-10,МайПлей,DJ05092,1.0,0.0
2024-11,МайПлей,DJ05092,0.0,0.0
2024-12,МайПлей,DJ05092,1.0,0.22893327
2025-01,МайПлей,DJ05092,1.0,0.0
2025-02,МайПлей,DJ05092,0.0,0.0
2025-03,МайПлей,DJ05092,2.0,0.0
2025-04,МайПлей,DJ05092,1.0,0.0
2025-05,МайПлей,DJ05092,0.0,0.0
2025-06,МайПлей,DJ05092,1.0,0.0
2024-07,Акварель,DJ05095,2.0,2.6613188
2024-08,Акварель,DJ05095,2.0,2.064959
2024-09,Акварель,DJ05095,2.0,1.9556731
2024-10,Акварель,DJ05095,4.0,2.3514307
2024-11,Акварель,DJ05095,4.0,0.8673089
2024-12,Акварель,DJ05095,6.0,2.1779032
2025-01,Акварель,DJ05095,3.0,0.7516954
2025-02,Акварель,DJ05095,1.0,0.47437882
2025-03,Акварель,DJ05095,1.0,0.4574165
2025-04,Акварель,DJ05095,0.0,0.0
2025-05,Акварель,DJ05095,0.0,0.0
2025-06,Акварель,DJ05095,0.0,0.0
2024-07,ІМ-Розетка,DJ05096,4.0,0.5922047
2024-08,ІМ-Розетка,DJ05096,2.0,0.5234097
2024-09,ІМ-Розетка,DJ05096,2.0,0.6699399
2024-10,ІМ-Розетка,DJ05096,2.0,0.8415563
2024-11,ІМ-Розетка,DJ05096,3.0,0.9852634
2024-12,ІМ-Розетка,DJ05096,1.0,4.6938252
2025-01,ІМ-Розетка,DJ05096,0.0,0.9205057
2025-02,ІМ-Розетка,DJ05096,0.0,0.15832753
2025-03,ІМ-Розетка,DJ05096,0.0,0.25760868
2025-04,ІМ-Розетка,DJ05096,3.0,0.18380974
2025-05,ІМ-Розетка,DJ05096,8.0,0.55631727
2025-06,ІМ-Розетка,DJ05096,3.0,1.1676028
2024-07,Акварель,DJ05096,7.0,0.7343944
2024-08,Акварель,DJ05096,1.0,1.0116892
2024-09,Акварель,DJ05096,2.0,0.6246075
2024-10,Акварель,DJ05096,1.0,0.5552123
2024-11,Акварель,DJ05096,2.0,1.2520388
2024-12,Акварель,DJ05096,7.0,2.3596628
2025-01,Акварель,DJ05096,0.0,1.1917746
2025-02,Акварель,DJ05096,5.0,0.5919893
2025-03,Акварель,DJ05096,0.0,0.8515842
2025-04,Акварель,DJ05096,1.0,0.56394255
2025-05,Акварель,DJ05096,2.0,0.6370423
2025-06,Акварель,DJ05096,4.0,0.6279199
2024-07,Антошка,DJ05096,7.0,1.5194454
2024-08,Антошка,DJ05096,5.0,1.6978565
2024-09,Антошка,DJ05096,12.0,1.9321209
2024-10,Антошка,DJ05096,6.0,2.3860679
2024-11,Антошка,DJ05096,2.0,2.0941613
2024-12,Антошка,DJ05096,10.0,3.97311
2025-01,Антошка,DJ05096,4.0,1.594936
2025-02,Антошка,DJ05096,6.0,1.6874808
2025-03,Антошка,DJ05096,6.0,1.468138
2025-04,Антошка,DJ05096,2.0,1.2118316
2025-05,Антошка,DJ05096,7.0,1.6336604
2025-06,Антошка,DJ05096,4.0,1.8131467
2024-07,БІ,DJ05096,1.0,1.2092288
2024-08,БІ,DJ05096,6.0,1.0689662
2024-09,БІ,DJ05096,0.0,1.0125158
2024-10,БІ,DJ05096,0.0,0.7424284
2024-11,БІ,DJ05096,3.0,0.8699789
2024-12,БІ,DJ05096,1.0,2.8857527
2025-01,БІ,DJ05096,1.0,0.28104895
2025-02,БІ,DJ05096,0.0,0.22425726
2025-03,БІ,DJ05096,0.0,0.042434953
2025-04,БІ,DJ05096,0.0,0.04484007
2025-05,БІ,DJ05096,1.0,0.0
2025-06,БІ,DJ05096,0.0,0.41768846
2024-07,МайПлей,DJ05096,3.0,0.38497058
2024-08,МайПлей,DJ05096,3.0,0.11775235
2024-09,МайПлей,DJ05096,2.0,0.08017228
2024-10,МайПлей,DJ05096,2.0,0.25349632
2024-11,МайПлей,DJ05096,2.0,0.3360621
2024-12,МайПлей,DJ05096,8.0,1.4567332
2025-01,МайПлей,DJ05096,0.0,0.75856036
2025-02,МайПлей,DJ05096,2.0,0.2032774
2025-03,МайПлей,DJ05096,0.0,0.40833294
2025-04,МайПлей,DJ05096,4.0,0.35500342
2025-05,МайПлей,DJ05096,0.0,0.3029659
2025-06,МайПлей,DJ05096,0.0,0.15870373
2024-07,СмартТойс,DJ05096,31.0,0.86795187
2024-08,СмартТойс,DJ05096,2.0,1.5454029
2024-09,СмартТойс,DJ05096,0.0,1.0687876
2024-10,СмартТойс,DJ05096,0.0,0.7290291
2024-11,СмартТойс,DJ05096,1.0,1.1768172
2024-12,СмартТойс,DJ05096,0.0,1.075203
2025-01,СмартТойс,DJ05096,1.0,0.8832462
2025-02,СмартТойс,DJ05096,1.0,1.0637362
2025-03,СмартТойс,DJ05096,2.0,0.9438032
2025-04,СмартТойс,DJ05096,0.0,0.433592
2025-05,СмартТойс,DJ05096,5.0,0.43211022
2025-06,СмартТойс,DJ05096,2.0,0.2496601
2024-07,ІМ-Розетка,DJ05098,0.0,1.150327
2024-08,ІМ-Розетка,DJ05098,1.0,0.7334909
2024-09,ІМ-Розетка,DJ05098,1.0,0.3343815
2024-10,ІМ-Розетка,DJ05098,1.0,0.66854
2024-11,ІМ-Розетка,DJ05098,0.0,1.3694539
2024-12,ІМ-Розетка,DJ05098,7.0,7.7879863
2025-01,ІМ-Розетка,DJ05098,2.0,1.3624277
2025-02,ІМ-Розетка,DJ05098,2.0,1.1423173
2025-03,ІМ-Розетка,DJ05098,0.0,1.1532482
2025-04,ІМ-Розетка,DJ05098,2.0,0.25033915
2025-05,ІМ-Розетка,DJ05098,2.0,0.27626342
2025-06,ІМ-Розетка,DJ05098,7.0,0.26262128
2024-07,Акварель,DJ05098,2.0,0.5059525
2024-08,Акварель,DJ05098,0.0,0.5061574
2024-09,Акварель,DJ05098,2.0,0.20666365
2024-10,Акварель,DJ05098,0.0,0.58901083
2024-11,Акварель,DJ05098,0.0,0.31919682
2024-12,Акварель,DJ05098,5.0,1.9597476
2025-01,Акварель,DJ05098,1.0,0.5341144
2025-02,Акварель,DJ05098,2.0,0.84208035
2025-03,Акварель,DJ05098,3.0,0.6988793
2025-04,Акварель,DJ05098,1.0,0.48515934
2025-05,Акварель,DJ05098,1.0,0.5344442
2025-06,Акварель,DJ05098,2.0,0.59220624
2024-07,Антошка,DJ05098,5.0,0.24747528
2024-08,Антошка,DJ05098,2.0,0.34745815
2024-09,Антошка,DJ05098,1.0,0.23518904
2024-10,Антошка,DJ05098,3.0,0.26918182
2024-11,Антошка,DJ05098,1.0,0.2580738
2024-12,Антошка,DJ05098,3.0,1.5141706
2025-01,Антошка,DJ05098,0.0,0.074776955
2025-02,Антошка,DJ05098,5.0,0.42362723
2025-03,Антошка,DJ05098,6.0,1.6187421
2025-04,Антошка,DJ05098,2.0,0.5146752
2025-05,Антошка,DJ05098,2.0,0.2859343
2025-06,Антошка,DJ05098,0.0,0.29250076
2024-07,БІ,DJ05098,7.0,1.5893719
2024-08,БІ,DJ05098,3.0,1.8267754
2024-09,БІ,DJ05098,1.0,1.5748712
2024-10,БІ,DJ05098,2.0,1.515467
2024-11,БІ,DJ05098,4.0,1.6716086
2024-12,БІ,DJ05098,8.0,5.2971983
2025-01,БІ,DJ05098,8.0,1.9040812
2025-02,БІ,DJ05098,9.0,2.9294596
2025-03,БІ,DJ05098,9.0,3.1246562
2025-04,БІ,DJ05098,3.0,1.7840832
2025-05,БІ,DJ05098,2.0,1.3438427
2025-06,БІ,DJ05098,2.0,1.1613586
2024-07,МайПлей,DJ05098,2.0,0.15511996
2024-08,МайПлей,DJ05098,0.0,0.10730348
2024-09,МайПлей,DJ05098,1.0,0.0
2024-10,МайПлей,DJ05098,0.0,0.0
2024-11,МайПлей,DJ05098,0.0,0.0
2024-12,МайПлей,DJ05098,2.0,0.60805863
2025-01,МайПлей,DJ05098,3.0,0.24313025
2025-02,МайПлей,DJ05098,3.0,0.28914422
2025-03,МайПлей,DJ05098,3.0,0.29774356
2025-04,МайПлей,DJ05098,0.0,0.010800213
2025-05,МайПлей,DJ05098,0.0,0.037736133
2025-06,МайПлей,DJ05098,2.0,0.0
2024-07,Озерова ФОП,DJ05098,7.0,0.27445087
2024-08,Озерова ФОП,DJ05098,0.0,0.0
2024-09,Озерова ФОП,DJ05098,0.0,0.0
2024-10,Озерова ФОП,DJ05098,0.0,0.0
2024-11,Озерова ФОП,DJ05098,0.0,0.0
2024-12,Озерова ФОП,DJ05098,0.0,0.096072175
2025-01,Озерова ФОП,DJ05098,0.0,0.0
2025-02,Озерова ФОП,DJ05098,2.0,0.011142421
2025-03,Озерова ФОП,DJ05098,0.0,0.0
2025-04,Озерова ФОП,DJ05098,0.0,0.0
2025-05,Озерова ФОП,DJ05098,1.0,0.0
2025-06,Озерова ФОП,DJ05098,3.0,0.12224142
2024-07,СмартТойс,DJ05098,4.0,0.0
2024-08,СмартТойс,DJ05098,0.0,0.0
2024-09,СмартТойс,DJ05098,0.0,0.0
2024-10,СмартТойс,DJ05098,0.0,0.0
2024-11,СмартТойс,DJ05098,0.0,0.0
2024-12,СмартТойс,DJ05098,0.0,0.0
2025-01,СмартТойс,DJ05098,0.0,0.0
2025-02,СмартТойс,DJ05098,0.0,0.0
2025-03,СмартТойс,DJ05098,0.0,0.0
2025-04,СмартТойс,DJ05098,0.0,0.0
2025-05,СмартТойс,DJ05098,1.0,0.0
2025-06,СмартТойс,DJ05098,1.0,0.0
2024-07,Супрун ФОП,DJ05098,0.0,0.0
2024-08,Супрун ФОП,DJ05098,0.0,0.0
2024-09,Супрун ФОП,DJ05098,0.0,0.0
2024-10,Супрун ФОП,DJ05098,0.0,0.0
2024-11,Супрун ФОП,DJ05098,1.0,0.38863412
2024-12,Супрун ФОП,DJ05098,1.0,0.0
2025-01,Супрун ФОП,DJ05098,0.0,0.0
2025-02,Супрун ФОП,DJ05098,0.0,0.0
2025-03,Супрун ФОП,DJ05098,0.0,0.0
2025-04,Супрун ФОП,DJ05098,0.0,0.0
2025-05,Супрун ФОП,DJ05098,0.0,0.0
2025-06,Супрун ФОП,DJ05098,2.0,0.0
2024-07,Акварель,DJ05099,3.0,2.9620836
2024-08,Акварель,DJ05099,7.0,2.6135938
2024-09,Акварель,DJ05099,2.0,2.234496
2024-10,Акварель,DJ05099,2.0,2.5389166
2024-11,Акварель,DJ05099,4.0,1.0921415
2024-12,Акварель,DJ05099,7.0,2.559598
2025-01,Акварель,DJ05099,2.0,0.9613047
2025-02,Акварель,DJ05099,0.0,0.0
2025-03,Акварель,DJ05099,1.0,0.558749
2025-04,Акварель,DJ05099,3.0,0.77315325
2025-05,Акварель,DJ05099,1.0,0.65316075
2025-06,Акварель,DJ05099,1.0,0.6197626
2024-07,Акварель,DJ05101,0.0,0.0
2024-08,Акварель,DJ05101,0.0,0.0
2024-09,Акварель,DJ05101,1.0,0.0
2024-10,Акварель,DJ05101,0.0,0.0
2024-11,Акварель,DJ05101,0.0,0.0
2024-12,Акварель,DJ05101,1.0,0.3691943
2025-01,Акварель,DJ05101,0.0,0.0
2025-02,Акварель,DJ05101,0.0,0.0
2025-03,Акварель,DJ05101,0.0,0.0
2025-04,Акварель,DJ05101,0.0,0.0
2025-05,Акварель,DJ05101,0.0,0.0
2025-06,Акварель,DJ05101,0.0,0.0
2024-07,ІМ-Розетка,DJ05104,6.0,0.7302035
2024-08,ІМ-Розетка,DJ05104,4.0,0.87413424
2024-09,ІМ-Розетка,DJ05104,0.0,0.42688274
2024-10,ІМ-Розетка,DJ05104,1.0,0.2145764
2024-11,ІМ-Розетка,DJ05104,3.0,0.91107
2024-12,ІМ-Розетка,DJ05104,4.0,3.7287464
2025-01,ІМ-Розетка,DJ05104,5.0,1.1220305
2025-02,ІМ-Розетка,DJ05104,4.0,0.82239807
2025-03,ІМ-Розетка,DJ05104,1.0,0.6806848
2025-04,ІМ-Розетка,DJ05104,3.0,0.31742725
2025-05,ІМ-Розетка,DJ05104,2.0,0.35569033
2025-06,ІМ-Розетка,DJ05104,3.0,0.64280194
2024-07,Акварель,DJ05104,3.0,0.5707245
2024-08,Акварель,DJ05104,2.0,0.6499656
2024-09,Акварель,DJ05104,0.0,0.46844125
2024-10,Акварель,DJ05104,0.0,0.17601044
2024-11,Акварель,DJ05104,0.0,0.50131106
2024-12,Акварель,DJ05104,2.0,0.9246882
2025-01,Акварель,DJ05104,1.0,0.30022356
2025-02,Акварель,DJ05104,0.0,0.4531587
2025-03,Акварель,DJ05104,2.0,0.21867415
2025-04,Акварель,DJ05104,5.0,0.19528401
2025-05,Акварель,DJ05104,0.0,0.7816992
2025-06,Акварель,DJ05104,3.0,0.5422349
2024-07,БІ,DJ05104,8.0,2.9060352
2024-08,БІ,DJ05104,7.0,3.0324125
2024-09,БІ,DJ05104,8.0,2.665693
2024-10,БІ,DJ05104,5.0,3.1019063
2024-11,БІ,DJ05104,4.0,3.1363947
2024-12,БІ,DJ05104,11.0,5.228927
2025-01,БІ,DJ05104,8.0,2.4050887
2025-02,БІ,DJ05104,8.0,3.52079
2025-03,БІ,DJ05104,9.0,3.139544
2025-04,БІ,DJ05104,8.0,1.8295872
2025-05,БІ,DJ05104,4.0,1.9530183
2025-06,БІ,DJ05104,7.0,2.1712615
2024-07,Віват Канцелярія,DJ05104,1.0,0.0
2024-08,Віват Канцелярія,DJ05104,1.0,0.0
2024-09,Віват Канцелярія,DJ05104,1.0,0.0
2024-10,Віват Канцелярія,DJ05104,1.0,0.0
2024-11,Віват Канцелярія,DJ05104,0.0,0.0
2024-12,Віват Канцелярія,DJ05104,1.0,0.12432734
2025-01,Віват Канцелярія,DJ05104,1.0,0.0
2025-02,Віват Канцелярія,DJ05104,2.0,0.13184485
2025-03,Віват Канцелярія,DJ05104,1.0,0.021101078
2025-04,Віват Канцелярія,DJ05104,0.0,0.0
2025-05,Віват Канцелярія,DJ05104,0.0,0.0
2025-06,Віват Канцелярія,DJ05104,0.0,0.0
2024-07,МайПлей,DJ05104,2.0,0.0
2024-08,МайПлей,DJ05104,2.0,0.0
2024-09,МайПлей,DJ05104,0.0,0.0
2024-10,МайПлей,DJ05104,1.0,0.0
2024-11,МайПлей,DJ05104,2.0,0.0
2024-12,МайПлей,DJ05104,0.0,0.48010957
2025-01,МайПлей,DJ05104,1.0,0.0
2025-02,МайПлей,DJ05104,0.0,0.0
2025-03,МайПлей,DJ05104,5.0,0.0
2025-04,МайПлей,DJ05104,1.0,0.124830134
2025-05,МайПлей,DJ05104,2.0,0.042666554
2025-06,МайПлей,DJ05104,0.0,0.003535067
2024-07,СмартТойс,DJ05104,18.0,0.5872787
2024-08,СмартТойс,DJ05104,1.0,0.99646014
2024-09,СмартТойс,DJ05104,2.0,1.1890264
2024-10,СмартТойс,DJ05104,0.0,0.5346107
2024-11,СмартТойс,DJ05104,0.0,0.24452604
2024-12,СмартТойс,DJ05104,0.0,0.25561792
2025-01,СмартТойс,DJ05104,0.0,0.0
2025-02,СмартТойс,DJ05104,5.0,0.6157956
2025-03,СмартТойс,DJ05104,1.0,0.18616648
2025-04,СмартТойс,DJ05104,3.0,0.455867
2025-05,СмартТойс,DJ05104,3.0,0.20248428
2025-06,СмартТойс,DJ05104,4.0,0.31493685
2024-07,ІМ-Розетка,DJ05108,2.0,0.5601602
2024-08,ІМ-Розетка,DJ05108,1.0,0.5570438
2024-09,ІМ-Розетка,DJ05108,0.0,0.009126273
2024-10,ІМ-Розетка,DJ05108,0.0,0.0
2024-11,ІМ-Розетка,DJ05108,1.0,0.6076331
2024-12,ІМ-Розетка,DJ05108,2.0,4.0367026
2025-01,ІМ-Розетка,DJ05108,1.0,0.42914686
2025-02,ІМ-Розетка,DJ05108,0.0,0.0
2025-03,ІМ-Розетка,DJ05108,2.0,0.0
2025-04,ІМ-Розетка,DJ05108,1.0,0.008241995
2025-05,ІМ-Розетка,DJ05108,0.0,0.114063926
2025-06,ІМ-Розетка,DJ05108,4.0,0.0
2024-07,Акварель,DJ05108,1.0,0.5176237
2024-08,Акварель,DJ05108,1.0,0.5016245
2024-09,Акварель,DJ05108,2.0,0.6479307
2024-10,Акварель,DJ05108,0.0,0.65626615
2024-11,Акварель,DJ05108,2.0,0.3175562
2024-12,Акварель,DJ05108,3.0,2.0584245
2025-01,Акварель,DJ05108,6.0,0.7052799
2025-02,Акварель,DJ05108,1.0,0.9131664
2025-03,Акварель,DJ05108,2.0,0.58906347
2025-04,Акварель,DJ05108,1.0,0.40405658
2025-05,Акварель,DJ05108,2.0,0.5353783
2025-06,Акварель,DJ05108,2.0,0.5380697
2024-07,БІ,DJ05108,7.0,4.570352
2024-08,БІ,DJ05108,11.0,4.7548485
2024-09,БІ,DJ05108,6.0,3.9183588
2024-10,БІ,DJ05108,12.0,4.4648275
2024-11,БІ,DJ05108,8.0,4.875516
2024-12,БІ,DJ05108,22.0,9.060522
2025-01,БІ,DJ05108,7.0,4.148029
2025-02,БІ,DJ05108,9.0,3.410664
2025-03,БІ,DJ05108,10.0,3.3125474
2025-04,БІ,DJ05108,2.0,3.0395823
2025-05,БІ,DJ05108,5.0,2.7729456
2025-06,БІ,DJ05108,7.0,2.94226
2024-07,Віват Канцелярія,DJ05108,0.0,0.0
2024-08,Віват Канцелярія,DJ05108,0.0,0.0
2024-09,Віват Канцелярія,DJ05108,1.0,0.0
2024-10,Віват Канцелярія,DJ05108,2.0,0.0
2024-11,Віват Канцелярія,DJ05108,1.0,0.0
2024-12,Віват Канцелярія,DJ05108,1.0,0.4848438
2025-01,Віват Канцелярія,DJ05108,0.0,0.0
2025-02,Віват Канцелярія,DJ05108,0.0,0.0
2025-03,Віват Канцелярія,DJ05108,1.0,0.0
2025-04,Віват Канцелярія,DJ05108,0.0,0.0
2025-05,Віват Канцелярія,DJ05108,0.0,0.0
2025-06,Віват Канцелярія,DJ05108,0.0,0.0
2024-07,МайПлей,DJ05108,3.0,0.0
2024-08,МайПлей,DJ05108,1.0,0.07801136
2024-09,МайПлей,DJ05108,1.0,0.0
2024-10,МайПлей,DJ05108,1.0,0.0
2024-11,МайПлей,DJ05108,2.0,0.0
2024-12,МайПлей,DJ05108,1.0,0.5753739
2025-01,МайПлей,DJ05108,0.0,0.18345268
2025-02,МайПлей,DJ05108,0.0,0.0
2025-03,МайПлей,DJ05108,1.0,0.0
2025-04,МайПлей,DJ05108,2.0,0.0
2025-05,МайПлей,DJ05108,0.0,0.0
2025-06,МайПлей,DJ05108,0.0,0.0
2024-07,СмартТойс,DJ05108,10.0,0.012051683
2024-08,СмартТойс,DJ05108,2.0,0.8418496
2024-09,СмартТойс,DJ05108,2.0,0.51501
2024-10,СмартТойс,DJ05108,0.0,0.0
2024-11,СмартТойс,DJ05108,0.0,0.0
2024-12,СмартТойс,DJ05108,0.0,0.0
2025-01,СмартТойс,DJ05108,0.0,0.0
2025-02,СмартТойс,DJ05108,0.0,0.0
2025-03,СмартТойс,DJ05108,0.0,0.0
2025-04,СмартТойс,DJ05108,0.0,0.0
2025-05,СмартТойс,DJ05108,1.0,0.0
2025-06,СмартТойс,DJ05108,2.0,0.11422218
2024-07,ІМ-Розетка,DJ05117,5.0,2.3562386
2024-08,ІМ-Розетка,DJ05117,6.0,2.2560236
2024-09,ІМ-Розетка,DJ05117,3.0,1.1597174
2024-10,ІМ-Розетка,DJ05117,0.0,0.27371225
2024-11,ІМ-Розетка,DJ05117,4.0,1.3582678
2024-12,ІМ-Розетка,DJ05117,6.0,6.0981
2025-01,ІМ-Розетка,DJ05117,2.0,1.6905032
2025-02,ІМ-Розетка,DJ05117,2.0,0.900311
2025-03,ІМ-Розетка,DJ05117,2.0,0.9810853
2025-04,ІМ-Розетка,DJ05117,4.0,0.8409933
2025-05,ІМ-Розетка,DJ05117,2.0,0.72045416
2025-06,ІМ-Розетка,DJ05117,6.0,0.5753305
2024-07,Акварель,DJ05117,5.0,1.4520694
2024-08,Акварель,DJ05117,5.0,1.7538502
2024-09,Акварель,DJ05117,2.0,1.6166704
2024-10,Акварель,DJ05117,1.0,1.4109551
2024-11,Акварель,DJ05117,2.0,0.999745
2024-12,Акварель,DJ05117,5.0,2.8341532
2025-01,Акварель,DJ05117,4.0,1.2161558
2025-02,Акварель,DJ05117,5.0,1.1546938
2025-03,Акварель,DJ05117,1.0,1.1623781
2025-04,Акварель,DJ05117,4.0,0.6551806
2025-05,Акварель,DJ05117,1.0,1.1934898
2025-06,Акварель,DJ05117,2.0,0.56709313
2024-07,Антошка,DJ05117,2.0,1.3644954
2024-08,Антошка,DJ05117,3.0,1.3604127
2024-09,Антошка,DJ05117,2.0,0.9333735
2024-10,Антошка,DJ05117,5.0,1.2556393
2024-11,Антошка,DJ05117,3.0,1.3342013
2024-12,Антошка,DJ05117,2.0,3.6310947
2025-01,Антошка,DJ05117,0.0,0.83976316
2025-02,Антошка,DJ05117,1.0,0.33509025
2025-03,Антошка,DJ05117,2.0,0.48106816
2025-04,Антошка,DJ05117,0.0,0.40347984
2025-05,Антошка,DJ05117,1.0,0.22951803
2025-06,Антошка,DJ05117,4.0,0.28682694
2024-07,БІ,DJ05117,19.0,5.820406
2024-08,БІ,DJ05117,18.0,8.012906
2024-09,БІ,DJ05117,12.0,7.3763876
2024-10,БІ,DJ05117,17.0,8.320032
2024-11,БІ,DJ05117,23.0,9.755102
2024-12,БІ,DJ05117,40.0,27.632105
2025-01,БІ,DJ05117,17.0,8.867938
2025-02,БІ,DJ05117,18.0,7.205583
2025-03,БІ,DJ05117,14.0,7.2609305
2025-04,БІ,DJ05117,9.0,5.8080087
2025-05,БІ,DJ05117,13.0,5.041475
2025-06,БІ,DJ05117,4.0,4.2770085
2024-07,Країна Казок,DJ05117,0.0,0.0
2024-08,Країна Казок,DJ05117,0.0,0.0
2024-09,Країна Казок,DJ05117,0.0,0.0
2024-10,Країна Казок,DJ05117,0.0,0.0
2024-11,Країна Казок,DJ05117,0.0,0.0
2024-12,Країна Казок,DJ05117,0.0,0.0
2025-01,Країна Казок,DJ05117,0.0,0.0
2025-02,Країна Казок,DJ05117,0.0,0.0
2025-03,Країна Казок,DJ05117,1.0,0.0
2025-04,Країна Казок,DJ05117,1.0,0.0
2025-05,Країна Казок,DJ05117,0.0,0.0
2025-06,Країна Казок,DJ05117,2.0,0.0
2024-07,МайПлей,DJ05117,1.0,0.17721187
2024-08,МайПлей,DJ05117,1.0,0.0
2024-09,МайПлей,DJ05117,0.0,0.0
2024-10,МайПлей,DJ05117,2.0,0.03402407
2024-11,МайПлей,DJ05117,0.0,0.0
2024-12,МайПлей,DJ05117,3.0,0.6759777
2025-01,МайПлей,DJ05117,0.0,0.13681895
2025-02,МайПлей,DJ05117,0.0,0.0
2025-03,МайПлей,DJ05117,1.0,0.0
2025-04,МайПлей,DJ05117,0.0,0.0
2025-05,МайПлей,DJ05117,0.0,0.0
2025-06,МайПлей,DJ05117,0.0,0.0
2024-07,Мегамаркет,DJ05117,2.0,0.17607462
2024-08,Мегамаркет,DJ05117,0.0,0.12995446
2024-09,Мегамаркет,DJ05117,0.0,0.067300335
2024-10,Мегамаркет,DJ05117,2.0,0.22341703
2024-11,Мегамаркет,DJ05117,2.0,0.22890328
2024-12,Мегамаркет,DJ05117,2.0,0.7154662
2025-01,Мегамаркет,DJ05117,1.0,0.11269357
2025-02,Мегамаркет,DJ05117,1.0,0.000866192
2025-03,Мегамаркет,DJ05117,0.0,0.033464566
2025-04,Мегамаркет,DJ05117,1.0,0.0
2025-05,Мегамаркет,DJ05117,0.0,0.0
2025-06,Мегамаркет,DJ05117,1.0,0.0
2024-07,Монако,DJ05117,0.0,0.0
2024-08,Монако,DJ05117,0.0,0.0
2024-09,Монако,DJ05117,0.0,0.0
2024-10,Монако,DJ05117,0.0,0.0
2024-11,Монако,DJ05117,2.0,0.0050086225
2024-12,Монако,DJ05117,0.0,0.0
2025-01,Монако,DJ05117,0.0,0.0
2025-02,Монако,DJ05117,0.0,0.0
2025-03,Монако,DJ05117,0.0,0.0
2025-04,Монако,DJ05117,0.0,0.0
2025-05,Монако,DJ05117,0.0,0.0
2025-06,Монако,DJ05117,0.0,0.0
2024-07,СмартТойс,DJ05117,18.0,0.63200676
2024-08,СмартТойс,DJ05117,3.0,1.2021655
2024-09,СмартТойс,DJ05117,2.0,1.1512613
2024-10,СмартТойс,DJ05117,0.0,0.45837542
2024-11,СмартТойс,DJ05117,0.0,0.2649799
2024-12,СмартТойс,DJ05117,5.0,1.0613878
2025-01,СмартТойс,DJ05117,1.0,0.32636032
2025-02,СмартТойс,DJ05117,0.0,0.31076875
2025-03,СмартТойс,DJ05117,0.0,0.0
2025-04,СмартТойс,DJ05117,0.0,0.054177687
2025-05,СмартТойс,DJ05117,1.0,0.1931712
2025-06,СмартТойс,DJ05117,3.0,0.42293617
2024-07,ІМ-МауДау,DJ05120,0.0,0.0
2024-08,ІМ-МауДау,DJ05120,0.0,0.0
2024-09,ІМ-МауДау,DJ05120,0.0,0.0
2024-10,ІМ-МауДау,DJ05120,0.0,0.0
2024-11,ІМ-МауДау,DJ05120,0.0,0.0
2024-12,ІМ-МауДау,DJ05120,0.0,0.0
2025-01,ІМ-МауДау,DJ05120,0.0,0.0
2025-02,ІМ-МауДау,DJ05120,0.0,0.0
2025-03,ІМ-МауДау,DJ05120,0.0,0.0
2025-04,ІМ-МауДау,DJ05120,1.0,0.0
2025-05,ІМ-МауДау,DJ05120,0.0,0.0
2025-06,ІМ-МауДау,DJ05120,0.0,0.0
2024-07,ІМ-Розетка,DJ05120,2.0,0.43751585
2024-08,ІМ-Розетка,DJ05120,0.0,0.0
2024-09,ІМ-Розетка,DJ05120,0.0,0.0
2024-10,ІМ-Розетка,DJ05120,0.0,0.0
2024-11,ІМ-Розетка,DJ05120,0.0,0.1931801
2024-12,ІМ-Розетка,DJ05120,3.0,1.7632506
2025-01,ІМ-Розетка,DJ05120,1.0,0.39679295
2025-02,ІМ-Розетка,DJ05120,1.0,0.18778245
2025-03,ІМ-Розетка,DJ05120,1.0,0.12307686
2025-04,ІМ-Розетка,DJ05120,1.0,0.0
2025-05,ІМ-Розетка,DJ05120,1.0,0.0
2025-06,ІМ-Розетка,DJ05120,0.0,0.0
2024-07,Акварель,DJ05120,2.0,0.6378231
2024-08,Акварель,DJ05120,0.0,0.0
2024-09,Акварель,DJ05120,1.0,0.047328644
2024-10,Акварель,DJ05120,0.0,0.070883885
2024-11,Акварель,DJ05120,1.0,0.49849874
2024-12,Акварель,DJ05120,2.0,1.0083382
2025-01,Акварель,DJ05120,6.0,0.2957126
2025-02,Акварель,DJ05120,1.0,1.7946866
2025-03,Акварель,DJ05120,4.0,1.089886
2025-04,Акварель,DJ05120,1.0,0.5955956
2025-05,Акварель,DJ05120,1.0,0.67096406
2025-06,Акварель,DJ05120,0.0,0.6368594
2024-07,БІ,DJ05120,5.0,3.691607
2024-08,БІ,DJ05120,9.0,2.9641292
2024-09,БІ,DJ05120,3.0,2.6669054
2024-10,БІ,DJ05120,5.0,3.2031436
2024-11,БІ,DJ05120,6.0,2.8350253
2024-12,БІ,DJ05120,15.0,6.381117
2025-01,БІ,DJ05120,8.0,2.9788892
2025-02,БІ,DJ05120,10.0,5.0026083
2025-03,БІ,DJ05120,12.0,5.13252
2025-04,БІ,DJ05120,1.0,2.5614085
2025-05,БІ,DJ05120,3.0,1.964157
2025-06,БІ,DJ05120,5.0,2.1983883
2024-07,Віват Канцелярія,DJ05120,0.0,0.0
2024-08,Віват Канцелярія,DJ05120,0.0,0.0
2024-09,Віват Канцелярія,DJ05120,0.0,0.0
2024-10,Віват Канцелярія,DJ05120,2.0,0.0
2024-11,Віват Канцелярія,DJ05120,1.0,0.29329214
2024-12,Віват Канцелярія,DJ05120,1.0,0.44825834
2025-01,Віват Канцелярія,DJ05120,0.0,0.0
2025-02,Віват Канцелярія,DJ05120,1.0,0.0
2025-03,Віват Канцелярія,DJ05120,2.0,0.0
2025-04,Віват Канцелярія,DJ05120,1.0,0.0
2025-05,Віват Канцелярія,DJ05120,0.0,0.0
2025-06,Віват Канцелярія,DJ05120,0.0,0.0
2024-07,МайПлей,DJ05120,0.0,0.0
2024-08,МайПлей,DJ05120,1.0,0.0
2024-09,МайПлей,DJ05120,1.0,0.0
2024-10,МайПлей,DJ05120,1.0,0.0
2024-11,МайПлей,DJ05120,1.0,0.0
2024-12,МайПлей,DJ05120,2.0,0.6579876
2025-01,МайПлей,DJ05120,0.0,0.0
2025-02,МайПлей,DJ05120,1.0,0.0
2025-03,МайПлей,DJ05120,2.0,0.0
2025-04,МайПлей,DJ05120,2.0,0.0
2025-05,МайПлей,DJ05120,0.0,0.0
2025-06,МайПлей,DJ05120,0.0,0.0
2024-07,СмартТойс,DJ05120,14.0,0.37240884
2024-08,СмартТойс,DJ05120,0.0,0.0
2024-09,СмартТойс,DJ05120,0.0,0.0
2024-10,СмартТойс,DJ05120,0.0,0.119372
2024-11,СмартТойс,DJ05120,0.0,0.11536673
2024-12,СмартТойс,DJ05120,0.0,0.08606895
2025-01,СмартТойс,DJ05120,0.0,0.0
2025-02,СмартТойс,DJ05120,20.0,0.5112705
2025-03,СмартТойс,DJ05120,4.0,2.515581
2025-04,СмартТойс,DJ05120,2.0,0.5789777
2025-05,СмартТойс,DJ05120,1.0,0.6672399
2025-06,СмартТойс,DJ05120,2.0,0.9305428
2024-07,ІМ-Розетка,DJ05123,3.0,0.64804876
2024-08,ІМ-Розетка,DJ05123,3.0,0.9348152
2024-09,ІМ-Розетка,DJ05123,3.0,0.65820324
2024-10,ІМ-Розетка,DJ05123,1.0,0.6068585
2024-11,ІМ-Розетка,DJ05123,1.0,0.7467442
2024-12,ІМ-Розетка,DJ05123,4.0,3.2360668
2025-01,ІМ-Розетка,DJ05123,3.0,1.380667
2025-02,ІМ-Розетка,DJ05123,1.0,0.7157185
2025-03,ІМ-Розетка,DJ05123,3.0,0.4266887
2025-04,ІМ-Розетка,DJ05123,6.0,0.54818654
2025-05,ІМ-Розетка,DJ05123,9.0,1.0038435
2025-06,ІМ-Розетка,DJ05123,2.0,1.1190152
2024-07,Акварель,DJ05123,1.0,0.27418494
2024-08,Акварель,DJ05123,1.0,0.3593878
2024-09,Акварель,DJ05123,1.0,0.32478768
2024-10,Акварель,DJ05123,0.0,0.2865279
2024-11,Акварель,DJ05123,1.0,0.42331883
2024-12,Акварель,DJ05123,2.0,1.7594341
2025-01,Акварель,DJ05123,0.0,0.18315639
2025-02,Акварель,DJ05123,1.0,0.0
2025-03,Акварель,DJ05123,1.0,0.02333583
2025-04,Акварель,DJ05123,0.0,0.1590174
2025-05,Акварель,DJ05123,1.0,0.02690424
2025-06,Акварель,DJ05123,1.0,0.12086338
2024-07,БІ,DJ05123,16.0,4.2788234
2024-08,БІ,DJ05123,11.0,5.3912077
2024-09,БІ,DJ05123,3.0,4.2463965
2024-10,БІ,DJ05123,6.0,3.5265937
2024-11,БІ,DJ05123,11.0,4.5560775
2024-12,БІ,DJ05123,17.0,10.390197
2025-01,БІ,DJ05123,7.0,3.9011374
2025-02,БІ,DJ05123,7.0,2.8885748
2025-03,БІ,DJ05123,9.0,2.7689908
2025-04,БІ,DJ05123,7.0,3.285475
2025-05,БІ,DJ05123,11.0,3.6608438
2025-06,БІ,DJ05123,9.0,3.5576856
2024-07,Віват Канцелярія,DJ05123,0.0,0.0
2024-08,Віват Канцелярія,DJ05123,0.0,0.0
2024-09,Віват Канцелярія,DJ05123,0.0,0.0
2024-10,Віват Канцелярія,DJ05123,0.0,0.0
2024-11,Віват Канцелярія,DJ05123,1.0,0.0
2024-12,Віват Канцелярія,DJ05123,0.0,0.2455543
2025-01,Віват Канцелярія,DJ05123,1.0,0.0
2025-02,Віват Канцелярія,DJ05123,0.0,0.0
2025-03,Віват Канцелярія,DJ05123,0.0,0.0
2025-04,Віват Канцелярія,DJ05123,0.0,0.0
2025-05,Віват Канцелярія,DJ05123,0.0,0.0
2025-06,Віват Канцелярія,DJ05123,0.0,0.0
2024-07,МайПлей,DJ05123,0.0,0.13794872
2024-08,МайПлей,DJ05123,1.0,0.0
2024-09,МайПлей,DJ05123,1.0,0.0
2024-10,МайПлей,DJ05123,1.0,0.0
2024-11,МайПлей,DJ05123,1.0,0.0
2024-12,МайПлей,DJ05123,6.0,0.7684026
2025-01,МайПлей,DJ05123,1.0,0.24529389
2025-02,МайПлей,DJ05123,0.0,0.13303809
2025-03,МайПлей,DJ05123,0.0,0.05337667
2025-04,МайПлей,DJ05123,1.0,0.0
2025-05,МайПлей,DJ05123,1.0,0.0
2025-06,МайПлей,DJ05123,0.0,0.0
2024-07,Озерова ФОП,DJ05123,21.0,0.29665497
2024-08,Озерова ФОП,DJ05123,2.0,2.234581
2024-09,Озерова ФОП,DJ05123,3.0,1.3982881
2024-10,Озерова ФОП,DJ05123,0.0,0.6180849
2024-11,Озерова ФОП,DJ05123,0.0,0.43653804
2024-12,Озерова ФОП,DJ05123,6.0,1.209369
2025-01,Озерова ФОП,DJ05123,0.0,0.33261198
2025-02,Озерова ФОП,DJ05123,3.0,0.73042876
2025-03,Озерова ФОП,DJ05123,4.0,0.433248
2025-04,Озерова ФОП,DJ05123,0.0,0.17892218
2025-05,Озерова ФОП,DJ05123,1.0,0.71227276
2025-06,Озерова ФОП,DJ05123,10.0,0.56550735
2024-07,СмартТойс,DJ05123,24.0,0.46217623
2024-08,СмартТойс,DJ05123,1.0,1.5301841
2024-09,СмартТойс,DJ05123,1.0,1.5468831
2024-10,СмартТойс,DJ05123,0.0,0.7501997
2024-11,СмартТойс,DJ05123,0.0,0.3117422
2024-12,СмартТойс,DJ05123,0.0,0.23364054
2025-01,СмартТойс,DJ05123,0.0,0.0
2025-02,СмартТойс,DJ05123,0.0,0.038639963
2025-03,СмартТойс,DJ05123,0.0,0.0036000884
2025-04,СмартТойс,DJ05123,3.0,0.5349325
2025-05,СмартТойс,DJ05123,2.0,0.12859544
2025-06,СмартТойс,DJ05123,2.0,0.38289845
2024-07,Смік,DJ05123,3.0,0.0
2024-08,Смік,DJ05123,1.0,0.037185162
2024-09,Смік,DJ05123,0.0,0.0
2024-10,Смік,DJ05123,1.0,0.0
2024-11,Смік,DJ05123,1.0,0.0
2024-12,Смік,DJ05123,0.0,0.028231174
2025-01,Смік,DJ05123,1.0,0.0
2025-02,Смік,DJ05123,0.0,0.0
2025-03,Смік,DJ05123,1.0,0.0
2025-04,Смік,DJ05123,0.0,0.0
2025-05,Смік,DJ05123,0.0,0.0
2025-06,Смік,DJ05123,1.0,0.0
2024-07,Сільпо,DJ05127,3.0,0.57241774
2024-08,Сільпо,DJ05127,0.0,0.0
2024-09,Сільпо,DJ05127,0.0,0.0
2024-10,Сільпо,DJ05127,0.0,0.0
2024-11,Сільпо,DJ05127,0.0,0.0
2024-12,Сільпо,DJ05127,0.0,0.0
2025-01,Сільпо,DJ05127,0.0,0.0
2025-02,Сільпо,DJ05127,0.0,0.0
2025-03,Сільпо,DJ05127,0.0,0.0
2025-04,Сільпо,DJ05127,1.0,0.0
2025-05,Сільпо,DJ05127,1.0,0.13328831
2025-06,Сільпо,DJ05127,0.0,0.0
2024-07,Сільпо,DJ05133,1.0,0.16194221
2024-08,Сільпо,DJ05133,1.0,0.12882495
2024-09,Сільпо,DJ05133,0.0,0.0
2024-10,Сільпо,DJ05133,0.0,0.0
2024-11,Сільпо,DJ05133,0.0,0.0
2024-12,Сільпо,DJ05133,1.0,0.034765437
2025-01,Сільпо,DJ05133,0.0,0.0
2025-02,Сільпо,DJ05133,0.0,0.0
2025-03,Сільпо,DJ05133,0.0,0.0
2025-04,Сільпо,DJ05133,1.0,0.0
2025-05,Сільпо,DJ05133,0.0,0.0
2025-06,Сільпо,DJ05133,0.0,0.0
2024-07,ІМ-МауДау,DJ05136,1.0,0.0
2024-08,ІМ-МауДау,DJ05136,0.0,0.0
2024-09,ІМ-МауДау,DJ05136,0.0,0.0
2024-10,ІМ-МауДау,DJ05136,0.0,0.0
2024-11,ІМ-МауДау,DJ05136,0.0,0.0
2024-12,ІМ-МауДау,DJ05136,0.0,0.0
2025-01,ІМ-МауДау,DJ05136,0.0,0.0
2025-02,ІМ-МауДау,DJ05136,0.0,0.0
2025-03,ІМ-МауДау,DJ05136,0.0,0.0
2025-04,ІМ-МауДау,DJ05136,0.0,0.0
2025-05,ІМ-МауДау,DJ05136,0.0,0.0
2025-06,ІМ-МауДау,DJ05136,0.0,0.0
2024-07,ІМ-Розетка,DJ05136,2.0,0.8580081
2024-08,ІМ-Розетка,DJ05136,0.0,0.18316562
2024-09,ІМ-Розетка,DJ05136,1.0,0.4998619
2024-10,ІМ-Розетка,DJ05136,1.0,0.7205155
2024-11,ІМ-Розетка,DJ05136,0.0,0.60452247
2024-12,ІМ-Розетка,DJ05136,1.0,3.6772766
2025-01,ІМ-Розетка,DJ05136,1.0,0.29026365
2025-02,ІМ-Розетка,DJ05136,1.0,0.11621914
2025-03,ІМ-Розетка,DJ05136,0.0,0.15418439
2025-04,ІМ-Розетка,DJ05136,3.0,0.0
2025-05,ІМ-Розетка,DJ05136,1.0,0.3311481
2025-06,ІМ-Розетка,DJ05136,4.0,0.18458398
2024-07,Акварель,DJ05136,3.0,0.3827748
2024-08,Акварель,DJ05136,3.0,0.57103103
2024-09,Акварель,DJ05136,2.0,0.6477395
2024-10,Акварель,DJ05136,1.0,0.6622789
2024-11,Акварель,DJ05136,1.0,0.736819
2024-12,Акварель,DJ05136,2.0,1.5717922
2025-01,Акварель,DJ05136,2.0,0.5211535
2025-02,Акварель,DJ05136,2.0,0.6744893
2025-03,Акварель,DJ05136,2.0,0.46656853
2025-04,Акварель,DJ05136,1.0,0.5057508
2025-05,Акварель,DJ05136,0.0,0.5701033
2025-06,Акварель,DJ05136,0.0,0.28760853
2024-07,БІ,DJ05136,8.0,3.3330014
2024-08,БІ,DJ05136,10.0,3.1312363
2024-09,БІ,DJ05136,9.0,2.8205805
2024-10,БІ,DJ05136,10.0,3.3352478
2024-11,БІ,DJ05136,8.0,3.6128364
2024-12,БІ,DJ05136,12.0,7.0514283
2025-01,БІ,DJ05136,4.0,2.7020855
2025-02,БІ,DJ05136,6.0,2.5083323
2025-03,БІ,DJ05136,5.0,2.0185437
2025-04,БІ,DJ05136,4.0,1.973903
2025-05,БІ,DJ05136,6.0,1.9906512
2025-06,БІ,DJ05136,13.0,2.522475
2024-07,Віват Канцелярія,DJ05136,0.0,0.0
2024-08,Віват Канцелярія,DJ05136,0.0,0.0
2024-09,Віват Канцелярія,DJ05136,0.0,0.0
2024-10,Віват Канцелярія,DJ05136,0.0,0.0
2024-11,Віват Канцелярія,DJ05136,0.0,0.0
2024-12,Віват Канцелярія,DJ05136,0.0,0.0
2025-01,Віват Канцелярія,DJ05136,0.0,0.0
2025-02,Віват Канцелярія,DJ05136,1.0,0.0
2025-03,Віват Канцелярія,DJ05136,0.0,0.0
2025-04,Віват Канцелярія,DJ05136,0.0,0.0
2025-05,Віват Канцелярія,DJ05136,1.0,0.0
2025-06,Віват Канцелярія,DJ05136,1.0,0.0
2024-07,МайПлей,DJ05136,2.0,0.0
2024-08,МайПлей,DJ05136,0.0,0.0
2024-09,МайПлей,DJ05136,0.0,0.0
2024-10,МайПлей,DJ05136,0.0,0.0
2024-11,МайПлей,DJ05136,0.0,0.0
2024-12,МайПлей,DJ05136,1.0,0.11036801
2025-01,МайПлей,DJ05136,0.0,0.0
2025-02,МайПлей,DJ05136,0.0,0.0
2025-03,МайПлей,DJ05136,0.0,0.0
2025-04,МайПлей,DJ05136,1.0,0.0
2025-05,МайПлей,DJ05136,0.0,0.0
2025-06,МайПлей,DJ05136,2.0,0.0
2024-07,Мегамаркет,DJ05136,0.0,0.0
2024-08,Мегамаркет,DJ05136,0.0,0.0
2024-09,Мегамаркет,DJ05136,0.0,0.0
2024-10,Мегамаркет,DJ05136,0.0,0.0
2024-11,Мегамаркет,DJ05136,2.0,0.0
2024-12,Мегамаркет,DJ05136,1.0,0.19399558
2025-01,Мегамаркет,DJ05136,1.0,0.0
2025-02,Мегамаркет,DJ05136,0.0,0.0
2025-03,Мегамаркет,DJ05136,1.0,0.0
2025-04,Мегамаркет,DJ05136,0.0,0.0
2025-05,Мегамаркет,DJ05136,0.0,0.0
2025-06,Мегамаркет,DJ05136,2.0,0.0
2024-07,СмартТойс,DJ05136,1.0,0.0
2024-08,СмартТойс,DJ05136,0.0,0.0
2024-09,СмартТойс,DJ05136,1.0,0.29725432
2024-10,СмартТойс,DJ05136,0.0,0.0
2024-11,СмартТойс,DJ05136,0.0,0.0
2024-12,СмартТойс,DJ05136,0.0,0.0
2025-01,СмартТойс,DJ05136,0.0,0.0
2025-02,СмартТойс,DJ05136,0.0,0.0
2025-03,СмартТойс,DJ05136,0.0,0.0
2025-04,СмартТойс,DJ05136,0.0,0.0
2025-05,СмартТойс,DJ05136,1.0,0.0
2025-06,СмартТойс,DJ05136,2.0,0.0
2024-07,Смік,DJ05136,1.0,0.0
2024-08,Смік,DJ05136,1.0,0.0
2024-09,Смік,DJ05136,0.0,0.0
2024-10,Смік,DJ05136,2.0,0.0
2024-11,Смік,DJ05136,0.0,0.0
2024-12,Смік,DJ05136,0.0,0.0
2025-01,Смік,DJ05136,0.0,0.0
2025-02,Смік,DJ05136,0.0,0.0
2025-03,Смік,DJ05136,1.0,0.0
2025-04,Смік,DJ05136,0.0,0.0
2025-05,Смік,DJ05136,0.0,0.0
2025-06,Смік,DJ05136,2.0,0.0
2024-07,ІМ-Розетка,DJ05145,2.0,0.83831185
2024-08,ІМ-Розетка,DJ05145,0.0,0.17649981
2024-09,ІМ-Розетка,DJ05145,0.0,0.0
2024-10,ІМ-Розетка,DJ05145,1.0,0.2924902
2024-11,ІМ-Розетка,DJ05145,2.0,1.1245044
2024-12,ІМ-Розетка,DJ05145,14.0,5.924098
2025-01,ІМ-Розетка,DJ05145,7.0,2.6763043
2025-02,ІМ-Розетка,DJ05145,2.0,1.0926993
2025-03,ІМ-Розетка,DJ05145,3.0,0.7989501
2025-04,ІМ-Розетка,DJ05145,8.0,0.8108348
2025-05,ІМ-Розетка,DJ05145,2.0,1.1347336
2025-06,ІМ-Розетка,DJ05145,7.0,0.7781814
2024-07,Акварель,DJ05145,2.0,0.46535695
2024-08,Акварель,DJ05145,2.0,0.51596385
2024-09,Акварель,DJ05145,0.0,0.36074677
2024-10,Акварель,DJ05145,0.0,0.3832468
2024-11,Акварель,DJ05145,1.0,0.31040385
2024-12,Акварель,DJ05145,8.0,1.5881
2025-01,Акварель,DJ05145,5.0,1.3035771
2025-02,Акварель,DJ05145,1.0,1.1147664
2025-03,Акварель,DJ05145,2.0,0.7592259
2025-04,Акварель,DJ05145,2.0,0.58631986
2025-05,Акварель,DJ05145,1.0,0.5587264
2025-06,Акварель,DJ05145,2.0,0.50516653
2024-07,Антошка,DJ05145,4.0,0.41408467
2024-08,Антошка,DJ05145,0.0,0.34358102
2024-09,Антошка,DJ05145,5.0,0.22376145
2024-10,Антошка,DJ05145,0.0,0.8182803
2024-11,Антошка,DJ05145,2.0,0.36152723
2024-12,Антошка,DJ05145,3.0,1.2876735
2025-01,Антошка,DJ05145,0.0,0.24228835
2025-02,Антошка,DJ05145,2.0,0.06835895
2025-03,Антошка,DJ05145,2.0,0.0
2025-04,Антошка,DJ05145,2.0,0.051943734
2025-05,Антошка,DJ05145,2.0,0.15212087
2025-06,Антошка,DJ05145,3.0,0.26102996
2024-07,БІ,DJ05145,7.0,2.9138012
2024-08,БІ,DJ05145,3.0,2.2332032
2024-09,БІ,DJ05145,1.0,1.9314821
2024-10,БІ,DJ05145,5.0,1.7728794
2024-11,БІ,DJ05145,8.0,2.0461957
2024-12,БІ,DJ05145,7.0,6.421939
2025-01,БІ,DJ05145,4.0,1.9790266
2025-02,БІ,DJ05145,6.0,2.1138115
2025-03,БІ,DJ05145,8.0,1.3610096
2025-04,БІ,DJ05145,4.0,1.8853043
2025-05,БІ,DJ05145,6.0,1.6216649
2025-06,БІ,DJ05145,2.0,1.6411252
2024-07,Віват Канцелярія,DJ05145,0.0,0.0
2024-08,Віват Канцелярія,DJ05145,0.0,0.0
2024-09,Віват Канцелярія,DJ05145,1.0,0.0
2024-10,Віват Канцелярія,DJ05145,0.0,0.0
2024-11,Віват Канцелярія,DJ05145,0.0,0.0
2024-12,Віват Канцелярія,DJ05145,1.0,0.0
2025-01,Віват Канцелярія,DJ05145,0.0,0.0
2025-02,Віват Канцелярія,DJ05145,0.0,0.0
2025-03,Віват Канцелярія,DJ05145,0.0,0.0
2025-04,Віват Канцелярія,DJ05145,1.0,0.0
2025-05,Віват Канцелярія,DJ05145,2.0,0.0
2025-06,Віват Канцелярія,DJ05145,1.0,0.0
2024-07,МайПлей,DJ05145,0.0,0.0
2024-08,МайПлей,DJ05145,3.0,0.0
2024-09,МайПлей,DJ05145,1.0,0.0
2024-10,МайПлей,DJ05145,2.0,0.12215567
2024-11,МайПлей,DJ05145,1.0,0.045929495
2024-12,МайПлей,DJ05145,3.0,0.8156936
2025-01,МайПлей,DJ05145,1.0,0.31087235
2025-02,МайПлей,DJ05145,1.0,0.022171112
2025-03,МайПлей,DJ05145,1.0,0.0
2025-04,МайПлей,DJ05145,0.0,0.0
2025-05,МайПлей,DJ05145,1.0,0.0
2025-06,МайПлей,DJ05145,1.0,0.0
2024-07,ІМ-Розетка,DJ05153,1.0,0.7834974
2024-08,ІМ-Розетка,DJ05153,1.0,0.650164
2024-09,ІМ-Розетка,DJ05153,0.0,0.23870187
2024-10,ІМ-Розетка,DJ05153,1.0,0.24664485
2024-11,ІМ-Розетка,DJ05153,7.0,1.1369013
2024-12,ІМ-Розетка,DJ05153,5.0,5.1380625
2025-01,ІМ-Розетка,DJ05153,1.0,0.91965127
2025-02,ІМ-Розетка,DJ05153,1.0,0.40773353
2025-03,ІМ-Розетка,DJ05153,3.0,0.43314484
2025-04,ІМ-Розетка,DJ05153,4.0,0.4283644
2025-05,ІМ-Розетка,DJ05153,4.0,0.65044653
2025-06,ІМ-Розетка,DJ05153,0.0,0.599631
2024-07,Акварель,DJ05153,3.0,0.78264356
2024-08,Акварель,DJ05153,2.0,0.5820211
2024-09,Акварель,DJ05153,1.0,0.5171925
2024-10,Акварель,DJ05153,2.0,0.7222318
2024-11,Акварель,DJ05153,1.0,0.47660297
2024-12,Акварель,DJ05153,6.0,1.990878
2025-01,Акварель,DJ05153,0.0,0.76804215
2025-02,Акварель,DJ05153,1.0,0.037144236
2025-03,Акварель,DJ05153,3.0,0.13596036
2025-04,Акварель,DJ05153,2.0,0.3513806
2025-05,Акварель,DJ05153,1.0,0.45887908
2025-06,Акварель,DJ05153,0.0,0.46808523
2024-07,Антошка,DJ05153,1.0,0.28168684
2024-08,Антошка,DJ05153,4.0,0.18473557
2024-09,Антошка,DJ05153,1.0,0.21133702
2024-10,Антошка,DJ05153,1.0,0.15456006
2024-11,Антошка,DJ05153,3.0,0.4201587
2024-12,Антошка,DJ05153,1.0,1.4628857
2025-01,Антошка,DJ05153,1.0,0.07002789
2025-02,Антошка,DJ05153,1.0,0.24344319
2025-03,Антошка,DJ05153,0.0,0.05010445
2025-04,Антошка,DJ05153,0.0,0.0
2025-05,Антошка,DJ05153,0.0,0.03439769
2025-06,Антошка,DJ05153,1.0,0.14585547
2024-07,БІ,DJ05153,6.0,2.1025293
2024-08,БІ,DJ05153,6.0,2.1154714
2024-09,БІ,DJ05153,5.0,1.690086
2024-10,БІ,DJ05153,4.0,1.7654532
2024-11,БІ,DJ05153,9.0,2.3570302
2024-12,БІ,DJ05153,14.0,6.640966
2025-01,БІ,DJ05153,3.0,2.2441292
2025-02,БІ,DJ05153,1.0,1.5670921
2025-03,БІ,DJ05153,7.0,1.2022389
2025-04,БІ,DJ05153,3.0,1.2252884
2025-05,БІ,DJ05153,6.0,1.1194485
2025-06,БІ,DJ05153,4.0,1.4363385
2024-07,Віват Канцелярія,DJ05153,0.0,0.0
2024-08,Віват Канцелярія,DJ05153,0.0,0.0
2024-09,Віват Канцелярія,DJ05153,0.0,0.0
2024-10,Віват Канцелярія,DJ05153,1.0,0.0
2024-11,Віват Канцелярія,DJ05153,0.0,0.0
2024-12,Віват Канцелярія,DJ05153,1.0,0.13787799
2025-01,Віват Канцелярія,DJ05153,0.0,0.0
2025-02,Віват Канцелярія,DJ05153,0.0,0.0
2025-03,Віват Канцелярія,DJ05153,0.0,0.0
2025-04,Віват Канцелярія,DJ05153,0.0,0.0
2025-05,Віват Канцелярія,DJ05153,1.0,0.0
2025-06,Віват Канцелярія,DJ05153,0.0,0.0
2024-07,МайПлей,DJ05153,5.0,0.14162526
2024-08,МайПлей,DJ05153,0.0,0.26837593
2024-09,МайПлей,DJ05153,0.0,0.0
2024-10,МайПлей,DJ05153,0.0,0.0
2024-11,МайПлей,DJ05153,1.0,0.0
2024-12,МайПлей,DJ05153,2.0,0.49395803
2025-01,МайПлей,DJ05153,0.0,0.05447022
2025-02,МайПлей,DJ05153,0.0,0.0
2025-03,МайПлей,DJ05153,2.0,0.0
2025-04,МайПлей,DJ05153,0.0,0.0
2025-05,МайПлей,DJ05153,2.0,0.0
2025-06,МайПлей,DJ05153,2.0,0.0
2024-07,Мегамаркет,DJ05153,0.0,0.0
2024-08,Мегамаркет,DJ05153,1.0,0.0
2024-09,Мегамаркет,DJ05153,0.0,0.0
2024-10,Мегамаркет,DJ05153,1.0,0.0
2024-11,Мегамаркет,DJ05153,0.0,0.0
2024-12,Мегамаркет,DJ05153,0.0,0.20591219
2025-01,Мегамаркет,DJ05153,0.0,0.0
2025-02,Мегамаркет,DJ05153,0.0,0.0
2025-03,Мегамаркет,DJ05153,0.0,0.0
2025-04,Мегамаркет,DJ05153,0.0,0.0
2025-05,Мегамаркет,DJ05153,1.0,0.0
2025-06,Мегамаркет,DJ05153,0.0,0.0
2024-07,СмартТойс,DJ05153,19.0,0.482265
2024-08,СмартТойс,DJ05153,1.0,1.0969694
2024-09,СмартТойс,DJ05153,0.0,0.24802078
2024-10,СмартТойс,DJ05153,0.0,0.057548888
2024-11,СмартТойс,DJ05153,0.0,0.040517714
2024-12,СмартТойс,DJ05153,1.0,0.61929363
2025-01,СмартТойс,DJ05153,2.0,0.4144443
2025-02,СмартТойс,DJ05153,1.0,0.29065207
2025-03,СмартТойс,DJ05153,0.0,0.0
2025-04,СмартТойс,DJ05153,0.0,0.012399323
2025-05,СмартТойс,DJ05153,2.0,0.25617072
2025-06,СмартТойс,DJ05153,2.0,0.16733274
2024-07,Смік,DJ05153,1.0,0.0
2024-08,Смік,DJ05153,1.0,0.0
2024-09,Смік,DJ05153,1.0,0.0
2024-10,Смік,DJ05153,0.0,0.0
2024-11,Смік,DJ05153,1.0,0.0
2024-12,Смік,DJ05153,0.0,0.0
2025-01,Смік,DJ05153,0.0,0.0
2025-02,Смік,DJ05153,1.0,0.0
2025-03,Смік,DJ05153,1.0,0.0
2025-04,Смік,DJ05153,0.0,0.0
2025-05,Смік,DJ05153,0.0,0.0
2025-06,Смік,DJ05153,0.0,0.0
2024-07,Супрун ФОП,DJ05153,0.0,0.0
2024-08,Супрун ФОП,DJ05153,0.0,0.0
2024-09,Супрун ФОП,DJ05153,0.0,0.0
2024-10,Супрун ФОП,DJ05153,0.0,0.0
2024-11,Супрун ФОП,DJ05153,0.0,0.0
2024-12,Супрун ФОП,DJ05153,0.0,0.0
2025-01,Супрун ФОП,DJ05153,0.0,0.0
2025-02,Супрун ФОП,DJ05153,0.0,0.0
2025-03,Супрун ФОП,DJ05153,1.0,0.0
2025-04,Супрун ФОП,DJ05153,0.0,0.0
2025-05,Супрун ФОП,DJ05153,0.0,0.0
2025-06,Супрун ФОП,DJ05153,1.0,0.0
2024-07,ІМ-Розетка,DJ05161,1.0,1.4154845
2024-08,ІМ-Розетка,DJ05161,3.0,1.4898624
2024-09,ІМ-Розетка,DJ05161,1.0,0.46774822
2024-10,ІМ-Розетка,DJ05161,0.0,0.2073782
2024-11,ІМ-Розетка,DJ05161,3.0,1.1258144
2024-12,ІМ-Розетка,DJ05161,5.0,5.5806017
2025-01,ІМ-Розетка,DJ05161,1.0,0.76201
2025-02,ІМ-Розетка,DJ05161,3.0,0.24361196
2025-03,ІМ-Розетка,DJ05161,2.0,0.43221626
2025-04,ІМ-Розетка,DJ05161,2.0,0.2650638
2025-05,ІМ-Розетка,DJ05161,1.0,0.0
2025-06,ІМ-Розетка,DJ05161,0.0,0.0
2024-07,Акварель,DJ05161,1.0,0.5513562
2024-08,Акварель,DJ05161,0.0,0.3790829
2024-09,Акварель,DJ05161,0.0,0.14468162
2024-10,Акварель,DJ05161,3.0,0.26249734
2024-11,Акварель,DJ05161,1.0,0.3949336
2024-12,Акварель,DJ05161,6.0,1.6953629
2025-01,Акварель,DJ05161,5.0,0.536789
2025-02,Акварель,DJ05161,1.0,0.42755643
2025-03,Акварель,DJ05161,0.0,0.26533514
2025-04,Акварель,DJ05161,1.0,0.0
2025-05,Акварель,DJ05161,1.0,0.3316209
2025-06,Акварель,DJ05161,2.0,0.30403435
2024-07,Антошка,DJ05161,6.0,1.3138155
2024-08,Антошка,DJ05161,2.0,1.0185792
2024-09,Антошка,DJ05161,4.0,0.6985437
2024-10,Антошка,DJ05161,4.0,0.8976137
2024-11,Антошка,DJ05161,5.0,1.1839603
2024-12,Антошка,DJ05161,6.0,4.4431434
2025-01,Антошка,DJ05161,2.0,0.8573431
2025-02,Антошка,DJ05161,0.0,0.6529548
2025-03,Антошка,DJ05161,4.0,0.2335323
2025-04,Антошка,DJ05161,6.0,0.43386665
2025-05,Антошка,DJ05161,1.0,0.90611637
2025-06,Антошка,DJ05161,5.0,0.80730706
2024-07,БІ,DJ05161,17.0,7.353393
2024-08,БІ,DJ05161,18.0,8.256876
2024-09,БІ,DJ05161,8.0,6.3126197
2024-10,БІ,DJ05161,11.0,5.2070174
2024-11,БІ,DJ05161,20.0,6.458637
2024-12,БІ,DJ05161,28.0,21.025723
2025-01,БІ,DJ05161,13.0,6.8710103
2025-02,БІ,DJ05161,14.0,5.692651
2025-03,БІ,DJ05161,16.0,5.36343
2025-04,БІ,DJ05161,12.0,5.3772407
2025-05,БІ,DJ05161,15.0,5.2803097
2025-06,БІ,DJ05161,18.0,4.883519
2024-07,МайПлей,DJ05161,1.0,0.18195678
2024-08,МайПлей,DJ05161,3.0,0.15735142
2024-09,МайПлей,DJ05161,2.0,0.12442954
2024-10,МайПлей,DJ05161,0.0,0.0
2024-11,МайПлей,DJ05161,1.0,0.01996693
2024-12,МайПлей,DJ05161,1.0,0.9878016
2025-01,МайПлей,DJ05161,1.0,0.0
2025-02,МайПлей,DJ05161,1.0,0.0
2025-03,МайПлей,DJ05161,2.0,0.0
2025-04,МайПлей,DJ05161,1.0,0.0
2025-05,МайПлей,DJ05161,1.0,0.0
2025-06,МайПлей,DJ05161,1.0,0.0
2024-07,СмартТойс,DJ05161,20.0,0.2853279
2024-08,СмартТойс,DJ05161,4.0,1.4627581
2024-09,СмартТойс,DJ05161,2.0,0.64951795
2024-10,СмартТойс,DJ05161,2.0,0.7715872
2024-11,СмартТойс,DJ05161,2.0,0.73996484
2024-12,СмартТойс,DJ05161,2.0,1.1045125
2025-01,СмартТойс,DJ05161,0.0,0.19320513
2025-02,СмартТойс,DJ05161,3.0,0.8079439
2025-03,СмартТойс,DJ05161,3.0,0.5151644
2025-04,СмартТойс,DJ05161,3.0,0.6151248
2025-05,СмартТойс,DJ05161,2.0,0.44917098
2025-06,СмартТойс,DJ05161,1.0,0.55771846
2024-07,ІМ-Розетка,DJ05169,1.0,0.0
2024-08,ІМ-Розетка,DJ05169,0.0,0.0
2024-09,ІМ-Розетка,DJ05169,0.0,0.0
2024-10,ІМ-Розетка,DJ05169,0.0,0.0
2024-11,ІМ-Розетка,DJ05169,0.0,0.0
2024-12,ІМ-Розетка,DJ05169,0.0,0.43013823
2025-01,ІМ-Розетка,DJ05169,0.0,0.0
2025-02,ІМ-Розетка,DJ05169,0.0,0.0
2025-03,ІМ-Розетка,DJ05169,0.0,0.0
2025-04,ІМ-Розетка,DJ05169,1.0,0.0
2025-05,ІМ-Розетка,DJ05169,0.0,0.0
2025-06,ІМ-Розетка,DJ05169,0.0,0.0
2024-07,Акварель,DJ05169,0.0,0.0636565
2024-08,Акварель,DJ05169,0.0,0.0
2024-09,Акварель,DJ05169,2.0,0.0
2024-10,Акварель,DJ05169,0.0,0.054416794
2024-11,Акварель,DJ05169,0.0,0.041044082
2024-12,Акварель,DJ05169,2.0,0.8093011
2025-01,Акварель,DJ05169,0.0,0.008236706
2025-02,Акварель,DJ05169,1.0,0.2986872
2025-03,Акварель,DJ05169,4.0,0.14569512
2025-04,Акварель,DJ05169,1.0,0.1295611
2025-05,Акварель,DJ05169,0.0,0.27595416
2025-06,Акварель,DJ05169,1.0,0.56905794
2024-07,БІ,DJ05169,0.0,1.1598349
2024-08,БІ,DJ05169,4.0,0.8385742
2024-09,БІ,DJ05169,3.0,1.059182
2024-10,БІ,DJ05169,1.0,0.60474646
2024-11,БІ,DJ05169,1.0,0.94838524
2024-12,БІ,DJ05169,0.0,3.400189
2025-01,БІ,DJ05169,5.0,0.50317293
2025-02,БІ,DJ05169,6.0,1.8626575
2025-03,БІ,DJ05169,5.0,1.4365773
2025-04,БІ,DJ05169,5.0,0.7421769
2025-05,БІ,DJ05169,7.0,0.94626236
2025-06,БІ,DJ05169,7.0,3.0144293
2024-07,Віват Канцелярія,DJ05169,0.0,0.0
2024-08,Віват Канцелярія,DJ05169,0.0,0.0
2024-09,Віват Канцелярія,DJ05169,0.0,0.0
2024-10,Віват Канцелярія,DJ05169,2.0,0.0
2024-11,Віват Канцелярія,DJ05169,2.0,0.0
2024-12,Віват Канцелярія,DJ05169,0.0,0.4519683
2025-01,Віват Канцелярія,DJ05169,0.0,0.0
2025-02,Віват Канцелярія,DJ05169,1.0,0.0
2025-03,Віват Канцелярія,DJ05169,0.0,0.0
2025-04,Віват Канцелярія,DJ05169,0.0,0.0
2025-05,Віват Канцелярія,DJ05169,1.0,0.0
2025-06,Віват Канцелярія,DJ05169,0.0,0.0
2024-07,МайПлей,DJ05169,4.0,0.0
2024-08,МайПлей,DJ05169,0.0,0.0
2024-09,МайПлей,DJ05169,0.0,0.0
2024-10,МайПлей,DJ05169,1.0,0.0
2024-11,МайПлей,DJ05169,0.0,0.0
2024-12,МайПлей,DJ05169,0.0,0.3815921
2025-01,МайПлей,DJ05169,1.0,0.0
2025-02,МайПлей,DJ05169,3.0,0.0
2025-03,МайПлей,DJ05169,1.0,0.08416218
2025-04,МайПлей,DJ05169,0.0,0.0
2025-05,МайПлей,DJ05169,0.0,0.0
2025-06,МайПлей,DJ05169,0.0,0.0
2024-07,СмартТойс,DJ05169,0.0,0.0
2024-08,СмартТойс,DJ05169,0.0,0.0
2024-09,СмартТойс,DJ05169,3.0,0.07223933
2024-10,СмартТойс,DJ05169,0.0,0.0
2024-11,СмартТойс,DJ05169,0.0,0.0
2024-12,СмартТойс,DJ05169,0.0,0.0
2025-01,СмартТойс,DJ05169,0.0,0.0
2025-02,СмартТойс,DJ05169,3.0,0.027850833
2025-03,СмартТойс,DJ05169,9.0,0.29729167
2025-04,СмартТойс,DJ05169,0.0,0.048265386
2025-05,СмартТойс,DJ05169,4.0,0.27650535
2025-06,СмартТойс,DJ05169,0.0,0.08406655
2024-07,Смік,DJ05169,4.0,0.13093176
2024-08,Смік,DJ05169,2.0,0.050974764
2024-09,Смік,DJ05169,3.0,0.11626192
2024-10,Смік,DJ05169,0.0,0.0
2024-11,Смік,DJ05169,0.0,0.0
2024-12,Смік,DJ05169,0.0,0.36860248
2025-01,Смік,DJ05169,0.0,0.0
2025-02,Смік,DJ05169,1.0,0.0
2025-03,Смік,DJ05169,1.0,0.0
2025-04,Смік,DJ05169,2.0,0.0
2025-05,Смік,DJ05169,1.0,0.0
2025-06,Смік,DJ05169,0.0,0.0
2024-07,Акварель,DJ05172,8.0,3.542979
2024-08,Акварель,DJ05172,3.0,2.3733044
2024-09,Акварель,DJ05172,2.0,1.8833334
2024-10,Акварель,DJ05172,2.0,1.9392265
2024-11,Акварель,DJ05172,2.0,0.6270692
2024-12,Акварель,DJ05172,1.0,1.5194434
2025-01,Акварель,DJ05172,1.0,0.31780845
2025-02,Акварель,DJ05172,2.0,0.4797758
2025-03,Акварель,DJ05172,2.0,0.46803808
2025-04,Акварель,DJ05172,0.0,0.0
2025-05,Акварель,DJ05172,2.0,0.5744123
2025-06,Акварель,DJ05172,1.0,0.56199604
2024-07,Віват Канцелярія,DJ05172,0.0,0.0
2024-08,Віват Канцелярія,DJ05172,3.0,0.0
2024-09,Віват Канцелярія,DJ05172,0.0,0.0
2024-10,Віват Канцелярія,DJ05172,1.0,0.0
2024-11,Віват Канцелярія,DJ05172,0.0,0.0
2024-12,Віват Канцелярія,DJ05172,0.0,0.0
2025-01,Віват Канцелярія,DJ05172,1.0,0.0
2025-02,Віват Канцелярія,DJ05172,0.0,0.0
2025-03,Віват Канцелярія,DJ05172,0.0,0.0
2025-04,Віват Канцелярія,DJ05172,2.0,0.0
2025-05,Віват Канцелярія,DJ05172,1.0,0.0
2025-06,Віват Канцелярія,DJ05172,0.0,0.0
2024-07,Акварель,DJ05176,1.0,0.0
2024-08,Акварель,DJ05176,0.0,0.0
2024-09,Акварель,DJ05176,0.0,0.0
2024-10,Акварель,DJ05176,0.0,0.0
2024-11,Акварель,DJ05176,0.0,0.0
2024-12,Акварель,DJ05176,0.0,0.0
2025-01,Акварель,DJ05176,0.0,0.0
2025-02,Акварель,DJ05176,0.0,0.0
2025-03,Акварель,DJ05176,0.0,0.0
2025-04,Акварель,DJ05176,0.0,0.0
2025-05,Акварель,DJ05176,0.0,0.0
2025-06,Акварель,DJ05176,0.0,0.0
2024-07,Акварель,DJ05180,7.0,2.8253183
2024-08,Акварель,DJ05180,9.0,3.1799002
2024-09,Акварель,DJ05180,3.0,2.7348754
2024-10,Акварель,DJ05180,5.0,2.4246712
2024-11,Акварель,DJ05180,7.0,1.4327865
2024-12,Акварель,DJ05180,6.0,3.441164
2025-01,Акварель,DJ05180,0.0,0.12629287
2025-02,Акварель,DJ05180,1.0,0.7922859
2025-03,Акварель,DJ05180,0.0,0.0
2025-04,Акварель,DJ05180,2.0,0.4711618
2025-05,Акварель,DJ05180,1.0,0.64008695
2025-06,Акварель,DJ05180,1.0,0.63550836
2024-07,Акварель,DJ05181,2.0,1.4349176
2024-08,Акварель,DJ05181,1.0,1.7173454
2024-09,Акварель,DJ05181,2.0,1.4265732
2024-10,Акварель,DJ05181,3.0,1.657761
2024-11,Акварель,DJ05181,2.0,0.47371793
2024-12,Акварель,DJ05181,4.0,1.247837
2025-01,Акварель,DJ05181,2.0,0.405838
2025-02,Акварель,DJ05181,0.0,0.0
2025-03,Акварель,DJ05181,1.0,0.17880835
2025-04,Акварель,DJ05181,0.0,0.0
2025-05,Акварель,DJ05181,0.0,0.0
2025-06,Акварель,DJ05181,0.0,0.0
2024-07,Віват Канцелярія,DJ05181,0.0,0.0
2024-08,Віват Канцелярія,DJ05181,0.0,0.0
2024-09,Віват Канцелярія,DJ05181,1.0,0.0
2024-10,Віват Канцелярія,DJ05181,0.0,0.0
2024-11,Віват Канцелярія,DJ05181,0.0,0.0
2024-12,Віват Канцелярія,DJ05181,0.0,0.0
2025-01,Віват Канцелярія,DJ05181,0.0,0.0
2025-02,Віват Канцелярія,DJ05181,0.0,0.0
2025-03,Віват Канцелярія,DJ05181,0.0,0.0
2025-04,Віват Канцелярія,DJ05181,1.0,0.0
2025-05,Віват Канцелярія,DJ05181,1.0,0.0
2025-06,Віват Канцелярія,DJ05181,0.0,0.0
2024-07,ІМ-МауДау,DJ05208,0.0,0.0
2024-08,ІМ-МауДау,DJ05208,0.0,0.0
2024-09,ІМ-МауДау,DJ05208,0.0,0.0
2024-10,ІМ-МауДау,DJ05208,0.0,0.0
2024-11,ІМ-МауДау,DJ05208,0.0,0.0
2024-12,ІМ-МауДау,DJ05208,0.0,0.0
2025-01,ІМ-МауДау,DJ05208,0.0,0.0
2025-02,ІМ-МауДау,DJ05208,0.0,0.0
2025-03,ІМ-МауДау,DJ05208,0.0,0.0
2025-04,ІМ-МауДау,DJ05208,0.0,0.0
2025-05,ІМ-МауДау,DJ05208,1.0,0.0
2025-06,ІМ-МауДау,DJ05208,1.0,0.0
2024-07,ІМ-Розетка,DJ05208,3.0,1.1726117
2024-08,ІМ-Розетка,DJ05208,1.0,0.83265394
2024-09,ІМ-Розетка,DJ05208,3.0,0.95458496
2024-10,ІМ-Розетка,DJ05208,9.0,1.5754149
2024-11,ІМ-Розетка,DJ05208,4.0,2.4808965
2024-12,ІМ-Розетка,DJ05208,9.0,9.931747
2025-01,ІМ-Розетка,DJ05208,7.0,2.419393
2025-02,ІМ-Розетка,DJ05208,5.0,1.4403163
2025-03,ІМ-Розетка,DJ05208,3.0,1.2779064
2025-04,ІМ-Розетка,DJ05208,4.0,0.61082023
2025-05,ІМ-Розетка,DJ05208,6.0,1.0548346
2025-06,ІМ-Розетка,DJ05208,1.0,1.1050489
2024-07,Акварель,DJ05208,0.0,0.38839477
2024-08,Акварель,DJ05208,1.0,0.1456777
2024-09,Акварель,DJ05208,0.0,0.08964157
2024-10,Акварель,DJ05208,1.0,0.42214552
2024-11,Акварель,DJ05208,3.0,0.75888366
2024-12,Акварель,DJ05208,4.0,1.8120167
2025-01,Акварель,DJ05208,2.0,0.7748546
2025-02,Акварель,DJ05208,0.0,0.0
2025-03,Акварель,DJ05208,1.0,0.38458553
2025-04,Акварель,DJ05208,2.0,0.10943139
2025-05,Акварель,DJ05208,3.0,0.24068807
2025-06,Акварель,DJ05208,0.0,0.22485183
2024-07,Антошка,DJ05208,1.0,1.3989887
2024-08,Антошка,DJ05208,1.0,1.2097079
2024-09,Антошка,DJ05208,4.0,0.9685011
2024-10,Антошка,DJ05208,5.0,0.9842307
2024-11,Антошка,DJ05208,3.0,1.2463454
2024-12,Антошка,DJ05208,14.0,5.493098
2025-01,Антошка,DJ05208,1.0,2.0957565
2025-02,Антошка,DJ05208,6.0,1.0382171
2025-03,Антошка,DJ05208,3.0,1.1350797
2025-04,Антошка,DJ05208,3.0,0.7150705
2025-05,Антошка,DJ05208,3.0,0.8233321
2025-06,Антошка,DJ05208,0.0,1.1042227
2024-07,БІ,DJ05208,13.0,7.7302923
2024-08,БІ,DJ05208,18.0,6.946797
2024-09,БІ,DJ05208,13.0,7.2780695
2024-10,БІ,DJ05208,21.0,7.0651174
2024-11,БІ,DJ05208,22.0,10.164076
2024-12,БІ,DJ05208,82.0,23.15462
2025-01,БІ,DJ05208,24.0,14.221436
2025-02,БІ,DJ05208,30.0,9.030988
2025-03,БІ,DJ05208,20.0,9.114178
2025-04,БІ,DJ05208,13.0,4.752438
2025-05,БІ,DJ05208,9.0,5.0044594
2025-06,БІ,DJ05208,9.0,3.352366
2024-07,Віват Канцелярія,DJ05208,1.0,0.0
2024-08,Віват Канцелярія,DJ05208,0.0,0.24747543
2024-09,Віват Канцелярія,DJ05208,0.0,0.01229952
2024-10,Віват Канцелярія,DJ05208,1.0,0.0
2024-11,Віват Канцелярія,DJ05208,2.0,0.10968456
2024-12,Віват Канцелярія,DJ05208,3.0,0.7601969
2025-01,Віват Канцелярія,DJ05208,2.0,0.37661597
2025-02,Віват Канцелярія,DJ05208,1.0,0.19702792
2025-03,Віват Канцелярія,DJ05208,1.0,0.23965341
2025-04,Віват Канцелярія,DJ05208,1.0,0.0
2025-05,Віват Канцелярія,DJ05208,1.0,0.0
2025-06,Віват Канцелярія,DJ05208,1.0,0.0
2024-07,МайПлей,DJ05208,2.0,0.13968886
2024-08,МайПлей,DJ05208,1.0,0.21748099
2024-09,МайПлей,DJ05208,1.0,0.12927756
2024-10,МайПлей,DJ05208,3.0,0.18016161
2024-11,МайПлей,DJ05208,1.0,0.16091458
2024-12,МайПлей,DJ05208,3.0,1.2166992
2025-01,МайПлей,DJ05208,4.0,0.58675146
2025-02,МайПлей,DJ05208,2.0,0.46083838
2025-03,МайПлей,DJ05208,4.0,0.26311883
2025-04,МайПлей,DJ05208,0.0,0.078868784
2025-05,МайПлей,DJ05208,2.0,0.24501379
2025-06,МайПлей,DJ05208,2.0,0.2356053
2024-07,Озерова ФОП,DJ05208,6.0,0.5604852
2024-08,Озерова ФОП,DJ05208,0.0,0.2565441
2024-09,Озерова ФОП,DJ05208,0.0,0.008806574
2024-10,Озерова ФОП,DJ05208,0.0,0.0
2024-11,Озерова ФОП,DJ05208,3.0,0.63303626
2024-12,Озерова ФОП,DJ05208,5.0,1.2005006
2025-01,Озерова ФОП,DJ05208,0.0,0.0
2025-02,Озерова ФОП,DJ05208,0.0,0.0
2025-03,Озерова ФОП,DJ05208,0.0,0.0
2025-04,Озерова ФОП,DJ05208,0.0,0.0
2025-05,Озерова ФОП,DJ05208,0.0,0.005110403
2025-06,Озерова ФОП,DJ05208,3.0,0.16485164
2024-07,СмартТойс,DJ05208,9.0,0.40877488
2024-08,СмартТойс,DJ05208,0.0,0.0
2024-09,СмартТойс,DJ05208,0.0,0.0
2024-10,СмартТойс,DJ05208,0.0,0.0
2024-11,СмартТойс,DJ05208,0.0,0.0
2024-12,СмартТойс,DJ05208,2.0,0.5529349
2025-01,СмартТойс,DJ05208,0.0,0.0
2025-02,СмартТойс,DJ05208,0.0,0.0
2025-03,СмартТойс,DJ05208,0.0,0.0
2025-04,СмартТойс,DJ05208,0.0,0.0
2025-05,СмартТойс,DJ05208,1.0,0.0
2025-06,СмартТойс,DJ05208,0.0,0.0
2024-07,ІМ-Розетка,DJ05218,0.0,0.0
2024-08,ІМ-Розетка,DJ05218,1.0,0.0
2024-09,ІМ-Розетка,DJ05218,0.0,0.0
2024-10,ІМ-Розетка,DJ05218,2.0,0.02902699
2024-11,ІМ-Розетка,DJ05218,5.0,0.36144602
2024-12,ІМ-Розетка,DJ05218,10.0,3.6372058
2025-01,ІМ-Розетка,DJ05218,1.0,1.5551572
2025-02,ІМ-Розетка,DJ05218,0.0,0.13858342
2025-03,ІМ-Розетка,DJ05218,0.0,0.0
2025-04,ІМ-Розетка,DJ05218,2.0,0.0
2025-05,ІМ-Розетка,DJ05218,0.0,0.0
2025-06,ІМ-Розетка,DJ05218,1.0,0.15432122
2024-07,Акварель,DJ05218,0.0,0.0
2024-08,Акварель,DJ05218,2.0,0.0
2024-09,Акварель,DJ05218,1.0,0.034896415
2024-10,Акварель,DJ05218,1.0,0.0
2024-11,Акварель,DJ05218,2.0,0.72440964
2024-12,Акварель,DJ05218,8.0,2.2437751
2025-01,Акварель,DJ05218,1.0,1.8172524
2025-02,Акварель,DJ05218,3.0,0.44244152
2025-03,Акварель,DJ05218,3.0,0.08144143
2025-04,Акварель,DJ05218,2.0,0.28204626
2025-05,Акварель,DJ05218,0.0,0.26419884
2025-06,Акварель,DJ05218,0.0,0.64758533
2024-07,Антошка,DJ05218,2.0,0.03437377
2024-08,Антошка,DJ05218,1.0,0.19315705
2024-09,Антошка,DJ05218,2.0,0.0846637
2024-10,Антошка,DJ05218,1.0,0.23069203
2024-11,Антошка,DJ05218,4.0,0.14961989
2024-12,Антошка,DJ05218,7.0,2.7965014
2025-01,Антошка,DJ05218,5.0,1.5953546
2025-02,Антошка,DJ05218,5.0,1.0839567
2025-03,Антошка,DJ05218,1.0,0.7370754
2025-04,Антошка,DJ05218,4.0,0.12647286
2025-05,Антошка,DJ05218,4.0,0.6333589
2025-06,Антошка,DJ05218,9.0,1.3968813
2024-07,Віват Канцелярія,DJ05218,0.0,0.0
2024-08,Віват Канцелярія,DJ05218,2.0,0.0
2024-09,Віват Канцелярія,DJ05218,0.0,0.0
2024-10,Віват Канцелярія,DJ05218,0.0,0.0
2024-11,Віват Канцелярія,DJ05218,0.0,0.0
2024-12,Віват Канцелярія,DJ05218,2.0,0.31563276
2025-01,Віват Канцелярія,DJ05218,0.0,0.0
2025-02,Віват Канцелярія,DJ05218,0.0,0.0
2025-03,Віват Канцелярія,DJ05218,1.0,0.0
2025-04,Віват Канцелярія,DJ05218,0.0,0.0
2025-05,Віват Канцелярія,DJ05218,0.0,0.0
2025-06,Віват Канцелярія,DJ05218,0.0,0.0
2024-07,МайПлей,DJ05218,0.0,0.059124608
2024-08,МайПлей,DJ05218,1.0,0.0
2024-09,МайПлей,DJ05218,0.0,0.0
2024-10,МайПлей,DJ05218,2.0,0.0
2024-11,МайПлей,DJ05218,1.0,0.0
2024-12,МайПлей,DJ05218,5.0,1.0470414
2025-01,МайПлей,DJ05218,1.0,0.41781893
2025-02,МайПлей,DJ05218,1.0,0.0
2025-03,МайПлей,DJ05218,0.0,0.0
2025-04,МайПлей,DJ05218,0.0,0.0
2025-05,МайПлей,DJ05218,0.0,0.0
2025-06,МайПлей,DJ05218,2.0,0.0
2024-07,ІМ-Розетка,DJ05270,3.0,0.9476772
2024-08,ІМ-Розетка,DJ05270,1.0,0.36791417
2024-09,ІМ-Розетка,DJ05270,0.0,0.09713216
2024-10,ІМ-Розетка,DJ05270,1.0,0.47319335
2024-11,ІМ-Розетка,DJ05270,1.0,1.316885
2024-12,ІМ-Розетка,DJ05270,4.0,4.243621
2025-01,ІМ-Розетка,DJ05270,3.0,1.1730022
2025-02,ІМ-Розетка,DJ05270,3.0,0.6905236
2025-03,ІМ-Розетка,DJ05270,4.0,0.54924387
2025-04,ІМ-Розетка,DJ05270,7.0,0.6138879
2025-05,ІМ-Розетка,DJ05270,7.0,1.0929246
2025-06,ІМ-Розетка,DJ05270,1.0,1.1509274
2024-07,Акварель,DJ05270,1.0,0.17015442
2024-08,Акварель,DJ05270,0.0,0.043849897
2024-09,Акварель,DJ05270,0.0,0.048386544
2024-10,Акварель,DJ05270,1.0,0.14248452
2024-11,Акварель,DJ05270,1.0,0.15803263
2024-12,Акварель,DJ05270,2.0,1.2907642
2025-01,Акварель,DJ05270,1.0,0.17577769
2025-02,Акварель,DJ05270,1.0,0.07124924
2025-03,Акварель,DJ05270,3.0,0.0
2025-04,Акварель,DJ05270,0.0,0.0
2025-05,Акварель,DJ05270,0.0,0.108195305
2025-06,Акварель,DJ05270,2.0,0.04814399
2024-07,Антошка,DJ05270,1.0,0.0
2024-08,Антошка,DJ05270,0.0,0.0
2024-09,Антошка,DJ05270,0.0,0.0
2024-10,Антошка,DJ05270,1.0,0.0
2024-11,Антошка,DJ05270,0.0,0.0
2024-12,Антошка,DJ05270,0.0,0.05526653
2025-01,Антошка,DJ05270,0.0,0.0
2025-02,Антошка,DJ05270,1.0,0.0
2025-03,Антошка,DJ05270,1.0,0.0
2025-04,Антошка,DJ05270,1.0,0.0
2025-05,Антошка,DJ05270,0.0,0.0
2025-06,Антошка,DJ05270,0.0,0.0
2024-07,БІ,DJ05270,7.0,2.6389844
2024-08,БІ,DJ05270,2.0,2.59032
2024-09,БІ,DJ05270,2.0,2.0943367
2024-10,БІ,DJ05270,3.0,1.6752213
2024-11,БІ,DJ05270,7.0,2.0840006
2024-12,БІ,DJ05270,18.0,8.374371
2025-01,БІ,DJ05270,6.0,3.2255955
2025-02,БІ,DJ05270,13.0,3.3690526
2025-03,БІ,DJ05270,16.0,3.665866
2025-04,БІ,DJ05270,5.0,2.7733974
2025-05,БІ,DJ05270,6.0,2.1222372
2025-06,БІ,DJ05270,5.0,2.4658513
2024-07,Браін,DJ05270,0.0,0.0
2024-08,Браін,DJ05270,0.0,0.0
2024-09,Браін,DJ05270,0.0,0.0
2024-10,Браін,DJ05270,0.0,0.0
2024-11,Браін,DJ05270,1.0,0.0
2024-12,Браін,DJ05270,0.0,0.0
2025-01,Браін,DJ05270,2.0,0.0
2025-02,Браін,DJ05270,0.0,0.0
2025-03,Браін,DJ05270,2.0,0.0
2025-04,Браін,DJ05270,1.0,0.0
2025-05,Браін,DJ05270,1.0,0.0
2025-06,Браін,DJ05270,2.0,0.0
2024-07,Віват Канцелярія,DJ05270,0.0,0.0
2024-08,Віват Канцелярія,DJ05270,0.0,0.0
2024-09,Віват Канцелярія,DJ05270,0.0,0.0
2024-10,Віват Канцелярія,DJ05270,1.0,0.0
2024-11,Віват Канцелярія,DJ05270,2.0,0.0
2024-12,Віват Канцелярія,DJ05270,2.0,0.41970152
2025-01,Віват Канцелярія,DJ05270,0.0,0.0
2025-02,Віват Канцелярія,DJ05270,3.0,0.034619983
2025-03,Віват Канцелярія,DJ05270,0.0,0.0
2025-04,Віват Канцелярія,DJ05270,0.0,0.0
2025-05,Віват Канцелярія,DJ05270,1.0,0.0
2025-06,Віват Канцелярія,DJ05270,4.0,0.0
2024-07,МайПлей,DJ05270,0.0,0.0
2024-08,МайПлей,DJ05270,0.0,0.0
2024-09,МайПлей,DJ05270,0.0,0.0
2024-10,МайПлей,DJ05270,0.0,0.0
2024-11,МайПлей,DJ05270,1.0,0.0
2024-12,МайПлей,DJ05270,1.0,0.19979194
2025-01,МайПлей,DJ05270,0.0,0.0
2025-02,МайПлей,DJ05270,1.0,0.0
2025-03,МайПлей,DJ05270,0.0,0.0
2025-04,МайПлей,DJ05270,1.0,0.0
2025-05,МайПлей,DJ05270,0.0,0.0
2025-06,МайПлей,DJ05270,1.0,0.0
2024-07,СмартТойс,DJ05270,12.0,0.2021418
2024-08,СмартТойс,DJ05270,1.0,0.3466469
2024-09,СмартТойс,DJ05270,0.0,0.101488255
2024-10,СмартТойс,DJ05270,0.0,0.00041845252
2024-11,СмартТойс,DJ05270,3.0,0.33211958
2024-12,СмартТойс,DJ05270,4.0,1.2862533
2025-01,СмартТойс,DJ05270,1.0,0.0
2025-02,СмартТойс,DJ05270,22.0,0.44704697
2025-03,СмартТойс,DJ05270,2.0,1.9073815
2025-04,СмартТойс,DJ05270,3.0,1.0551398
2025-05,СмартТойс,DJ05270,0.0,0.40263936
2025-06,СмартТойс,DJ05270,2.0,0.6893139
2024-07,Сільпо,DJ05270,1.0,0.1379059
2024-08,Сільпо,DJ05270,2.0,0.08215391
2024-09,Сільпо,DJ05270,0.0,0.008886369
2024-10,Сільпо,DJ05270,4.0,0.14773333
2024-11,Сільпо,DJ05270,0.0,0.22566324
2024-12,Сільпо,DJ05270,11.0,0.76389056
2025-01,Сільпо,DJ05270,1.0,0.9787693
2025-02,Сільпо,DJ05270,2.0,0.23605068
2025-03,Сільпо,DJ05270,0.0,0.21222754
2025-04,Сільпо,DJ05270,2.0,0.0
2025-05,Сільпо,DJ05270,1.0,0.06761833
2025-06,Сільпо,DJ05270,0.0,0.09917648
2024-07,Віват Канцелярія,DJ05640,0.0,0.0
2024-08,Віват Канцелярія,DJ05640,2.0,0.0
2024-09,Віват Канцелярія,DJ05640,1.0,0.0
2024-10,Віват Канцелярія,DJ05640,0.0,0.0
2024-11,Віват Канцелярія,DJ05640,1.0,0.0
2024-12,Віват Канцелярія,DJ05640,0.0,0.038246863
2025-01,Віват Канцелярія,DJ05640,0.0,0.0
2025-02,Віват Канцелярія,DJ05640,0.0,0.0
2025-03,Віват Канцелярія,DJ05640,0.0,0.0
2025-04,Віват Канцелярія,DJ05640,2.0,0.0
2025-05,Віват Канцелярія,DJ05640,0.0,0.0
2025-06,Віват Канцелярія,DJ05640,0.0,0.0
2024-07,ІМ-Розетка,DJ05641,0.0,0.0
2024-08,ІМ-Розетка,DJ05641,0.0,0.0
2024-09,ІМ-Розетка,DJ05641,0.0,0.0
2024-10,ІМ-Розетка,DJ05641,1.0,0.0
2024-11,ІМ-Розетка,DJ05641,2.0,0.15071458
2024-12,ІМ-Розетка,DJ05641,3.0,2.1885262
2025-01,ІМ-Розетка,DJ05641,2.0,0.6602698
2025-02,ІМ-Розетка,DJ05641,0.0,0.0
2025-03,ІМ-Розетка,DJ05641,0.0,0.0
2025-04,ІМ-Розетка,DJ05641,0.0,0.0
2025-05,ІМ-Розетка,DJ05641,2.0,0.0
2025-06,ІМ-Розетка,DJ05641,0.0,0.0
2024-07,Акварель,DJ05641,0.0,0.0
2024-08,Акварель,DJ05641,1.0,0.0
2024-09,Акварель,DJ05641,0.0,0.0
2024-10,Акварель,DJ05641,1.0,0.0
2024-11,Акварель,DJ05641,0.0,0.0
2024-12,Акварель,DJ05641,4.0,0.44407204
2025-01,Акварель,DJ05641,1.0,0.18877198
2025-02,Акварель,DJ05641,3.0,0.0
2025-03,Акварель,DJ05641,1.0,0.1347944
2025-04,Акварель,DJ05641,0.0,0.0
2025-05,Акварель,DJ05641,2.0,0.0
2025-06,Акварель,DJ05641,0.0,0.0011800332
2024-07,Антошка,DJ05641,2.0,0.0
2024-08,Антошка,DJ05641,1.0,0.0
2024-09,Антошка,DJ05641,0.0,0.0
2024-10,Антошка,DJ05641,2.0,0.0
2024-11,Антошка,DJ05641,0.0,0.0
2024-12,Антошка,DJ05641,1.0,0.25803536
2025-01,Антошка,DJ05641,1.0,0.0
2025-02,Антошка,DJ05641,0.0,0.0
2025-03,Антошка,DJ05641,0.0,0.0
2025-04,Антошка,DJ05641,1.0,0.0
2025-05,Антошка,DJ05641,1.0,0.0
2025-06,Антошка,DJ05641,0.0,0.0
2024-07,БІ,DJ05641,1.0,1.0267639
2024-08,БІ,DJ05641,6.0,1.4721957
2024-09,БІ,DJ05641,4.0,1.6772816
2024-10,БІ,DJ05641,0.0,0.9916363
2024-11,БІ,DJ05641,5.0,1.0715128
2024-12,БІ,DJ05641,14.0,5.0976768
2025-01,БІ,DJ05641,5.0,1.5826598
2025-02,БІ,DJ05641,2.0,1.0137281
2025-03,БІ,DJ05641,5.0,0.5523587
2025-04,БІ,DJ05641,2.0,0.6532132
2025-05,БІ,DJ05641,4.0,0.41196984
2025-06,БІ,DJ05641,3.0,0.6694013
2024-07,Епіцентр,DJ05641,0.0,0.0
2024-08,Епіцентр,DJ05641,0.0,0.0
2024-09,Епіцентр,DJ05641,0.0,0.0
2024-10,Епіцентр,DJ05641,1.0,0.0
2024-11,Епіцентр,DJ05641,0.0,0.0
2024-12,Епіцентр,DJ05641,0.0,0.20083466
2025-01,Епіцентр,DJ05641,1.0,0.0
2025-02,Епіцентр,DJ05641,0.0,0.0
2025-03,Епіцентр,DJ05641,0.0,0.0
2025-04,Епіцентр,DJ05641,0.0,0.0
2025-05,Епіцентр,DJ05641,0.0,0.0
2025-06,Епіцентр,DJ05641,1.0,0.0
2024-07,МайПлей,DJ05641,0.0,0.0
2024-08,МайПлей,DJ05641,2.0,0.0
2024-09,МайПлей,DJ05641,1.0,0.0
2024-10,МайПлей,DJ05641,1.0,0.0
2024-11,МайПлей,DJ05641,0.0,0.0
2024-12,МайПлей,DJ05641,2.0,0.24053359
2025-01,МайПлей,DJ05641,0.0,0.0
2025-02,МайПлей,DJ05641,2.0,0.0
2025-03,МайПлей,DJ05641,2.0,0.0
2025-04,МайПлей,DJ05641,0.0,0.0
2025-05,МайПлей,DJ05641,0.0,0.0
2025-06,МайПлей,DJ05641,0.0,0.0
2024-07,Мегамаркет,DJ05641,2.0,0.0
2024-08,Мегамаркет,DJ05641,0.0,0.08947346
2024-09,Мегамаркет,DJ05641,0.0,0.0
2024-10,Мегамаркет,DJ05641,2.0,0.0
2024-11,Мегамаркет,DJ05641,0.0,0.0
2024-12,Мегамаркет,DJ05641,2.0,0.48492137
2025-01,Мегамаркет,DJ05641,0.0,0.0
2025-02,Мегамаркет,DJ05641,1.0,0.0
2025-03,Мегамаркет,DJ05641,1.0,0.0
2025-04,Мегамаркет,DJ05641,0.0,0.0
2025-05,Мегамаркет,DJ05641,1.0,0.0
2025-06,Мегамаркет,DJ05641,0.0,0.0
2024-07,ІМ-Розетка,DJ05642,0.0,0.21526839
2024-08,ІМ-Розетка,DJ05642,1.0,0.10254428
2024-09,ІМ-Розетка,DJ05642,0.0,0.0
2024-10,ІМ-Розетка,DJ05642,0.0,0.0
2024-11,ІМ-Розетка,DJ05642,0.0,0.06755251
2024-12,ІМ-Розетка,DJ05642,3.0,1.7222439
2025-01,ІМ-Розетка,DJ05642,0.0,0.4392
2025-02,ІМ-Розетка,DJ05642,2.0,0.0
2025-03,ІМ-Розетка,DJ05642,0.0,0.0
2025-04,ІМ-Розетка,DJ05642,1.0,0.0
2025-05,ІМ-Розетка,DJ05642,0.0,0.0
2025-06,ІМ-Розетка,DJ05642,0.0,0.0
2024-07,Акварель,DJ05642,2.0,0.0
2024-08,Акварель,DJ05642,0.0,0.022002483
2024-09,Акварель,DJ05642,0.0,0.002835053
2024-10,Акварель,DJ05642,1.0,0.0
2024-11,Акварель,DJ05642,0.0,0.0
2024-12,Акварель,DJ05642,3.0,0.5441023
2025-01,Акварель,DJ05642,1.0,0.06775182
2025-02,Акварель,DJ05642,1.0,0.0
2025-03,Акварель,DJ05642,2.0,0.0
2025-04,Акварель,DJ05642,2.0,0.011158633
2025-05,Акварель,DJ05642,1.0,0.2995969
2025-06,Акварель,DJ05642,0.0,0.0
2024-07,БІ,DJ05642,5.0,1.0621688
2024-08,БІ,DJ05642,5.0,1.3810444
2024-09,БІ,DJ05642,1.0,1.3267822
2024-10,БІ,DJ05642,0.0,0.7167744
2024-11,БІ,DJ05642,3.0,0.64915204
2024-12,БІ,DJ05642,13.0,3.7784078
2025-01,БІ,DJ05642,8.0,1.5837961
2025-02,БІ,DJ05642,5.0,1.217471
2025-03,БІ,DJ05642,3.0,0.858156
2025-04,БІ,DJ05642,3.0,0.7976803
2025-05,БІ,DJ05642,5.0,0.80654025
2025-06,БІ,DJ05642,6.0,0.8531465
2024-07,Епіцентр,DJ05642,0.0,0.0
2024-08,Епіцентр,DJ05642,0.0,0.0
2024-09,Епіцентр,DJ05642,0.0,0.0
2024-10,Епіцентр,DJ05642,0.0,0.0
2024-11,Епіцентр,DJ05642,0.0,0.0
2024-12,Епіцентр,DJ05642,1.0,0.20737168
2025-01,Епіцентр,DJ05642,0.0,0.0
2025-02,Епіцентр,DJ05642,0.0,0.0
2025-03,Епіцентр,DJ05642,0.0,0.0
2025-04,Епіцентр,DJ05642,0.0,0.0
2025-05,Епіцентр,DJ05642,0.0,0.0
2025-06,Епіцентр,DJ05642,1.0,0.0
2024-07,МайПлей,DJ05642,0.0,0.0
2024-08,МайПлей,DJ05642,3.0,0.0
2024-09,МайПлей,DJ05642,3.0,0.08144337
2024-10,МайПлей,DJ05642,0.0,0.21192025
2024-11,МайПлей,DJ05642,1.0,0.051121235
2024-12,МайПлей,DJ05642,3.0,0.60831934
2025-01,МайПлей,DJ05642,1.0,0.0
2025-02,МайПлей,DJ05642,0.0,0.0
2025-03,МайПлей,DJ05642,2.0,0.0
2025-04,МайПлей,DJ05642,1.0,0.032900315
2025-05,МайПлей,DJ05642,0.0,0.0
2025-06,МайПлей,DJ05642,0.0,0.0
2024-07,ІМ-Розетка,DJ06103,1.0,0.12346338
2024-08,ІМ-Розетка,DJ06103,1.0,0.0
2024-09,ІМ-Розетка,DJ06103,1.0,0.0
2024-10,ІМ-Розетка,DJ06103,0.0,0.0
2024-11,ІМ-Розетка,DJ06103,0.0,0.0
2024-12,ІМ-Розетка,DJ06103,1.0,0.26071388
2025-01,ІМ-Розетка,DJ06103,0.0,0.0
2025-02,ІМ-Розетка,DJ06103,2.0,0.026248602
2025-03,ІМ-Розетка,DJ06103,2.0,0.15010925
2025-04,ІМ-Розетка,DJ06103,0.0,0.0
2025-05,ІМ-Розетка,DJ06103,2.0,0.0
2025-06,ІМ-Розетка,DJ06103,1.0,0.0
2024-07,БІ,DJ06103,1.0,1.4493643
2024-08,БІ,DJ06103,5.0,1.4419947
2024-09,БІ,DJ06103,1.0,1.2058009
2024-10,БІ,DJ06103,5.0,1.2506167
2024-11,БІ,DJ06103,3.0,1.3227574
2024-12,БІ,DJ06103,3.0,6.4893613
2025-01,БІ,DJ06103,3.0,1.3934993
2025-02,БІ,DJ06103,3.0,1.6894518
2025-03,БІ,DJ06103,5.0,1.1000415
2025-04,БІ,DJ06103,4.0,0.96601945
2025-05,БІ,DJ06103,4.0,0.7508631
2025-06,БІ,DJ06103,2.0,1.1843415
2024-07,Акварель,DJ06432,1.0,0.88203067
2024-08,Акварель,DJ06432,0.0,0.8259305
2024-09,Акварель,DJ06432,1.0,0.6785108
2024-10,Акварель,DJ06432,0.0,0.49040502
2024-11,Акварель,DJ06432,2.0,0.0
2024-12,Акварель,DJ06432,1.0,0.36255106
2025-01,Акварель,DJ06432,0.0,0.0
2025-02,Акварель,DJ06432,0.0,0.0
2025-03,Акварель,DJ06432,1.0,0.0
2025-04,Акварель,DJ06432,0.0,0.0
2025-05,Акварель,DJ06432,1.0,0.0
2025-06,Акварель,DJ06432,0.0,0.0
2024-07,Акварель,DJ06433,0.0,0.0
2024-08,Акварель,DJ06433,2.0,0.35782576
2024-09,Акварель,DJ06433,2.0,0.28128263
2024-10,Акварель,DJ06433,0.0,0.0
2024-11,Акварель,DJ06433,0.0,0.0
2024-12,Акварель,DJ06433,3.0,0.8831139
2025-01,Акварель,DJ06433,2.0,0.36751047
2025-02,Акварель,DJ06433,2.0,0.14552966
2025-03,Акварель,DJ06433,0.0,0.0
2025-04,Акварель,DJ06433,1.0,0.15660602
2025-05,Акварель,DJ06433,4.0,0.18025531
2025-06,Акварель,DJ06433,2.0,0.4363311
2024-07,ІМ-Розетка,DJ06481,0.0,0.0
2024-08,ІМ-Розетка,DJ06481,0.0,0.0
2024-09,ІМ-Розетка,DJ06481,0.0,0.0
2024-10,ІМ-Розетка,DJ06481,0.0,0.0
2024-11,ІМ-Розетка,DJ06481,1.0,0.0
2024-12,ІМ-Розетка,DJ06481,1.0,0.76492786
2025-01,ІМ-Розетка,DJ06481,1.0,0.0
2025-02,ІМ-Розетка,DJ06481,1.0,0.0
2025-03,ІМ-Розетка,DJ06481,0.0,0.0
2025-04,ІМ-Розетка,DJ06481,1.0,0.0
2025-05,ІМ-Розетка,DJ06481,4.0,0.0
2025-06,ІМ-Розетка,DJ06481,0.0,0.10172752
2024-07,Антошка,DJ06481,0.0,0.0
2024-08,Антошка,DJ06481,0.0,0.0
2024-09,Антошка,DJ06481,1.0,0.0
2024-10,Антошка,DJ06481,3.0,0.0
2024-11,Антошка,DJ06481,1.0,0.0
2024-12,Антошка,DJ06481,0.0,0.3780663
2025-01,Антошка,DJ06481,2.0,0.0
2025-02,Антошка,DJ06481,1.0,0.0
2025-03,Антошка,DJ06481,0.0,0.0
2025-04,Антошка,DJ06481,0.0,0.0
2025-05,Антошка,DJ06481,0.0,0.0
2025-06,Антошка,DJ06481,0.0,0.0
2024-07,БІ,DJ06481,2.0,0.52731484
2024-08,БІ,DJ06481,3.0,0.65320647
2024-09,БІ,DJ06481,1.0,0.4854081
2024-10,БІ,DJ06481,1.0,0.23858055
2024-11,БІ,DJ06481,4.0,0.40981784
2024-12,БІ,DJ06481,6.0,2.0959203
2025-01,БІ,DJ06481,4.0,0.77084017
2025-02,БІ,DJ06481,3.0,0.62907016
2025-03,БІ,DJ06481,1.0,0.34944597
2025-04,БІ,DJ06481,3.0,0.37018105
2025-05,БІ,DJ06481,1.0,0.576687
2025-06,БІ,DJ06481,1.0,0.40640423
2024-07,МайПлей,DJ06481,0.0,0.0
2024-08,МайПлей,DJ06481,1.0,0.0
2024-09,МайПлей,DJ06481,0.0,0.0
2024-10,МайПлей,DJ06481,0.0,0.0
2024-11,МайПлей,DJ06481,0.0,0.0
2024-12,МайПлей,DJ06481,1.0,0.0
2025-01,МайПлей,DJ06481,0.0,0.0
2025-02,МайПлей,DJ06481,0.0,0.0
2025-03,МайПлей,DJ06481,0.0,0.0
2025-04,МайПлей,DJ06481,0.0,0.0
2025-05,МайПлей,DJ06481,1.0,0.0
2025-06,МайПлей,DJ06481,0.0,0.0
2024-07,ІМ-Розетка,DJ06646,1.0,0.2593816
2024-08,ІМ-Розетка,DJ06646,2.0,0.21985546
2024-09,ІМ-Розетка,DJ06646,0.0,0.0
2024-10,ІМ-Розетка,DJ06646,0.0,0.10178203
2024-11,ІМ-Розетка,DJ06646,0.0,0.0
2024-12,ІМ-Розетка,DJ06646,0.0,0.21003708
2025-01,ІМ-Розетка,DJ06646,1.0,0.0
2025-02,ІМ-Розетка,DJ06646,0.0,0.0
2025-03,ІМ-Розетка,DJ06646,0.0,0.0
2025-04,ІМ-Розетка,DJ06646,0.0,0.0
2025-05,ІМ-Розетка,DJ06646,2.0,0.0
2025-06,ІМ-Розетка,DJ06646,2.0,0.0
2024-07,ІМ-Розетка,DJ06970,0.0,0.059101943
2024-08,ІМ-Розетка,DJ06970,1.0,0.0
2024-09,ІМ-Розетка,DJ06970,2.0,0.0
2024-10,ІМ-Розетка,DJ06970,0.0,0.0
2024-11,ІМ-Розетка,DJ06970,1.0,0.07400061
2024-12,ІМ-Розетка,DJ06970,0.0,2.0365407
2025-01,ІМ-Розетка,DJ06970,1.0,0.0
2025-02,ІМ-Розетка,DJ06970,1.0,0.0
2025-03,ІМ-Розетка,DJ06970,1.0,0.0
2025-04,ІМ-Розетка,DJ06970,0.0,0.0
2025-05,ІМ-Розетка,DJ06970,1.0,0.0
2025-06,ІМ-Розетка,DJ06970,1.0,0.0
2024-07,Акварель,DJ06970,1.0,0.505725
2024-08,Акварель,DJ06970,3.0,0.4541792
2024-09,Акварель,DJ06970,2.0,0.50749415
2024-10,Акварель,DJ06970,4.0,0.7218237
2024-11,Акварель,DJ06970,1.0,0.98039913
2024-12,Акварель,DJ06970,3.0,1.8782963
2025-01,Акварель,DJ06970,1.0,0.4170353
2025-02,Акварель,DJ06970,2.0,0.3669077
2025-03,Акварель,DJ06970,4.0,0.45113876
2025-04,Акварель,DJ06970,3.0,0.40690738
2025-05,Акварель,DJ06970,3.0,0.5614889
2025-06,Акварель,DJ06970,4.0,1.3696463
2024-07,Антошка,DJ06970,1.0,0.0
2024-08,Антошка,DJ06970,0.0,0.0
2024-09,Антошка,DJ06970,0.0,0.0
2024-10,Антошка,DJ06970,0.0,0.0
2024-11,Антошка,DJ06970,1.0,0.0
2024-12,Антошка,DJ06970,0.0,0.11716595
2025-01,Антошка,DJ06970,0.0,0.0
2025-02,Антошка,DJ06970,1.0,0.0
2025-03,Антошка,DJ06970,0.0,0.0
2025-04,Антошка,DJ06970,0.0,0.0
2025-05,Антошка,DJ06970,0.0,0.0
2025-06,Антошка,DJ06970,1.0,0.0
2024-07,БІ,DJ06970,4.0,1.2749442
2024-08,БІ,DJ06970,5.0,1.1763444
2024-09,БІ,DJ06970,4.0,1.1698678
2024-10,БІ,DJ06970,5.0,1.1087042
2024-11,БІ,DJ06970,6.0,1.5902997
2024-12,БІ,DJ06970,5.0,3.6094503
2025-01,БІ,DJ06970,4.0,1.1184626
2025-02,БІ,DJ06970,1.0,1.268229
2025-03,БІ,DJ06970,5.0,0.73916227
2025-04,БІ,DJ06970,4.0,0.7360947
2025-05,БІ,DJ06970,0.0,0.82523406
2025-06,БІ,DJ06970,6.0,1.429958
2024-07,Віват Канцелярія,DJ06970,0.0,0.0
2024-08,Віват Канцелярія,DJ06970,0.0,0.0
2024-09,Віват Канцелярія,DJ06970,0.0,0.0
2024-10,Віват Канцелярія,DJ06970,1.0,0.0
2024-11,Віват Канцелярія,DJ06970,0.0,0.0
2024-12,Віват Канцелярія,DJ06970,0.0,0.0
2025-01,Віват Канцелярія,DJ06970,0.0,0.0
2025-02,Віват Канцелярія,DJ06970,0.0,0.0
2025-03,Віват Канцелярія,DJ06970,0.0,0.0
2025-04,Віват Канцелярія,DJ06970,0.0,0.0
2025-05,Віват Канцелярія,DJ06970,0.0,0.0
2025-06,Віват Канцелярія,DJ06970,0.0,0.0
2024-07,МайПлей,DJ06970,0.0,0.0
2024-08,МайПлей,DJ06970,1.0,0.0
2024-09,МайПлей,DJ06970,1.0,0.0
2024-10,МайПлей,DJ06970,2.0,0.0
2024-11,МайПлей,DJ06970,0.0,0.0
2024-12,МайПлей,DJ06970,0.0,0.1353644
2025-01,МайПлей,DJ06970,0.0,0.0
2025-02,МайПлей,DJ06970,0.0,0.0
2025-03,МайПлей,DJ06970,0.0,0.0
2025-04,МайПлей,DJ06970,0.0,0.0
2025-05,МайПлей,DJ06970,1.0,0.0
2025-06,МайПлей,DJ06970,2.0,0.0
2024-07,СмартТойс,DJ06970,3.0,0.0
2024-08,СмартТойс,DJ06970,0.0,0.0
2024-09,СмартТойс,DJ06970,2.0,0.020267483
2024-10,СмартТойс,DJ06970,0.0,0.0
2024-11,СмартТойс,DJ06970,0.0,0.0
2024-12,СмартТойс,DJ06970,1.0,0.0
2025-01,СмартТойс,DJ06970,0.0,0.0
2025-02,СмартТойс,DJ06970,0.0,0.0
2025-03,СмартТойс,DJ06970,0.0,0.0
2025-04,СмартТойс,DJ06970,1.0,0.0
2025-05,СмартТойс,DJ06970,2.0,0.0
2025-06,СмартТойс,DJ06970,0.0,0.0
2024-07,Смік,DJ06970,2.0,0.0
2024-08,Смік,DJ06970,1.0,0.0
2024-09,Смік,DJ06970,1.0,0.0
2024-10,Смік,DJ06970,1.0,0.0
2024-11,Смік,DJ06970,1.0,0.0
2024-12,Смік,DJ06970,0.0,0.0
2025-01,Смік,DJ06970,1.0,0.0
2025-02,Смік,DJ06970,0.0,0.0
2025-03,Смік,DJ06970,0.0,0.0
2025-04,Смік,DJ06970,0.0,0.0
2025-05,Смік,DJ06970,0.0,0.0
2025-06,Смік,DJ06970,1.0,0.0
2024-07,Акварель,DJ06971,5.0,1.7059165
2024-08,Акварель,DJ06971,7.0,1.6185942
2024-09,Акварель,DJ06971,3.0,1.504383
2024-10,Акварель,DJ06971,3.0,1.6911606
2024-11,Акварель,DJ06971,5.0,1.005613
2024-12,Акварель,DJ06971,3.0,1.9606968
2025-01,Акварель,DJ06971,3.0,0.71224093
2025-02,Акварель,DJ06971,3.0,0.91197395
2025-03,Акварель,DJ06971,0.0,0.0
2025-04,Акварель,DJ06971,1.0,0.74298644
2025-05,Акварель,DJ06971,3.0,0.74584013
2025-06,Акварель,DJ06971,0.0,0.0
2024-07,БІ,DJ06971,10.0,2.910728
2024-08,БІ,DJ06971,8.0,2.5946798
2024-09,БІ,DJ06971,7.0,2.438496
2024-10,БІ,DJ06971,1.0,2.300857
2024-11,БІ,DJ06971,3.0,1.0613894
2024-12,БІ,DJ06971,8.0,3.1073456
2025-01,БІ,DJ06971,0.0,0.14254867
2025-02,БІ,DJ06971,0.0,0.0
2025-03,БІ,DJ06971,0.0,0.0
2025-04,БІ,DJ06971,1.0,0.29615703
2025-05,БІ,DJ06971,0.0,0.0
2025-06,БІ,DJ06971,1.0,0.36040324
2024-07,Віват Канцелярія,DJ06971,0.0,0.0
2024-08,Віват Канцелярія,DJ06971,2.0,0.0
2024-09,Віват Канцелярія,DJ06971,0.0,0.0
2024-10,Віват Канцелярія,DJ06971,0.0,0.0
2024-11,Віват Канцелярія,DJ06971,0.0,0.0
2024-12,Віват Канцелярія,DJ06971,1.0,0.0
2025-01,Віват Канцелярія,DJ06971,0.0,0.0
2025-02,Віват Канцелярія,DJ06971,0.0,0.0
2025-03,Віват Канцелярія,DJ06971,0.0,0.0
2025-04,Віват Канцелярія,DJ06971,0.0,0.0
2025-05,Віват Канцелярія,DJ06971,0.0,0.0
2025-06,Віват Канцелярія,DJ06971,0.0,0.0
2024-07,МайПлей,DJ06971,1.0,0.0
2024-08,МайПлей,DJ06971,1.0,0.0
2024-09,МайПлей,DJ06971,2.0,0.021651788
2024-10,МайПлей,DJ06971,0.0,0.13488498
2024-11,МайПлей,DJ06971,0.0,0.0
2024-12,МайПлей,DJ06971,3.0,0.0
2025-01,МайПлей,DJ06971,1.0,0.0
2025-02,МайПлей,DJ06971,0.0,0.0
2025-03,МайПлей,DJ06971,1.0,0.0
2025-04,МайПлей,DJ06971,0.0,0.0
2025-05,МайПлей,DJ06971,0.0,0.0
2025-06,МайПлей,DJ06971,0.0,0.0
2024-07,Смік,DJ06971,2.0,0.0
2024-08,Смік,DJ06971,1.0,0.0
2024-09,Смік,DJ06971,0.0,0.0
2024-10,Смік,DJ06971,0.0,0.0
2024-11,Смік,DJ06971,0.0,0.0
2024-12,Смік,DJ06971,0.0,0.0
2025-01,Смік,DJ06971,0.0,0.0
2025-02,Смік,DJ06971,0.0,0.0
2025-03,Смік,DJ06971,0.0,0.0
2025-04,Смік,DJ06971,1.0,0.0
2025-05,Смік,DJ06971,0.0,0.0
2025-06,Смік,DJ06971,0.0,0.0
2024-07,Акварель,DJ07015,2.0,1.4628379
2024-08,Акварель,DJ07015,5.0,1.5055063
2024-09,Акварель,DJ07015,1.0,1.2834917
2024-10,Акварель,DJ07015,3.0,1.7734777
2024-11,Акварель,DJ07015,3.0,0.8340573
2024-12,Акварель,DJ07015,1.0,1.543447
2025-01,Акварель,DJ07015,2.0,0.47608238
2025-02,Акварель,DJ07015,0.0,0.0
2025-03,Акварель,DJ07015,0.0,0.0
2025-04,Акварель,DJ07015,0.0,0.0
2025-05,Акварель,DJ07015,2.0,0.4707349
2025-06,Акварель,DJ07015,2.0,0.2876482
2024-07,Акварель,DJ07016,3.0,1.6506232
2024-08,Акварель,DJ07016,2.0,1.4041868
2024-09,Акварель,DJ07016,3.0,1.502143
2024-10,Акварель,DJ07016,2.0,1.6188271
2024-11,Акварель,DJ07016,9.0,0.6730194
2024-12,Акварель,DJ07016,7.0,3.0465245
2025-01,Акварель,DJ07016,2.0,0.71745706
2025-02,Акварель,DJ07016,2.0,0.40466076
2025-03,Акварель,DJ07016,0.0,0.0
2025-04,Акварель,DJ07016,1.0,0.36958975
2025-05,Акварель,DJ07016,2.0,0.36690027
2025-06,Акварель,DJ07016,1.0,0.2624463
2024-07,ІМ-Розетка,DJ07112,1.0,0.07515159
2024-08,ІМ-Розетка,DJ07112,1.0,0.09621624
2024-09,ІМ-Розетка,DJ07112,0.0,0.0
2024-10,ІМ-Розетка,DJ07112,1.0,0.0
2024-11,ІМ-Розетка,DJ07112,4.0,0.11120773
2024-12,ІМ-Розетка,DJ07112,3.0,2.7046275
2025-01,ІМ-Розетка,DJ07112,1.0,0.19649307
2025-02,ІМ-Розетка,DJ07112,0.0,0.0
2025-03,ІМ-Розетка,DJ07112,0.0,0.0
2025-04,ІМ-Розетка,DJ07112,0.0,0.0
2025-05,ІМ-Розетка,DJ07112,0.0,0.0
2025-06,ІМ-Розетка,DJ07112,3.0,0.0
2024-07,Акварель,DJ07112,1.0,0.3694029
2024-08,Акварель,DJ07112,0.0,0.256834
2024-09,Акварель,DJ07112,1.0,0.34643576
2024-10,Акварель,DJ07112,6.0,0.7468344
2024-11,Акварель,DJ07112,2.0,1.2073318
2024-12,Акварель,DJ07112,10.0,4.059314
2025-01,Акварель,DJ07112,1.0,2.030816
2025-02,Акварель,DJ07112,3.0,0.2412898
2025-03,Акварель,DJ07112,2.0,0.46426365
2025-04,Акварель,DJ07112,1.0,0.5382971
2025-05,Акварель,DJ07112,3.0,0.48889613
2025-06,Акварель,DJ07112,2.0,0.59910846
2024-07,Антошка,DJ07112,3.0,0.6341965
2024-08,Антошка,DJ07112,3.0,0.67267483
2024-09,Антошка,DJ07112,2.0,0.48505276
2024-10,Антошка,DJ07112,0.0,0.87084293
2024-11,Антошка,DJ07112,1.0,0.2349871
2024-12,Антошка,DJ07112,15.0,2.648866
2025-01,Антошка,DJ07112,4.0,2.3260577
2025-02,Антошка,DJ07112,7.0,0.5704747
2025-03,Антошка,DJ07112,6.0,2.0141575
2025-04,Антошка,DJ07112,3.0,1.2600268
2025-05,Антошка,DJ07112,4.0,0.9931956
2025-06,Антошка,DJ07112,0.0,0.924314
2024-07,БІ,DJ07112,18.0,7.5305014
2024-08,БІ,DJ07112,9.0,8.380787
2024-09,БІ,DJ07112,17.0,6.8299375
2024-10,БІ,DJ07112,21.0,11.708943
2024-11,БІ,DJ07112,35.0,13.800386
2024-12,БІ,DJ07112,108.0,51.027824
2025-01,БІ,DJ07112,35.0,22.988005
2025-02,БІ,DJ07112,17.0,11.1828165
2025-03,БІ,DJ07112,18.0,12.658567
2025-04,БІ,DJ07112,18.0,8.038024
2025-05,БІ,DJ07112,11.0,8.563203
2025-06,БІ,DJ07112,22.0,6.385398
2024-07,Епіцентр,DJ07112,1.0,0.0
2024-08,Епіцентр,DJ07112,0.0,0.0
2024-09,Епіцентр,DJ07112,0.0,0.0
2024-10,Епіцентр,DJ07112,0.0,0.0
2024-11,Епіцентр,DJ07112,1.0,0.0
2024-12,Епіцентр,DJ07112,0.0,0.7213813
2025-01,Епіцентр,DJ07112,0.0,0.0
2025-02,Епіцентр,DJ07112,0.0,0.0
2025-03,Епіцентр,DJ07112,0.0,0.0
2025-04,Епіцентр,DJ07112,0.0,0.0
2025-05,Епіцентр,DJ07112,0.0,0.0
2025-06,Епіцентр,DJ07112,0.0,0.17382652
2024-07,МайПлей,DJ07112,1.0,0.45819655
2024-08,МайПлей,DJ07112,2.0,0.22133431
2024-09,МайПлей,DJ07112,1.0,0.19170763
2024-10,МайПлей,DJ07112,4.0,0.2181217
2024-11,МайПлей,DJ07112,5.0,0.6209475
2024-12,МайПлей,DJ07112,16.0,3.2758918
2025-01,МайПлей,DJ07112,0.0,0.4079539
2025-02,МайПлей,DJ07112,0.0,0.08725107
2025-03,МайПлей,DJ07112,2.0,0.085796
2025-04,МайПлей,DJ07112,0.0,0.019051772
2025-05,МайПлей,DJ07112,2.0,0.0
2025-06,МайПлей,DJ07112,2.0,0.0
2024-07,Супрун ФОП,DJ07112,20.0,2.2601967
2024-08,Супрун ФОП,DJ07112,0.0,1.3457419
2024-09,Супрун ФОП,DJ07112,2.0,1.6031691
2024-10,Супрун ФОП,DJ07112,0.0,0.9695674
2024-11,Супрун ФОП,DJ07112,18.0,1.0271312
2024-12,Супрун ФОП,DJ07112,74.0,6.844002
2025-01,Супрун ФОП,DJ07112,0.0,2.1071544
2025-02,Супрун ФОП,DJ07112,0.0,0.0
2025-03,Супрун ФОП,DJ07112,0.0,0.19003907
2025-04,Супрун ФОП,DJ07112,0.0,0.0
2025-05,Супрун ФОП,DJ07112,0.0,0.31602225
2025-06,Супрун ФОП,DJ07112,11.0,1.0066588
2024-07,ІМ-МауДау,DJ07114,0.0,0.0
2024-08,ІМ-МауДау,DJ07114,0.0,0.0
2024-09,ІМ-МауДау,DJ07114,0.0,0.0
2024-10,ІМ-МауДау,DJ07114,0.0,0.0
2024-11,ІМ-МауДау,DJ07114,1.0,0.0
2024-12,ІМ-МауДау,DJ07114,0.0,0.0
2025-01,ІМ-МауДау,DJ07114,1.0,0.0
2025-02,ІМ-МауДау,DJ07114,0.0,0.0
2025-03,ІМ-МауДау,DJ07114,0.0,0.0
2025-04,ІМ-МауДау,DJ07114,0.0,0.0
2025-05,ІМ-МауДау,DJ07114,1.0,0.0
2025-06,ІМ-МауДау,DJ07114,0.0,0.0
2024-07,ІМ-Розетка,DJ07114,2.0,0.52218115
2024-08,ІМ-Розетка,DJ07114,1.0,0.60631955
2024-09,ІМ-Розетка,DJ07114,1.0,0.24696642
2024-10,ІМ-Розетка,DJ07114,2.0,0.5689648
2024-11,ІМ-Розетка,DJ07114,3.0,1.6414026
2024-12,ІМ-Розетка,DJ07114,0.0,3.1885304
2025-01,ІМ-Розетка,DJ07114,2.0,0.34657034
2025-02,ІМ-Розетка,DJ07114,0.0,0.078888975
2025-03,ІМ-Розетка,DJ07114,0.0,0.056248836
2025-04,ІМ-Розетка,DJ07114,0.0,0.0
2025-05,ІМ-Розетка,DJ07114,1.0,0.0
2025-06,ІМ-Розетка,DJ07114,3.0,0.008078427
2024-07,Акварель,DJ07114,1.0,0.56852734
2024-08,Акварель,DJ07114,1.0,0.4682068
2024-09,Акварель,DJ07114,3.0,0.7151586
2024-10,Акварель,DJ07114,5.0,1.0580949
2024-11,Акварель,DJ07114,1.0,1.1885742
2024-12,Акварель,DJ07114,7.0,2.4494152
2025-01,Акварель,DJ07114,2.0,0.63275576
2025-02,Акварель,DJ07114,3.0,0.33048472
2025-03,Акварель,DJ07114,6.0,0.20606138
2025-04,Акварель,DJ07114,1.0,0.5440386
2025-05,Акварель,DJ07114,0.0,0.63786
2025-06,Акварель,DJ07114,0.0,0.30149224
2024-07,БІ,DJ07114,14.0,8.588158
2024-08,БІ,DJ07114,20.0,7.6263266
2024-09,БІ,DJ07114,15.0,8.615817
2024-10,БІ,DJ07114,24.0,11.4955635
2024-11,БІ,DJ07114,26.0,14.802318
2024-12,БІ,DJ07114,51.0,31.802961
2025-01,БІ,DJ07114,22.0,11.29102
2025-02,БІ,DJ07114,22.0,9.779878
2025-03,БІ,DJ07114,30.0,11.18435
2025-04,БІ,DJ07114,16.0,8.855738
2025-05,БІ,DJ07114,22.0,8.506334
2025-06,БІ,DJ07114,22.0,7.5259895
2024-07,Віват Канцелярія,DJ07114,0.0,0.0
2024-08,Віват Канцелярія,DJ07114,1.0,0.28081104
2024-09,Віват Канцелярія,DJ07114,1.0,0.2230434
2024-10,Віват Канцелярія,DJ07114,0.0,1.088444
2024-11,Віват Канцелярія,DJ07114,6.0,0.23562473
2024-12,Віват Канцелярія,DJ07114,7.0,1.8098292
2025-01,Віват Канцелярія,DJ07114,1.0,0.49557403
2025-02,Віват Канцелярія,DJ07114,3.0,0.22608796
2025-03,Віват Канцелярія,DJ07114,0.0,0.24592778
2025-04,Віват Канцелярія,DJ07114,1.0,0.0
2025-05,Віват Канцелярія,DJ07114,0.0,0.21278855
2025-06,Віват Канцелярія,DJ07114,0.0,0.0
2024-07,МайПлей,DJ07114,0.0,0.26822892
2024-08,МайПлей,DJ07114,1.0,0.0
2024-09,МайПлей,DJ07114,1.0,0.0
2024-10,МайПлей,DJ07114,0.0,0.0009579476
2024-11,МайПлей,DJ07114,3.0,0.036112256
2024-12,МайПлей,DJ07114,10.0,0.9325698
2025-01,МайПлей,DJ07114,3.0,1.1051098
2025-02,МайПлей,DJ07114,2.0,0.14965326
2025-03,МайПлей,DJ07114,2.0,0.06971478
2025-04,МайПлей,DJ07114,1.0,0.0034431352
2025-05,МайПлей,DJ07114,1.0,0.04592451
2025-06,МайПлей,DJ07114,0.0,0.07061054
2024-07,Мегамаркет,DJ07114,0.0,0.061691087
2024-08,Мегамаркет,DJ07114,2.0,0.18040815
2024-09,Мегамаркет,DJ07114,1.0,0.032810036
2024-10,Мегамаркет,DJ07114,4.0,0.31635264
2024-11,Мегамаркет,DJ07114,0.0,0.19825178
2024-12,Мегамаркет,DJ07114,1.0,0.7565558
2025-01,Мегамаркет,DJ07114,0.0,0.0
2025-02,Мегамаркет,DJ07114,0.0,0.0
2025-03,Мегамаркет,DJ07114,0.0,0.0
2025-04,Мегамаркет,DJ07114,1.0,0.0
2025-05,Мегамаркет,DJ07114,0.0,0.0
2025-06,Мегамаркет,DJ07114,1.0,0.0
2024-07,Супрун ФОП,DJ07114,20.0,0.83310187
2024-08,Супрун ФОП,DJ07114,9.0,3.3313
2024-09,Супрун ФОП,DJ07114,3.0,2.0508919
2024-10,Супрун ФОП,DJ07114,3.0,1.7368028
2024-11,Супрун ФОП,DJ07114,0.0,0.8144592
2024-12,Супрун ФОП,DJ07114,2.0,1.3587852
2025-01,Супрун ФОП,DJ07114,1.0,0.66465175
2025-02,Супрун ФОП,DJ07114,0.0,0.0
2025-03,Супрун ФОП,DJ07114,1.0,0.20059252
2025-04,Супрун ФОП,DJ07114,1.0,0.40113062
2025-05,Супрун ФОП,DJ07114,0.0,0.23668765
2025-06,Супрун ФОП,DJ07114,5.0,0.42018443
2024-07,ІМ-Розетка,DJ07161,2.0,0.25791562
2024-08,ІМ-Розетка,DJ07161,5.0,0.76408625
2024-09,ІМ-Розетка,DJ07161,3.0,1.0519941
2024-10,ІМ-Розетка,DJ07161,0.0,0.72104204
2024-11,ІМ-Розетка,DJ07161,12.0,0.5952013
2024-12,ІМ-Розетка,DJ07161,21.0,7.8804665
2025-01,ІМ-Розетка,DJ07161,4.0,2.7036781
2025-02,ІМ-Розетка,DJ07161,1.0,0.0
2025-03,ІМ-Розетка,DJ07161,0.0,0.6420076
2025-04,ІМ-Розетка,DJ07161,2.0,0.45793408
2025-05,ІМ-Розетка,DJ07161,0.0,0.0
2025-06,ІМ-Розетка,DJ07161,0.0,0.0
2024-07,Акварель,DJ07161,4.0,0.8113217
2024-08,Акварель,DJ07161,2.0,0.81440103
2024-09,Акварель,DJ07161,0.0,0.683816
2024-10,Акварель,DJ07161,2.0,0.61616987
2024-11,Акварель,DJ07161,3.0,1.0402602
2024-12,Акварель,DJ07161,17.0,3.4178112
2025-01,Акварель,DJ07161,1.0,2.8325365
2025-02,Акварель,DJ07161,3.0,0.48813808
2025-03,Акварель,DJ07161,5.0,0.5988881
2025-04,Акварель,DJ07161,1.0,1.1349576
2025-05,Акварель,DJ07161,2.0,1.1290299
2025-06,Акварель,DJ07161,3.0,1.3685623
2024-07,Антошка,DJ07161,0.0,0.6777304
2024-08,Антошка,DJ07161,5.0,1.1486506
2024-09,Антошка,DJ07161,4.0,1.1162763
2024-10,Антошка,DJ07161,1.0,0.74502844
2024-11,Антошка,DJ07161,6.0,0.8979893
2024-12,Антошка,DJ07161,14.0,4.9746265
2025-01,Антошка,DJ07161,5.0,2.6346316
2025-02,Антошка,DJ07161,3.0,0.9436282
2025-03,Антошка,DJ07161,4.0,0.99100745
2025-04,Антошка,DJ07161,3.0,0.93664
2025-05,Антошка,DJ07161,4.0,1.2788801
2025-06,Антошка,DJ07161,3.0,1.5773787
2024-07,БІ,DJ07161,20.0,6.8033695
2024-08,БІ,DJ07161,33.0,12.175994
2024-09,БІ,DJ07161,17.0,12.357843
2024-10,БІ,DJ07161,32.0,10.964376
2024-11,БІ,DJ07161,38.0,13.534874
2024-12,БІ,DJ07161,99.0,38.518314
2025-01,БІ,DJ07161,39.0,18.477724
2025-02,БІ,DJ07161,14.0,12.637382
2025-03,БІ,DJ07161,15.0,10.691628
2025-04,БІ,DJ07161,21.0,7.830873
2025-05,БІ,DJ07161,25.0,9.793254
2025-06,БІ,DJ07161,32.0,12.244156
2024-07,Віват Канцелярія,DJ07161,0.0,0.0
2024-08,Віват Канцелярія,DJ07161,0.0,0.0
2024-09,Віват Канцелярія,DJ07161,0.0,0.0
2024-10,Віват Канцелярія,DJ07161,1.0,0.0
2024-11,Віват Канцелярія,DJ07161,1.0,0.0
2024-12,Віват Канцелярія,DJ07161,0.0,0.19332056
2025-01,Віват Канцелярія,DJ07161,0.0,0.0
2025-02,Віват Канцелярія,DJ07161,0.0,0.0
2025-03,Віват Канцелярія,DJ07161,1.0,0.0
2025-04,Віват Канцелярія,DJ07161,0.0,0.0
2025-05,Віват Канцелярія,DJ07161,0.0,0.0
2025-06,Віват Канцелярія,DJ07161,0.0,0.0
2024-07,МайПлей,DJ07161,1.0,0.27645862
2024-08,МайПлей,DJ07161,0.0,0.34392142
2024-09,МайПлей,DJ07161,1.0,0.0
2024-10,МайПлей,DJ07161,0.0,0.0
2024-11,МайПлей,DJ07161,3.0,0.10642417
2024-12,МайПлей,DJ07161,6.0,1.2462003
2025-01,МайПлей,DJ07161,0.0,0.0
2025-02,МайПлей,DJ07161,2.0,0.0
2025-03,МайПлей,DJ07161,0.0,0.0
2025-04,МайПлей,DJ07161,1.0,0.0
2025-05,МайПлей,DJ07161,1.0,0.0
2025-06,МайПлей,DJ07161,0.0,0.16455562
2024-07,Мегамаркет,DJ07161,1.0,0.0
2024-08,Мегамаркет,DJ07161,0.0,0.0
2024-09,Мегамаркет,DJ07161,3.0,0.0
2024-10,Мегамаркет,DJ07161,2.0,0.13892868
2024-11,Мегамаркет,DJ07161,0.0,0.012144162
2024-12,Мегамаркет,DJ07161,1.0,0.84124625
2025-01,Мегамаркет,DJ07161,1.0,0.23450522
2025-02,Мегамаркет,DJ07161,0.0,0.0
2025-03,Мегамаркет,DJ07161,1.0,0.0
2025-04,Мегамаркет,DJ07161,0.0,0.0
2025-05,Мегамаркет,DJ07161,0.0,0.0
2025-06,Мегамаркет,DJ07161,0.0,0.0
2024-07,ІМ-МауДау,DJ07162,0.0,0.0
2024-08,ІМ-МауДау,DJ07162,4.0,0.0
2024-09,ІМ-МауДау,DJ07162,1.0,0.06321306
2024-10,ІМ-МауДау,DJ07162,0.0,0.0
2024-11,ІМ-МауДау,DJ07162,0.0,0.0
2024-12,ІМ-МауДау,DJ07162,0.0,0.0
2025-01,ІМ-МауДау,DJ07162,0.0,0.0
2025-02,ІМ-МауДау,DJ07162,0.0,0.0
2025-03,ІМ-МауДау,DJ07162,0.0,0.0
2025-04,ІМ-МауДау,DJ07162,0.0,0.0
2025-05,ІМ-МауДау,DJ07162,0.0,0.0
2025-06,ІМ-МауДау,DJ07162,0.0,0.0
2024-07,Акварель,DJ07162,1.0,0.77803195
2024-08,Акварель,DJ07162,2.0,0.77124107
2024-09,Акварель,DJ07162,1.0,0.5536265
2024-10,Акварель,DJ07162,3.0,1.109467
2024-11,Акварель,DJ07162,4.0,1.5091035
2024-12,Акварель,DJ07162,7.0,3.231586
2025-01,Акварель,DJ07162,4.0,1.8594733
2025-02,Акварель,DJ07162,2.0,0.8092765
2025-03,Акварель,DJ07162,3.0,0.5710224
2025-04,Акварель,DJ07162,1.0,0.9655784
2025-05,Акварель,DJ07162,2.0,0.7968799
2025-06,Акварель,DJ07162,4.0,0.44969642
2024-07,Антошка,DJ07162,9.0,2.1316845
2024-08,Антошка,DJ07162,6.0,2.1900682
2024-09,Антошка,DJ07162,5.0,1.8452853
2024-10,Антошка,DJ07162,14.0,3.049557
2024-11,Антошка,DJ07162,16.0,4.7479987
2024-12,Антошка,DJ07162,40.0,14.877929
2025-01,Антошка,DJ07162,15.0,9.688047
2025-02,Антошка,DJ07162,5.0,3.621446
2025-03,Антошка,DJ07162,8.0,3.3499799
2025-04,Антошка,DJ07162,9.0,2.5287926
2025-05,Антошка,DJ07162,7.0,2.9625766
2025-06,Антошка,DJ07162,6.0,2.9228742
2024-07,Епіцентр,DJ07162,1.0,0.46155214
2024-08,Епіцентр,DJ07162,0.0,0.29836386
2024-09,Епіцентр,DJ07162,2.0,0.32219332
2024-10,Епіцентр,DJ07162,1.0,0.4631234
2024-11,Епіцентр,DJ07162,2.0,0.5710887
2024-12,Епіцентр,DJ07162,10.0,3.4982414
2025-01,Епіцентр,DJ07162,0.0,2.1291795
2025-02,Епіцентр,DJ07162,0.0,0.26716784
2025-03,Епіцентр,DJ07162,0.0,0.2514578
2025-04,Епіцентр,DJ07162,0.0,0.13272192
2025-05,Епіцентр,DJ07162,0.0,0.23040153
2025-06,Епіцентр,DJ07162,0.0,0.42596075
2024-07,МайПлей,DJ07162,1.0,0.6080538
2024-08,МайПлей,DJ07162,2.0,0.2963067
2024-09,МайПлей,DJ07162,1.0,0.034425683
2024-10,МайПлей,DJ07162,1.0,0.10327832
2024-11,МайПлей,DJ07162,1.0,0.43656304
2024-12,МайПлей,DJ07162,12.0,1.832953
2025-01,МайПлей,DJ07162,1.0,1.1706357
2025-02,МайПлей,DJ07162,0.0,0.0
2025-03,МайПлей,DJ07162,1.0,0.0
2025-04,МайПлей,DJ07162,0.0,0.0
2025-05,МайПлей,DJ07162,0.0,0.0
2025-06,МайПлей,DJ07162,2.0,0.0
2024-07,Мегамаркет,DJ07162,0.0,0.0
2024-08,Мегамаркет,DJ07162,0.0,0.0
2024-09,Мегамаркет,DJ07162,1.0,0.0
2024-10,Мегамаркет,DJ07162,1.0,0.0
2024-11,Мегамаркет,DJ07162,1.0,0.0
2024-12,Мегамаркет,DJ07162,3.0,0.5140783
2025-01,Мегамаркет,DJ07162,0.0,0.0
2025-02,Мегамаркет,DJ07162,0.0,0.0
2025-03,Мегамаркет,DJ07162,0.0,0.0
2025-04,Мегамаркет,DJ07162,0.0,0.0
2025-05,Мегамаркет,DJ07162,0.0,0.0
2025-06,Мегамаркет,DJ07162,0.0,0.0
2024-07,Акварель,DJ07205,1.0,0.0
2024-08,Акварель,DJ07205,0.0,0.0
2024-09,Акварель,DJ07205,0.0,0.0
2024-10,Акварель,DJ07205,1.0,0.0049895733
2024-11,Акварель,DJ07205,1.0,0.047236256
2024-12,Акварель,DJ07205,1.0,0.4243993
2025-01,Акварель,DJ07205,0.0,0.0
2025-02,Акварель,DJ07205,0.0,0.0
2025-03,Акварель,DJ07205,0.0,0.0
2025-04,Акварель,DJ07205,1.0,0.0
2025-05,Акварель,DJ07205,0.0,0.0
2025-06,Акварель,DJ07205,0.0,0.0
2024-07,Сільпо,DJ07227,0.0,0.0
2024-08,Сільпо,DJ07227,0.0,0.0
2024-09,Сільпо,DJ07227,0.0,0.0
2024-10,Сільпо,DJ07227,0.0,0.0
2024-11,Сільпо,DJ07227,0.0,0.0
2024-12,Сільпо,DJ07227,0.0,0.0
2025-01,Сільпо,DJ07227,0.0,0.0
2025-02,Сільпо,DJ07227,0.0,0.0
2025-03,Сільпо,DJ07227,0.0,0.0
2025-04,Сільпо,DJ07227,0.0,0.0
2025-05,Сільпо,DJ07227,0.0,0.0
2025-06,Сільпо,DJ07227,0.0,0.0
2024-07,Акварель,DJ07241,1.0,1.0528069
2024-08,Акварель,DJ07241,3.0,0.939836
2024-09,Акварель,DJ07241,2.0,0.81127787
2024-10,Акварель,DJ07241,0.0,0.0
2024-11,Акварель,DJ07241,2.0,0.3765131
2024-12,Акварель,DJ07241,1.0,0.78180903
2025-01,Акварель,DJ07241,1.0,0.100302465
2025-02,Акварель,DJ07241,1.0,0.0131257
2025-03,Акварель,DJ07241,0.0,0.0
2025-04,Акварель,DJ07241,0.0,0.0
2025-05,Акварель,DJ07241,0.0,0.0
2025-06,Акварель,DJ07241,0.0,0.0
2024-07,Віват Канцелярія,DJ07241,0.0,0.0
2024-08,Віват Канцелярія,DJ07241,2.0,0.0
2024-09,Віват Канцелярія,DJ07241,2.0,0.0
2024-10,Віват Канцелярія,DJ07241,0.0,0.0
2024-11,Віват Канцелярія,DJ07241,1.0,0.0
2024-12,Віват Канцелярія,DJ07241,0.0,0.071283594
2025-01,Віват Канцелярія,DJ07241,0.0,0.0
2025-02,Віват Канцелярія,DJ07241,1.0,0.0
2025-03,Віват Канцелярія,DJ07241,1.0,0.0
2025-04,Віват Канцелярія,DJ07241,3.0,0.0
2025-05,Віват Канцелярія,DJ07241,0.0,0.0
2025-06,Віват Канцелярія,DJ07241,1.0,0.0
2024-07,Віват Канцелярія,DJ07246,0.0,0.0
2024-08,Віват Канцелярія,DJ07246,2.0,0.0
2024-09,Віват Канцелярія,DJ07246,1.0,0.0
2024-10,Віват Канцелярія,DJ07246,0.0,0.0
2024-11,Віват Канцелярія,DJ07246,1.0,0.0
2024-12,Віват Канцелярія,DJ07246,4.0,0.12236136
2025-01,Віват Канцелярія,DJ07246,0.0,0.0
2025-02,Віват Канцелярія,DJ07246,0.0,0.0
2025-03,Віват Канцелярія,DJ07246,0.0,0.0
2025-04,Віват Канцелярія,DJ07246,2.0,0.0
2025-05,Віват Канцелярія,DJ07246,2.0,0.0
2025-06,Віват Канцелярія,DJ07246,0.0,0.0
2024-07,Віват Канцелярія,DJ07256,0.0,0.0
2024-08,Віват Канцелярія,DJ07256,1.0,0.0
2024-09,Віват Канцелярія,DJ07256,0.0,0.0
2024-10,Віват Канцелярія,DJ07256,0.0,0.0
2024-11,Віват Канцелярія,DJ07256,1.0,0.0
2024-12,Віват Канцелярія,DJ07256,0.0,0.0
2025-01,Віват Канцелярія,DJ07256,0.0,0.0
2025-02,Віват Канцелярія,DJ07256,0.0,0.0
2025-03,Віват Канцелярія,DJ07256,0.0,0.0
2025-04,Віват Канцелярія,DJ07256,1.0,0.0
2025-05,Віват Канцелярія,DJ07256,0.0,0.0
2025-06,Віват Канцелярія,DJ07256,0.0,0.0
2024-07,Акварель,DJ07282,2.0,0.0
2024-08,Акварель,DJ07282,0.0,0.0
2024-09,Акварель,DJ07282,0.0,0.0
2024-10,Акварель,DJ07282,0.0,0.0
2024-11,Акварель,DJ07282,0.0,0.0
2024-12,Акварель,DJ07282,5.0,0.30466744
2025-01,Акварель,DJ07282,3.0,0.0
2025-02,Акварель,DJ07282,2.0,0.0
2025-03,Акварель,DJ07282,0.0,0.0
2025-04,Акварель,DJ07282,0.0,0.0
2025-05,Акварель,DJ07282,1.0,0.0
2025-06,Акварель,DJ07282,0.0,0.0
2024-07,БІ,DJ07282,3.0,1.0717292
2024-08,БІ,DJ07282,2.0,0.97939557
2024-09,БІ,DJ07282,2.0,0.67155397
2024-10,БІ,DJ07282,4.0,0.6172858
2024-11,БІ,DJ07282,4.0,0.86089057
2024-12,БІ,DJ07282,7.0,4.3058734
2025-01,БІ,DJ07282,5.0,0.88098073
2025-02,БІ,DJ07282,1.0,0.61254865
2025-03,БІ,DJ07282,1.0,0.30636084
2025-04,БІ,DJ07282,5.0,0.09748279
2025-05,БІ,DJ07282,1.0,0.46425894
2025-06,БІ,DJ07282,1.0,0.23618335
2024-07,Епіцентр,DJ07282,0.0,0.0
2024-08,Епіцентр,DJ07282,1.0,0.0
2024-09,Епіцентр,DJ07282,0.0,0.0
2024-10,Епіцентр,DJ07282,1.0,0.0
2024-11,Епіцентр,DJ07282,3.0,0.0
2024-12,Епіцентр,DJ07282,2.0,0.75777054
2025-01,Епіцентр,DJ07282,1.0,0.06442438
2025-02,Епіцентр,DJ07282,1.0,0.0
2025-03,Епіцентр,DJ07282,1.0,0.0
2025-04,Епіцентр,DJ07282,0.0,0.0
2025-05,Епіцентр,DJ07282,1.0,0.0
2025-06,Епіцентр,DJ07282,0.0,0.0
2024-07,ІМ-Розетка,DJ07900,0.0,0.0
2024-08,ІМ-Розетка,DJ07900,0.0,0.0
2024-09,ІМ-Розетка,DJ07900,0.0,0.0
2024-10,ІМ-Розетка,DJ07900,1.0,0.023651652
2024-11,ІМ-Розетка,DJ07900,2.0,0.44439614
2024-12,ІМ-Розетка,DJ07900,6.0,4.109114
2025-01,ІМ-Розетка,DJ07900,2.0,0.94127464
2025-02,ІМ-Розетка,DJ07900,2.0,0.37649578
2025-03,ІМ-Розетка,DJ07900,6.0,0.29715753
2025-04,ІМ-Розетка,DJ07900,0.0,0.44562107
2025-05,ІМ-Розетка,DJ07900,1.0,0.0
2025-06,ІМ-Розетка,DJ07900,4.0,0.2339547
2024-07,Акварель,DJ07900,1.0,0.18918365
2024-08,Акварель,DJ07900,10.0,0.49781802
2024-09,Акварель,DJ07900,2.0,0.9423277
2024-10,Акварель,DJ07900,0.0,0.9703396
2024-11,Акварель,DJ07900,10.0,1.6654642
2024-12,Акварель,DJ07900,7.0,5.9972525
2025-01,Акварель,DJ07900,3.0,1.5568906
2025-02,Акварель,DJ07900,2.0,1.5074643
2025-03,Акварель,DJ07900,4.0,0.8824714
2025-04,Акварель,DJ07900,1.0,0.82709754
2025-05,Акварель,DJ07900,0.0,0.8266557
2025-06,Акварель,DJ07900,2.0,1.159416
2024-07,Антошка,DJ07900,1.0,0.16457006
2024-08,Антошка,DJ07900,2.0,0.24525417
2024-09,Антошка,DJ07900,1.0,0.07604228
2024-10,Антошка,DJ07900,0.0,0.16516273
2024-11,Антошка,DJ07900,2.0,0.087665446
2024-12,Антошка,DJ07900,3.0,0.9388484
2025-01,Антошка,DJ07900,3.0,0.06488468
2025-02,Антошка,DJ07900,1.0,0.28562796
2025-03,Антошка,DJ07900,2.0,0.16750476
2025-04,Антошка,DJ07900,1.0,0.0
2025-05,Антошка,DJ07900,2.0,0.09786901
2025-06,Антошка,DJ07900,3.0,0.44793802
2024-07,БІ,DJ07900,6.0,2.542197
2024-08,БІ,DJ07900,5.0,2.0999887
2024-09,БІ,DJ07900,8.0,1.9478945
2024-10,БІ,DJ07900,6.0,2.3396287
2024-11,БІ,DJ07900,8.0,2.737521
2024-12,БІ,DJ07900,15.0,9.125278
2025-01,БІ,DJ07900,7.0,2.9495087
2025-02,БІ,DJ07900,4.0,2.9238741
2025-03,БІ,DJ07900,5.0,2.0096507
2025-04,БІ,DJ07900,7.0,1.1157553
2025-05,БІ,DJ07900,4.0,1.4395372
2025-06,БІ,DJ07900,7.0,3.0018
2024-07,Віват Канцелярія,DJ07900,0.0,0.0
2024-08,Віват Канцелярія,DJ07900,0.0,0.0
2024-09,Віват Канцелярія,DJ07900,0.0,0.0
2024-10,Віват Канцелярія,DJ07900,0.0,0.0
2024-11,Віват Канцелярія,DJ07900,3.0,0.29970628
2024-12,Віват Канцелярія,DJ07900,0.0,1.1937746
2025-01,Віват Канцелярія,DJ07900,0.0,0.0
2025-02,Віват Канцелярія,DJ07900,3.0,0.0
2025-03,Віват Канцелярія,DJ07900,0.0,0.0
2025-04,Віват Канцелярія,DJ07900,0.0,0.0
2025-05,Віват Канцелярія,DJ07900,2.0,0.0
2025-06,Віват Канцелярія,DJ07900,0.0,0.0
2024-07,МайПлей,DJ07900,1.0,0.0442046
2024-08,МайПлей,DJ07900,0.0,0.0
2024-09,МайПлей,DJ07900,0.0,0.0
2024-10,МайПлей,DJ07900,1.0,0.0
2024-11,МайПлей,DJ07900,0.0,0.0
2024-12,МайПлей,DJ07900,2.0,0.45243642
2025-01,МайПлей,DJ07900,1.0,0.0
2025-02,МайПлей,DJ07900,1.0,0.0
2025-03,МайПлей,DJ07900,0.0,0.0
2025-04,МайПлей,DJ07900,1.0,0.0
2025-05,МайПлей,DJ07900,0.0,0.0
2025-06,МайПлей,DJ07900,0.0,0.0
2024-07,СмартТойс,DJ07900,6.0,0.0
2024-08,СмартТойс,DJ07900,1.0,0.0
2024-09,СмартТойс,DJ07900,0.0,0.0
2024-10,СмартТойс,DJ07900,1.0,0.0
2024-11,СмартТойс,DJ07900,0.0,0.0
2024-12,СмартТойс,DJ07900,0.0,0.020197002
2025-01,СмартТойс,DJ07900,0.0,0.0
2025-02,СмартТойс,DJ07900,2.0,0.0
2025-03,СмартТойс,DJ07900,12.0,0.0
2025-04,СмартТойс,DJ07900,25.0,0.7805259
2025-05,СмартТойс,DJ07900,0.0,0.5834947
2025-06,СмартТойс,DJ07900,2.0,0.9402164
2024-07,ІМ-Розетка,DJ07901,1.0,0.24519874
2024-08,ІМ-Розетка,DJ07901,0.0,0.0
2024-09,ІМ-Розетка,DJ07901,0.0,0.0
2024-10,ІМ-Розетка,DJ07901,3.0,0.16317873
2024-11,ІМ-Розетка,DJ07901,6.0,1.0249374
2024-12,ІМ-Розетка,DJ07901,8.0,7.144268
2025-01,ІМ-Розетка,DJ07901,2.0,1.2098191
2025-02,ІМ-Розетка,DJ07901,0.0,0.43615517
2025-03,ІМ-Розетка,DJ07901,0.0,0.0
2025-04,ІМ-Розетка,DJ07901,3.0,0.10526251
2025-05,ІМ-Розетка,DJ07901,1.0,0.6256746
2025-06,ІМ-Розетка,DJ07901,5.0,0.77693814
2024-07,Акварель,DJ07901,5.0,0.6314853
2024-08,Акварель,DJ07901,4.0,1.363757
2024-09,Акварель,DJ07901,2.0,1.0996878
2024-10,Акварель,DJ07901,3.0,1.3466263
2024-11,Акварель,DJ07901,4.0,1.786925
2024-12,Акварель,DJ07901,8.0,4.358308
2025-01,Акварель,DJ07901,10.0,2.0699174
2025-02,Акварель,DJ07901,5.0,2.5625763
2025-03,Акварель,DJ07901,6.0,1.648556
2025-04,Акварель,DJ07901,2.0,1.036738
2025-05,Акварель,DJ07901,1.0,1.0752782
2025-06,Акварель,DJ07901,1.0,1.9147545
2024-07,Антошка,DJ07901,1.0,0.2599336
2024-08,Антошка,DJ07901,3.0,0.28626943
2024-09,Антошка,DJ07901,0.0,0.32432836
2024-10,Антошка,DJ07901,2.0,0.2319695
2024-11,Антошка,DJ07901,0.0,0.32624298
2024-12,Антошка,DJ07901,3.0,1.8292918
2025-01,Антошка,DJ07901,2.0,0.22991258
2025-02,Антошка,DJ07901,4.0,0.49613932
2025-03,Антошка,DJ07901,1.0,0.72699344
2025-04,Антошка,DJ07901,1.0,0.15277757
2025-05,Антошка,DJ07901,1.0,0.3886044
2025-06,Антошка,DJ07901,3.0,0.94327307
2024-07,БІ,DJ07901,12.0,2.4687686
2024-08,БІ,DJ07901,9.0,3.3810658
2024-09,БІ,DJ07901,4.0,2.1638916
2024-10,БІ,DJ07901,4.0,1.9064113
2024-11,БІ,DJ07901,9.0,3.1304612
2024-12,БІ,DJ07901,26.0,14.863902
2025-01,БІ,DJ07901,14.0,5.1065717
2025-02,БІ,DJ07901,15.0,6.4229565
2025-03,БІ,DJ07901,20.0,5.893176
2025-04,БІ,DJ07901,10.0,3.145034
2025-05,БІ,DJ07901,9.0,2.9832516
2025-06,БІ,DJ07901,14.0,5.355832
2024-07,Віват Канцелярія,DJ07901,2.0,0.0
2024-08,Віват Канцелярія,DJ07901,3.0,0.5108247
2024-09,Віват Канцелярія,DJ07901,1.0,0.15914272
2024-10,Віват Канцелярія,DJ07901,3.0,0.67723626
2024-11,Віват Канцелярія,DJ07901,2.0,0.5521635
2024-12,Віват Канцелярія,DJ07901,1.0,1.4937942
2025-01,Віват Канцелярія,DJ07901,1.0,0.18333468
2025-02,Віват Канцелярія,DJ07901,0.0,0.15869075
2025-03,Віват Канцелярія,DJ07901,3.0,0.09784964
2025-04,Віват Канцелярія,DJ07901,1.0,0.25857633
2025-05,Віват Канцелярія,DJ07901,0.0,0.0
2025-06,Віват Канцелярія,DJ07901,3.0,0.3304729
2024-07,МайПлей,DJ07901,0.0,0.15993214
2024-08,МайПлей,DJ07901,1.0,0.0
2024-09,МайПлей,DJ07901,0.0,0.0
2024-10,МайПлей,DJ07901,0.0,0.0
2024-11,МайПлей,DJ07901,0.0,0.0
2024-12,МайПлей,DJ07901,1.0,0.22888991
2025-01,МайПлей,DJ07901,0.0,0.0
2025-02,МайПлей,DJ07901,1.0,0.0
2025-03,МайПлей,DJ07901,4.0,0.0
2025-04,МайПлей,DJ07901,1.0,0.03743804
2025-05,МайПлей,DJ07901,2.0,0.08008491
2025-06,МайПлей,DJ07901,2.0,0.42810425
2024-07,Мегамаркет,DJ07901,0.0,0.0
2024-08,Мегамаркет,DJ07901,2.0,0.0
2024-09,Мегамаркет,DJ07901,0.0,0.0
2024-10,Мегамаркет,DJ07901,2.0,0.20997357
2024-11,Мегамаркет,DJ07901,0.0,0.0
2024-12,Мегамаркет,DJ07901,0.0,0.2677801
2025-01,Мегамаркет,DJ07901,0.0,0.0
2025-02,Мегамаркет,DJ07901,1.0,0.0
2025-03,Мегамаркет,DJ07901,1.0,0.0
2025-04,Мегамаркет,DJ07901,0.0,0.0
2025-05,Мегамаркет,DJ07901,0.0,0.0
2025-06,Мегамаркет,DJ07901,0.0,0.0
2024-07,Акварель,DJ07906,3.0,0.69865656
2024-08,Акварель,DJ07906,2.0,0.92838556
2024-09,Акварель,DJ07906,0.0,0.0
2024-10,Акварель,DJ07906,0.0,0.0
2024-11,Акварель,DJ07906,0.0,0.0
2024-12,Акварель,DJ07906,8.0,0.92363656
2025-01,Акварель,DJ07906,2.0,0.61582625
2025-02,Акварель,DJ07906,1.0,0.48053727
2025-03,Акварель,DJ07906,1.0,0.36946476
2025-04,Акварель,DJ07906,4.0,0.32521194
2025-05,Акварель,DJ07906,1.0,0.37275803
2025-06,Акварель,DJ07906,2.0,0.28331575
2024-07,Антошка,DJ07906,1.0,0.54829395
2024-08,Антошка,DJ07906,0.0,0.0
2024-09,Антошка,DJ07906,3.0,0.3598625
2024-10,Антошка,DJ07906,0.0,0.0
2024-11,Антошка,DJ07906,0.0,0.0
2024-12,Антошка,DJ07906,4.0,0.9492518
2025-01,Антошка,DJ07906,1.0,0.06400773
2025-02,Антошка,DJ07906,1.0,0.060425986
2025-03,Антошка,DJ07906,1.0,0.0
2025-04,Антошка,DJ07906,0.0,0.0
2025-05,Антошка,DJ07906,0.0,0.0
2025-06,Антошка,DJ07906,0.0,0.0
2024-07,ІМ-Розетка,DJ07922,5.0,2.1364248
2024-08,ІМ-Розетка,DJ07922,1.0,2.194082
2024-09,ІМ-Розетка,DJ07922,3.0,1.3525872
2024-10,ІМ-Розетка,DJ07922,2.0,1.7781415
2024-11,ІМ-Розетка,DJ07922,21.0,1.6774654
2024-12,ІМ-Розетка,DJ07922,41.0,26.969084
2025-01,ІМ-Розетка,DJ07922,7.0,4.8623657
2025-02,ІМ-Розетка,DJ07922,3.0,1.4990027
2025-03,ІМ-Розетка,DJ07922,0.0,0.24231227
2025-04,ІМ-Розетка,DJ07922,0.0,0.0
2025-05,ІМ-Розетка,DJ07922,1.0,0.27814534
2025-06,ІМ-Розетка,DJ07922,1.0,1.3292857
2024-07,Акварель,DJ07922,2.0,1.0536902
2024-08,Акварель,DJ07922,5.0,0.84023976
2024-09,Акварель,DJ07922,2.0,0.952814
2024-10,Акварель,DJ07922,7.0,1.6947846
2024-11,Акварель,DJ07922,4.0,3.0224118
2024-12,Акварель,DJ07922,8.0,6.7643566
2025-01,Акварель,DJ07922,2.0,2.0621777
2025-02,Акварель,DJ07922,2.0,1.0659106
2025-03,Акварель,DJ07922,1.0,0.6864213
2025-04,Акварель,DJ07922,0.0,0.6978773
2025-05,Акварель,DJ07922,0.0,0.46979153
2025-06,Акварель,DJ07922,0.0,0.47943237
2024-07,Антошка,DJ07922,2.0,0.4678497
2024-08,Антошка,DJ07922,1.0,0.19496053
2024-09,Антошка,DJ07922,0.0,0.13777788
2024-10,Антошка,DJ07922,2.0,0.54343003
2024-11,Антошка,DJ07922,5.0,0.49066
2024-12,Антошка,DJ07922,4.0,3.0930886
2025-01,Антошка,DJ07922,11.0,0.4148546
2025-02,Антошка,DJ07922,0.0,0.5421779
2025-03,Антошка,DJ07922,0.0,0.030964354
2025-04,Антошка,DJ07922,0.0,0.0
2025-05,Антошка,DJ07922,1.0,0.0
2025-06,Антошка,DJ07922,0.0,0.0
2024-07,БІ,DJ07922,11.0,3.771607
2024-08,БІ,DJ07922,9.0,4.068573
2024-09,БІ,DJ07922,12.0,3.8895395
2024-10,БІ,DJ07922,16.0,7.6945558
2024-11,БІ,DJ07922,21.0,7.6787663
2024-12,БІ,DJ07922,59.0,25.826862
2025-01,БІ,DJ07922,19.0,12.021266
2025-02,БІ,DJ07922,13.0,5.251185
2025-03,БІ,DJ07922,13.0,4.35763
2025-04,БІ,DJ07922,6.0,4.5395093
2025-05,БІ,DJ07922,4.0,3.5229409
2025-06,БІ,DJ07922,9.0,2.7861552
2024-07,МайПлей,DJ07922,0.0,0.0
2024-08,МайПлей,DJ07922,1.0,0.0
2024-09,МайПлей,DJ07922,0.0,0.0
2024-10,МайПлей,DJ07922,2.0,0.0
2024-11,МайПлей,DJ07922,0.0,0.0
2024-12,МайПлей,DJ07922,5.0,0.67504334
2025-01,МайПлей,DJ07922,0.0,0.18306302
2025-02,МайПлей,DJ07922,0.0,0.0
2025-03,МайПлей,DJ07922,0.0,0.0
2025-04,МайПлей,DJ07922,1.0,0.0
2025-05,МайПлей,DJ07922,0.0,0.0
2025-06,МайПлей,DJ07922,0.0,0.0
2024-07,Смік,DJ07922,2.0,0.0
2024-08,Смік,DJ07922,2.0,0.0
2024-09,Смік,DJ07922,1.0,0.0
2024-10,Смік,DJ07922,0.0,0.0
2024-11,Смік,DJ07922,0.0,0.0
2024-12,Смік,DJ07922,2.0,0.009954559
2025-01,Смік,DJ07922,0.0,0.0
2025-02,Смік,DJ07922,0.0,0.0
2025-03,Смік,DJ07922,0.0,0.0
2025-04,Смік,DJ07922,0.0,0.0
2025-05,Смік,DJ07922,1.0,0.0
2025-06,Смік,DJ07922,1.0,0.0
2024-07,Супрун ФОП,DJ07922,0.0,0.0
2024-08,Супрун ФОП,DJ07922,0.0,0.0
2024-09,Супрун ФОП,DJ07922,2.0,0.0
2024-10,Супрун ФОП,DJ07922,0.0,0.0
2024-11,Супрун ФОП,DJ07922,0.0,0.0
2024-12,Супрун ФОП,DJ07922,0.0,0.0
2025-01,Супрун ФОП,DJ07922,0.0,0.0
2025-02,Супрун ФОП,DJ07922,0.0,0.0
2025-03,Супрун ФОП,DJ07922,0.0,0.0
2025-04,Супрун ФОП,DJ07922,0.0,0.0
2025-05,Супрун ФОП,DJ07922,0.0,0.0
2025-06,Супрун ФОП,DJ07922,3.0,0.0
2024-07,ІМ-Розетка,DJ07955,0.0,0.0
2024-08,ІМ-Розетка,DJ07955,0.0,0.0
2024-09,ІМ-Розетка,DJ07955,1.0,0.0
2024-10,ІМ-Розетка,DJ07955,1.0,0.26820236
2024-11,ІМ-Розетка,DJ07955,3.0,0.4889279
2024-12,ІМ-Розетка,DJ07955,4.0,3.7635398
2025-01,ІМ-Розетка,DJ07955,0.0,0.5294644
2025-02,ІМ-Розетка,DJ07955,0.0,0.0
2025-03,ІМ-Розетка,DJ07955,0.0,0.0
2025-04,ІМ-Розетка,DJ07955,2.0,0.0
2025-05,ІМ-Розетка,DJ07955,3.0,0.0
2025-06,ІМ-Розетка,DJ07955,2.0,0.82115585
2024-07,Акварель,DJ07955,0.0,0.66421646
2024-08,Акварель,DJ07955,2.0,0.68318707
2024-09,Акварель,DJ07955,3.0,0.9207468
2024-10,Акварель,DJ07955,2.0,1.1463088
2024-11,Акварель,DJ07955,5.0,1.0927801
2024-12,Акварель,DJ07955,4.0,4.1636763
2025-01,Акварель,DJ07955,2.0,0.8096098
2025-02,Акварель,DJ07955,3.0,0.82574457
2025-03,Акварель,DJ07955,5.0,0.70532846
2025-04,Акварель,DJ07955,0.0,0.38941553
2025-05,Акварель,DJ07955,3.0,0.3858348
2025-06,Акварель,DJ07955,3.0,1.8628631
2024-07,Антошка,DJ07955,0.0,0.0
2024-08,Антошка,DJ07955,0.0,0.0
2024-09,Антошка,DJ07955,0.0,0.0
2024-10,Антошка,DJ07955,0.0,0.0
2024-11,Антошка,DJ07955,3.0,0.0
2024-12,Антошка,DJ07955,4.0,1.0739152
2025-01,Антошка,DJ07955,1.0,0.03506964
2025-02,Антошка,DJ07955,3.0,0.16497953
2025-03,Антошка,DJ07955,1.0,0.23575237
2025-04,Антошка,DJ07955,1.0,0.0
2025-05,Антошка,DJ07955,2.0,0.02960781
2025-06,Антошка,DJ07955,2.0,0.7987313
2024-07,БІ,DJ07955,8.0,4.049271
2024-08,БІ,DJ07955,6.0,4.0626693
2024-09,БІ,DJ07955,6.0,3.961161
2024-10,БІ,DJ07955,15.0,4.990546
2024-11,БІ,DJ07955,10.0,6.8488655
2024-12,БІ,DJ07955,23.0,13.061184
2025-01,БІ,DJ07955,8.0,3.8345304
2025-02,БІ,DJ07955,6.0,4.0701475
2025-03,БІ,DJ07955,9.0,3.113645
2025-04,БІ,DJ07955,7.0,2.0794113
2025-05,БІ,DJ07955,4.0,1.9123406
2025-06,БІ,DJ07955,10.0,4.1074967
2024-07,МайПлей,DJ07955,0.0,0.0
2024-08,МайПлей,DJ07955,0.0,0.0
2024-09,МайПлей,DJ07955,2.0,0.0
2024-10,МайПлей,DJ07955,2.0,0.0
2024-11,МайПлей,DJ07955,0.0,0.0
2024-12,МайПлей,DJ07955,1.0,0.32180542
2025-01,МайПлей,DJ07955,0.0,0.0
2025-02,МайПлей,DJ07955,1.0,0.0
2025-03,МайПлей,DJ07955,0.0,0.0
2025-04,МайПлей,DJ07955,0.0,0.0
2025-05,МайПлей,DJ07955,1.0,0.0
2025-06,МайПлей,DJ07955,1.0,0.0
2024-07,Смік,DJ07955,1.0,0.0
2024-08,Смік,DJ07955,3.0,0.0
2024-09,Смік,DJ07955,3.0,0.0
2024-10,Смік,DJ07955,0.0,0.006546014
2024-11,Смік,DJ07955,2.0,0.0
2024-12,Смік,DJ07955,0.0,0.16988307
2025-01,Смік,DJ07955,1.0,0.0
2025-02,Смік,DJ07955,0.0,0.0
2025-03,Смік,DJ07955,1.0,0.0
2025-04,Смік,DJ07955,1.0,0.0
2025-05,Смік,DJ07955,2.0,0.0
2025-06,Смік,DJ07955,0.0,0.0
2024-07,Акварель,DJ07956,0.0,0.3263651
2024-08,Акварель,DJ07956,2.0,1.535271
2024-09,Акварель,DJ07956,3.0,1.609216
2024-10,Акварель,DJ07956,1.0,1.6651372
2024-11,Акварель,DJ07956,7.0,0.60553306
2024-12,Акварель,DJ07956,2.0,2.6200645
2025-01,Акварель,DJ07956,0.0,0.0
2025-02,Акварель,DJ07956,0.0,0.0
2025-03,Акварель,DJ07956,2.0,0.18157339
2025-04,Акварель,DJ07956,2.0,0.17320044
2025-05,Акварель,DJ07956,0.0,0.0
2025-06,Акварель,DJ07956,1.0,0.2323395
2024-07,БІ,DJ07956,10.0,4.383144
2024-08,БІ,DJ07956,4.0,3.679435
2024-09,БІ,DJ07956,2.0,2.5261931
2024-10,БІ,DJ07956,4.0,2.5687056
2024-11,БІ,DJ07956,5.0,1.4076322
2024-12,БІ,DJ07956,5.0,4.6803894
2025-01,БІ,DJ07956,2.0,0.7408148
2025-02,БІ,DJ07956,3.0,0.66430193
2025-03,БІ,DJ07956,0.0,0.0
2025-04,БІ,DJ07956,4.0,0.32358736
2025-05,БІ,DJ07956,2.0,0.47218406
2025-06,БІ,DJ07956,1.0,0.17987077
2024-07,Віват Канцелярія,DJ07956,1.0,0.0
2024-08,Віват Канцелярія,DJ07956,0.0,0.0
2024-09,Віват Канцелярія,DJ07956,0.0,0.0
2024-10,Віват Канцелярія,DJ07956,0.0,0.0
2024-11,Віват Канцелярія,DJ07956,0.0,0.0
2024-12,Віват Канцелярія,DJ07956,0.0,0.0
2025-01,Віват Канцелярія,DJ07956,0.0,0.0
2025-02,Віват Канцелярія,DJ07956,0.0,0.0
2025-03,Віват Канцелярія,DJ07956,0.0,0.0
2025-04,Віват Канцелярія,DJ07956,0.0,0.0
2025-05,Віват Канцелярія,DJ07956,1.0,0.0
2025-06,Віват Канцелярія,DJ07956,1.0,0.0
2024-07,Акварель,DJ07970,2.0,1.2274426
2024-08,Акварель,DJ07970,1.0,1.3901377
2024-09,Акварель,DJ07970,3.0,1.1579846
2024-10,Акварель,DJ07970,2.0,1.2883558
2024-11,Акварель,DJ07970,1.0,0.47636703
2024-12,Акварель,DJ07970,3.0,1.4338406
2025-01,Акварель,DJ07970,1.0,0.32078585
2025-02,Акварель,DJ07970,0.0,0.0
2025-03,Акварель,DJ07970,0.0,0.0
2025-04,Акварель,DJ07970,3.0,0.054200556
2025-05,Акварель,DJ07970,1.0,0.12779099
2025-06,Акварель,DJ07970,0.0,0.0
2024-07,Віват Канцелярія,DJ07970,0.0,0.0
2024-08,Віват Канцелярія,DJ07970,2.0,0.0
2024-09,Віват Канцелярія,DJ07970,1.0,0.07559969
2024-10,Віват Канцелярія,DJ07970,0.0,0.0
2024-11,Віват Канцелярія,DJ07970,0.0,0.0
2024-12,Віват Канцелярія,DJ07970,0.0,0.0
2025-01,Віват Канцелярія,DJ07970,0.0,0.0
2025-02,Віват Канцелярія,DJ07970,0.0,0.0
2025-03,Віват Канцелярія,DJ07970,0.0,0.0
2025-04,Віват Канцелярія,DJ07970,0.0,0.0
2025-05,Віват Канцелярія,DJ07970,0.0,0.0
2025-06,Віват Канцелярія,DJ07970,0.0,0.0
2024-07,Мегамаркет,DJ08111,0.0,0.0
2024-08,Мегамаркет,DJ08111,0.0,0.0
2024-09,Мегамаркет,DJ08111,0.0,0.0
2024-10,Мегамаркет,DJ08111,0.0,0.0
2024-11,Мегамаркет,DJ08111,0.0,0.0
2024-12,Мегамаркет,DJ08111,0.0,0.0
2025-01,Мегамаркет,DJ08111,0.0,0.0
2025-02,Мегамаркет,DJ08111,0.0,0.0
2025-03,Мегамаркет,DJ08111,1.0,0.046468053
2025-04,Мегамаркет,DJ08111,0.0,0.0
2025-05,Мегамаркет,DJ08111,1.0,0.111847036
2025-06,Мегамаркет,DJ08111,0.0,0.0
2024-07,Акварель,DJ08115,4.0,1.5711255
2024-08,Акварель,DJ08115,1.0,1.3404454
2024-09,Акварель,DJ08115,1.0,1.5780809
2024-10,Акварель,DJ08115,2.0,1.6003172
2024-11,Акварель,DJ08115,1.0,0.6853515
2024-12,Акварель,DJ08115,1.0,1.4189293
2025-01,Акварель,DJ08115,0.0,0.0
2025-02,Акварель,DJ08115,0.0,0.0
2025-03,Акварель,DJ08115,1.0,0.24574912
2025-04,Акварель,DJ08115,0.0,0.0
2025-05,Акварель,DJ08115,1.0,0.21702781
2025-06,Акварель,DJ08115,1.0,0.2514219
2024-07,ІМ-Розетка,DJ08117,0.0,0.0
2024-08,ІМ-Розетка,DJ08117,0.0,0.0
2024-09,ІМ-Розетка,DJ08117,0.0,0.0
2024-10,ІМ-Розетка,DJ08117,0.0,0.0
2024-11,ІМ-Розетка,DJ08117,0.0,0.0
2024-12,ІМ-Розетка,DJ08117,0.0,0.0
2025-01,ІМ-Розетка,DJ08117,0.0,0.0
2025-02,ІМ-Розетка,DJ08117,1.0,0.0
2025-03,ІМ-Розетка,DJ08117,0.0,0.0
2025-04,ІМ-Розетка,DJ08117,0.0,0.0
2025-05,ІМ-Розетка,DJ08117,0.0,0.0
2025-06,ІМ-Розетка,DJ08117,0.0,0.0
2024-07,Антошка,DJ08117,4.0,1.4260745
2024-08,Антошка,DJ08117,5.0,1.1335945
2024-09,Антошка,DJ08117,4.0,1.4136734
2024-10,Антошка,DJ08117,1.0,1.5896275
2024-11,Антошка,DJ08117,7.0,1.4221964
2024-12,Антошка,DJ08117,9.0,4.1678243
2025-01,Антошка,DJ08117,3.0,2.0329223
2025-02,Антошка,DJ08117,3.0,1.3529737
2025-03,Антошка,DJ08117,4.0,0.82838416
2025-04,Антошка,DJ08117,2.0,0.6455271
2025-05,Антошка,DJ08117,2.0,0.7898099
2025-06,Антошка,DJ08117,2.0,1.3875755
2024-07,БІ,DJ08117,3.0,0.9835143
2024-08,БІ,DJ08117,0.0,1.0482411
2024-09,БІ,DJ08117,2.0,0.67894983
2024-10,БІ,DJ08117,2.0,0.6531864
2024-11,БІ,DJ08117,2.0,0.6646605
2024-12,БІ,DJ08117,4.0,2.2212293
2025-01,БІ,DJ08117,4.0,0.7642734
2025-02,БІ,DJ08117,5.0,0.6270325
2025-03,БІ,DJ08117,0.0,0.5826989
2025-04,БІ,DJ08117,4.0,0.20782597
2025-05,БІ,DJ08117,0.0,0.4773952
2025-06,БІ,DJ08117,3.0,0.6126955
2024-07,Епіцентр,DJ08117,1.0,0.42337367
2024-08,Епіцентр,DJ08117,0.0,0.0078085563
2024-09,Епіцентр,DJ08117,0.0,0.0
2024-10,Епіцентр,DJ08117,0.0,0.02443144
2024-11,Епіцентр,DJ08117,4.0,0.053484008
2024-12,Епіцентр,DJ08117,4.0,1.5964258
2025-01,Епіцентр,DJ08117,0.0,0.61013174
2025-02,Епіцентр,DJ08117,1.0,0.581664
2025-03,Епіцентр,DJ08117,1.0,0.40045947
2025-04,Епіцентр,DJ08117,0.0,0.3412999
2025-05,Епіцентр,DJ08117,1.0,0.1974931
2025-06,Епіцентр,DJ08117,0.0,0.20280266
2024-07,МайПлей,DJ08117,4.0,0.2847625
2024-08,МайПлей,DJ08117,0.0,0.3142346
2024-09,МайПлей,DJ08117,1.0,0.08317942
2024-10,МайПлей,DJ08117,0.0,0.0
2024-11,МайПлей,DJ08117,1.0,0.0019049288
2024-12,МайПлей,DJ08117,2.0,0.69670945
2025-01,МайПлей,DJ08117,1.0,0.1601379
2025-02,МайПлей,DJ08117,0.0,0.0
2025-03,МайПлей,DJ08117,1.0,0.0
2025-04,МайПлей,DJ08117,1.0,0.0
2025-05,МайПлей,DJ08117,2.0,0.0
2025-06,МайПлей,DJ08117,1.0,0.22078721
2024-07,Мегамаркет,DJ08117,2.0,0.0
2024-08,Мегамаркет,DJ08117,0.0,0.0
2024-09,Мегамаркет,DJ08117,0.0,0.0
2024-10,Мегамаркет,DJ08117,0.0,0.2608304
2024-11,Мегамаркет,DJ08117,1.0,0.0
2024-12,Мегамаркет,DJ08117,0.0,0.18847913
2025-01,Мегамаркет,DJ08117,0.0,0.0
2025-02,Мегамаркет,DJ08117,0.0,0.0
2025-03,Мегамаркет,DJ08117,0.0,0.0
2025-04,Мегамаркет,DJ08117,0.0,0.0
2025-05,Мегамаркет,DJ08117,0.0,0.0
2025-06,Мегамаркет,DJ08117,1.0,0.0
2024-07,ІМ-МауДау,DJ08120,0.0,0.0
2024-08,ІМ-МауДау,DJ08120,0.0,0.0
2024-09,ІМ-МауДау,DJ08120,0.0,0.0
2024-10,ІМ-МауДау,DJ08120,0.0,0.0
2024-11,ІМ-МауДау,DJ08120,0.0,0.0
2024-12,ІМ-МауДау,DJ08120,0.0,0.0
2025-01,ІМ-МауДау,DJ08120,0.0,0.0
2025-02,ІМ-МауДау,DJ08120,0.0,0.0
2025-03,ІМ-МауДау,DJ08120,0.0,0.0
2025-04,ІМ-МауДау,DJ08120,1.0,0.0
2025-05,ІМ-МауДау,DJ08120,4.0,0.0
2025-06,ІМ-МауДау,DJ08120,0.0,0.0014164337
2024-07,ІМ-Розетка,DJ08120,2.0,0.7404382
2024-08,ІМ-Розетка,DJ08120,2.0,0.73099494
2024-09,ІМ-Розетка,DJ08120,3.0,0.71777916
2024-10,ІМ-Розетка,DJ08120,5.0,1.138739
2024-11,ІМ-Розетка,DJ08120,4.0,1.6723574
2024-12,ІМ-Розетка,DJ08120,11.0,7.016594
2025-01,ІМ-Розетка,DJ08120,2.0,1.1131794
2025-02,ІМ-Розетка,DJ08120,6.0,0.3469421
2025-03,ІМ-Розетка,DJ08120,3.0,0.66118544
2025-04,ІМ-Розетка,DJ08120,0.0,0.095522225
2025-05,ІМ-Розетка,DJ08120,2.0,0.19625148
2025-06,ІМ-Розетка,DJ08120,3.0,0.5098137
2024-07,Акварель,DJ08120,1.0,0.7515674
2024-08,Акварель,DJ08120,1.0,0.69637066
2024-09,Акварель,DJ08120,6.0,0.7136407
2024-10,Акварель,DJ08120,3.0,1.225516
2024-11,Акварель,DJ08120,6.0,2.5907338
2024-12,Акварель,DJ08120,14.0,4.9206877
2025-01,Акварель,DJ08120,3.0,3.004737
2025-02,Акварель,DJ08120,4.0,1.6215177
2025-03,Акварель,DJ08120,4.0,1.7342
2025-04,Акварель,DJ08120,5.0,1.3944262
2025-05,Акварель,DJ08120,0.0,2.0228224
2025-06,Акварель,DJ08120,2.0,1.2887714
2024-07,Антошка,DJ08120,6.0,2.157825
2024-08,Антошка,DJ08120,13.0,2.606107
2024-09,Антошка,DJ08120,4.0,3.3785503
2024-10,Антошка,DJ08120,6.0,1.8293431
2024-11,Антошка,DJ08120,7.0,2.5749717
2024-12,Антошка,DJ08120,16.0,5.875414
2025-01,Антошка,DJ08120,6.0,2.5938487
2025-02,Антошка,DJ08120,1.0,2.0685651
2025-03,Антошка,DJ08120,3.0,1.7762272
2025-04,Антошка,DJ08120,6.0,1.1713812
2025-05,Антошка,DJ08120,8.0,1.4818906
2025-06,Антошка,DJ08120,3.0,2.1148727
2024-07,БІ,DJ08120,31.0,16.183723
2024-08,БІ,DJ08120,24.0,15.433637
2024-09,БІ,DJ08120,25.0,12.320783
2024-10,БІ,DJ08120,31.0,14.237441
2024-11,БІ,DJ08120,51.0,18.980717
2024-12,БІ,DJ08120,107.0,49.023193
2025-01,БІ,DJ08120,40.0,21.406609
2025-02,БІ,DJ08120,29.0,17.686487
2025-03,БІ,DJ08120,42.0,19.06739
2025-04,БІ,DJ08120,33.0,15.497177
2025-05,БІ,DJ08120,42.0,16.181595
2025-06,БІ,DJ08120,33.0,19.09149
2024-07,МайПлей,DJ08120,0.0,0.46547955
2024-08,МайПлей,DJ08120,5.0,0.57421786
2024-09,МайПлей,DJ08120,6.0,0.7366917
2024-10,МайПлей,DJ08120,5.0,0.49384102
2024-11,МайПлей,DJ08120,1.0,0.91855955
2024-12,МайПлей,DJ08120,6.0,3.8161483
2025-01,МайПлей,DJ08120,1.0,0.88381225
2025-02,МайПлей,DJ08120,3.0,0.19740549
2025-03,МайПлей,DJ08120,1.0,0.22546269
2025-04,МайПлей,DJ08120,2.0,0.37556806
2025-05,МайПлей,DJ08120,3.0,0.26730165
2025-06,МайПлей,DJ08120,3.0,0.29530734
2024-07,Мегамаркет,DJ08120,0.0,0.13378422
2024-08,Мегамаркет,DJ08120,1.0,0.16293731
2024-09,Мегамаркет,DJ08120,2.0,0.13286768
2024-10,Мегамаркет,DJ08120,0.0,0.22411224
2024-11,Мегамаркет,DJ08120,1.0,0.16467798
2024-12,Мегамаркет,DJ08120,2.0,0.78914994
2025-01,Мегамаркет,DJ08120,1.0,0.32323974
2025-02,Мегамаркет,DJ08120,0.0,0.0
2025-03,Мегамаркет,DJ08120,0.0,0.0
2025-04,Мегамаркет,DJ08120,0.0,0.0
2025-05,Мегамаркет,DJ08120,0.0,0.0
2025-06,Мегамаркет,DJ08120,0.0,0.0
2024-07,СмартТойс,DJ08120,1.0,0.0
2024-08,СмартТойс,DJ08120,0.0,0.0
2024-09,СмартТойс,DJ08120,0.0,0.0
2024-10,СмартТойс,DJ08120,0.0,0.0
2024-11,СмартТойс,DJ08120,0.0,0.0
2024-12,СмартТойс,DJ08120,0.0,0.0
2025-01,СмартТойс,DJ08120,0.0,0.0
2025-02,СмартТойс,DJ08120,0.0,0.0
2025-03,СмартТойс,DJ08120,1.0,0.0
2025-04,СмартТойс,DJ08120,0.0,0.0
2025-05,СмартТойс,DJ08120,0.0,0.0
2025-06,СмартТойс,DJ08120,0.0,0.0
2024-07,Супрун ФОП,DJ08120,0.0,0.0
2024-08,Супрун ФОП,DJ08120,0.0,0.0
2024-09,Супрун ФОП,DJ08120,1.0,0.0
2024-10,Супрун ФОП,DJ08120,0.0,0.0
2024-11,Супрун ФОП,DJ08120,0.0,0.0
2024-12,Супрун ФОП,DJ08120,0.0,0.0
2025-01,Супрун ФОП,DJ08120,0.0,0.0
2025-02,Супрун ФОП,DJ08120,0.0,0.0
2025-03,Супрун ФОП,DJ08120,0.0,0.0
2025-04,Супрун ФОП,DJ08120,0.0,0.0
2025-05,Супрун ФОП,DJ08120,0.0,0.0
2025-06,Супрун ФОП,DJ08120,0.0,0.0
2024-07,Акварель,DJ08121,5.0,0.7337273
2024-08,Акварель,DJ08121,6.0,1.0163987
2024-09,Акварель,DJ08121,3.0,1.0716879
2024-10,Акварель,DJ08121,1.0,0.9887421
2024-11,Акварель,DJ08121,3.0,0.99916846
2024-12,Акварель,DJ08121,8.0,2.0473833
2025-01,Акварель,DJ08121,3.0,0.9009694
2025-02,Акварель,DJ08121,0.0,0.0
2025-03,Акварель,DJ08121,5.0,0.30639338
2025-04,Акварель,DJ08121,1.0,0.6223904
2025-05,Акварель,DJ08121,4.0,0.5329998
2025-06,Акварель,DJ08121,2.0,0.7482462
2024-07,Віват Канцелярія,DJ08121,0.0,0.0
2024-08,Віват Канцелярія,DJ08121,0.0,0.0
2024-09,Віват Канцелярія,DJ08121,3.0,0.048365485
2024-10,Віват Канцелярія,DJ08121,0.0,0.0
2024-11,Віват Канцелярія,DJ08121,0.0,0.0
2024-12,Віват Канцелярія,DJ08121,3.0,0.5918086
2025-01,Віват Канцелярія,DJ08121,2.0,0.010209709
2025-02,Віват Канцелярія,DJ08121,0.0,0.0
2025-03,Віват Канцелярія,DJ08121,1.0,0.010969705
2025-04,Віват Канцелярія,DJ08121,0.0,0.0
2025-05,Віват Канцелярія,DJ08121,0.0,0.0
2025-06,Віват Канцелярія,DJ08121,0.0,0.0
2024-07,Акварель,DJ08129,0.0,0.0
2024-08,Акварель,DJ08129,2.0,0.41678205
2024-09,Акварель,DJ08129,2.0,0.49968928
2024-10,Акварель,DJ08129,0.0,0.0
2024-11,Акварель,DJ08129,3.0,0.42519894
2024-12,Акварель,DJ08129,8.0,1.8468583
2025-01,Акварель,DJ08129,3.0,0.86756957
2025-02,Акварель,DJ08129,1.0,0.7724537
2025-03,Акварель,DJ08129,0.0,0.0
2025-04,Акварель,DJ08129,0.0,0.0
2025-05,Акварель,DJ08129,4.0,0.46114916
2025-06,Акварель,DJ08129,2.0,0.6775466
2024-07,ІМ-Розетка,DJ08132,0.0,0.0
2024-08,ІМ-Розетка,DJ08132,1.0,0.0
2024-09,ІМ-Розетка,DJ08132,1.0,0.0
2024-10,ІМ-Розетка,DJ08132,0.0,0.0
2024-11,ІМ-Розетка,DJ08132,1.0,0.2893163
2024-12,ІМ-Розетка,DJ08132,3.0,2.2968743
2025-01,ІМ-Розетка,DJ08132,0.0,0.25923792
2025-02,ІМ-Розетка,DJ08132,1.0,0.0
2025-03,ІМ-Розетка,DJ08132,0.0,0.0
2025-04,ІМ-Розетка,DJ08132,1.0,0.0
2025-05,ІМ-Розетка,DJ08132,2.0,0.0
2025-06,ІМ-Розетка,DJ08132,0.0,0.028248027
2024-07,Акварель,DJ08132,2.0,0.35346186
2024-08,Акварель,DJ08132,3.0,0.2769825
2024-09,Акварель,DJ08132,0.0,0.34417433
2024-10,Акварель,DJ08132,1.0,0.8036645
2024-11,Акварель,DJ08132,2.0,0.45586455
2024-12,Акварель,DJ08132,3.0,1.5825536
2025-01,Акварель,DJ08132,1.0,0.27951488
2025-02,Акварель,DJ08132,0.0,0.24368076
2025-03,Акварель,DJ08132,1.0,0.2112617
2025-04,Акварель,DJ08132,2.0,0.16325624
2025-05,Акварель,DJ08132,3.0,0.13580619
2025-06,Акварель,DJ08132,1.0,0.9911188
2024-07,БІ,DJ08132,19.0,3.9018292
2024-08,БІ,DJ08132,13.0,5.9432907
2024-09,БІ,DJ08132,11.0,5.8542085
2024-10,БІ,DJ08132,20.0,9.064221
2024-11,БІ,DJ08132,22.0,10.500776
2024-12,БІ,DJ08132,37.0,16.795372
2025-01,БІ,DJ08132,7.0,8.1813135
2025-02,БІ,DJ08132,10.0,5.0841537
2025-03,БІ,DJ08132,14.0,4.836805
2025-04,БІ,DJ08132,7.0,4.959694
2025-05,БІ,DJ08132,6.0,3.576522
2025-06,БІ,DJ08132,24.0,5.3240275
2024-07,Віват Канцелярія,DJ08132,0.0,0.0
2024-08,Віват Канцелярія,DJ08132,2.0,0.0
2024-09,Віват Канцелярія,DJ08132,0.0,0.0
2024-10,Віват Канцелярія,DJ08132,0.0,0.0
2024-11,Віват Канцелярія,DJ08132,1.0,0.0
2024-12,Віват Канцелярія,DJ08132,0.0,0.21679688
2025-01,Віват Канцелярія,DJ08132,0.0,0.0
2025-02,Віват Канцелярія,DJ08132,2.0,0.0
2025-03,Віват Канцелярія,DJ08132,0.0,0.0
2025-04,Віват Канцелярія,DJ08132,2.0,0.0
2025-05,Віват Канцелярія,DJ08132,1.0,0.0
2025-06,Віват Канцелярія,DJ08132,1.0,0.0
2024-07,МайПлей,DJ08132,2.0,0.17892702
2024-08,МайПлей,DJ08132,1.0,0.0
2024-09,МайПлей,DJ08132,0.0,0.0
2024-10,МайПлей,DJ08132,2.0,0.0025238004
2024-11,МайПлей,DJ08132,1.0,0.23657672
2024-12,МайПлей,DJ08132,2.0,0.788266
2025-01,МайПлей,DJ08132,0.0,0.06051138
2025-02,МайПлей,DJ08132,1.0,0.0
2025-03,МайПлей,DJ08132,1.0,0.0
2025-04,МайПлей,DJ08132,0.0,0.0
2025-05,МайПлей,DJ08132,1.0,0.0
2025-06,МайПлей,DJ08132,1.0,0.0
2024-07,Акварель,DJ08135,1.0,1.3675795
2024-08,Акварель,DJ08135,0.0,0.16293229
2024-09,Акварель,DJ08135,1.0,0.938114
2024-10,Акварель,DJ08135,0.0,0.22677517
2024-11,Акварель,DJ08135,1.0,0.2647182
2024-12,Акварель,DJ08135,2.0,1.273955
2025-01,Акварель,DJ08135,1.0,0.085213564
2025-02,Акварель,DJ08135,1.0,0.08968333
2025-03,Акварель,DJ08135,0.0,0.0
2025-04,Акварель,DJ08135,3.0,0.10875181
2025-05,Акварель,DJ08135,4.0,0.18982345
2025-06,Акварель,DJ08135,2.0,0.0
2024-07,Акварель,DJ08151,4.0,0.96987903
2024-08,Акварель,DJ08151,2.0,1.0420321
2024-09,Акварель,DJ08151,1.0,0.65419745
2024-10,Акварель,DJ08151,2.0,1.0384039
2024-11,Акварель,DJ08151,4.0,1.8199558
2024-12,Акварель,DJ08151,14.0,3.8782063
2025-01,Акварель,DJ08151,2.0,2.584522
2025-02,Акварель,DJ08151,7.0,1.5901116
2025-03,Акварель,DJ08151,7.0,2.586207
2025-04,Акварель,DJ08151,4.0,1.5217763
2025-05,Акварель,DJ08151,1.0,1.9035667
2025-06,Акварель,DJ08151,4.0,1.2771856
2024-07,Антошка,DJ08151,11.0,3.1967902
2024-08,Антошка,DJ08151,4.0,3.6269903
2024-09,Антошка,DJ08151,7.0,2.542523
2024-10,Антошка,DJ08151,7.0,2.1223488
2024-11,Антошка,DJ08151,9.0,2.7700512
2024-12,Антошка,DJ08151,20.0,7.3084145
2025-01,Антошка,DJ08151,3.0,4.521615
2025-02,Антошка,DJ08151,12.0,2.9141502
2025-03,Антошка,DJ08151,9.0,4.8415046
2025-04,Антошка,DJ08151,10.0,2.1778405
2025-05,Антошка,DJ08151,6.0,2.8924642
2025-06,Антошка,DJ08151,6.0,2.3648934
2024-07,БІ,DJ08151,10.0,5.378918
2024-08,БІ,DJ08151,7.0,5.559155
2024-09,БІ,DJ08151,9.0,3.7731793
2024-10,БІ,DJ08151,5.0,4.529754
2024-11,БІ,DJ08151,4.0,4.19214
2024-12,БІ,DJ08151,22.0,8.629013
2025-01,БІ,DJ08151,7.0,5.0404706
2025-02,БІ,DJ08151,17.0,4.229338
2025-03,БІ,DJ08151,11.0,6.6098104
2025-04,БІ,DJ08151,17.0,3.9903142
2025-05,БІ,DJ08151,9.0,4.737678
2025-06,БІ,DJ08151,9.0,3.7160666
2024-07,Віват Канцелярія,DJ08151,1.0,0.0
2024-08,Віват Канцелярія,DJ08151,2.0,0.58096576
2024-09,Віват Канцелярія,DJ08151,2.0,0.18383111
2024-10,Віват Канцелярія,DJ08151,0.0,0.27625155
2024-11,Віват Канцелярія,DJ08151,6.0,0.47331172
2024-12,Віват Канцелярія,DJ08151,5.0,2.0748334
2025-01,Віват Канцелярія,DJ08151,1.0,0.6492268
2025-02,Віват Канцелярія,DJ08151,4.0,0.45788968
2025-03,Віват Канцелярія,DJ08151,3.0,0.7474999
2025-04,Віват Канцелярія,DJ08151,3.0,0.33724743
2025-05,Віват Канцелярія,DJ08151,1.0,0.47193286
2025-06,Віват Канцелярія,DJ08151,2.0,0.4001389
2024-07,МайПлей,DJ08151,3.0,0.47988605
2024-08,МайПлей,DJ08151,1.0,0.410249
2024-09,МайПлей,DJ08151,2.0,0.023684844
2024-10,МайПлей,DJ08151,1.0,0.12436708
2024-11,МайПлей,DJ08151,0.0,0.27726802
2024-12,МайПлей,DJ08151,6.0,1.0307399
2025-01,МайПлей,DJ08151,2.0,0.68449783
2025-02,МайПлей,DJ08151,3.0,0.33637527
2025-03,МайПлей,DJ08151,0.0,0.2937073
2025-04,МайПлей,DJ08151,0.0,0.0
2025-05,МайПлей,DJ08151,1.0,0.0
2025-06,МайПлей,DJ08151,1.0,0.0
2024-07,Мегамаркет,DJ08151,1.0,0.0
2024-08,Мегамаркет,DJ08151,0.0,0.059137832
2024-09,Мегамаркет,DJ08151,0.0,0.0
2024-10,Мегамаркет,DJ08151,0.0,0.0
2024-11,Мегамаркет,DJ08151,0.0,0.0
2024-12,Мегамаркет,DJ08151,0.0,0.012268899
2025-01,Мегамаркет,DJ08151,0.0,0.0
2025-02,Мегамаркет,DJ08151,0.0,0.0
2025-03,Мегамаркет,DJ08151,0.0,0.0
2025-04,Мегамаркет,DJ08151,0.0,0.0
2025-05,Мегамаркет,DJ08151,0.0,0.0
2025-06,Мегамаркет,DJ08151,0.0,0.0
2024-07,Смік,DJ08151,0.0,0.0
2024-08,Смік,DJ08151,0.0,0.0
2024-09,Смік,DJ08151,0.0,0.0
2024-10,Смік,DJ08151,0.0,0.0
2024-11,Смік,DJ08151,0.0,0.0
2024-12,Смік,DJ08151,0.0,0.0
2025-01,Смік,DJ08151,1.0,0.0
2025-02,Смік,DJ08151,0.0,0.0
2025-03,Смік,DJ08151,0.0,0.0
2025-04,Смік,DJ08151,0.0,0.0
2025-05,Смік,DJ08151,0.0,0.0
2025-06,Смік,DJ08151,0.0,0.0
2024-07,Акварель,DJ08156,5.0,0.96159697
2024-08,Акварель,DJ08156,2.0,1.028144
2024-09,Акварель,DJ08156,2.0,0.7336099
2024-10,Акварель,DJ08156,3.0,1.1353388
2024-11,Акварель,DJ08156,10.0,1.4193562
2024-12,Акварель,DJ08156,10.0,4.279324
2025-01,Акварель,DJ08156,2.0,1.5054511
2025-02,Акварель,DJ08156,1.0,1.0027006
2025-03,Акварель,DJ08156,1.0,0.84830755
2025-04,Акварель,DJ08156,1.0,0.7868926
2025-05,Акварель,DJ08156,2.0,0.6522976
2025-06,Акварель,DJ08156,1.0,0.6885301
2024-07,ІМ-Розетка,DJ08157,1.0,0.014996886
2024-08,ІМ-Розетка,DJ08157,0.0,0.0
2024-09,ІМ-Розетка,DJ08157,1.0,0.0
2024-10,ІМ-Розетка,DJ08157,1.0,0.059154402
2024-11,ІМ-Розетка,DJ08157,0.0,0.0
2024-12,ІМ-Розетка,DJ08157,1.0,0.57996565
2025-01,ІМ-Розетка,DJ08157,1.0,0.0
2025-02,ІМ-Розетка,DJ08157,0.0,0.0
2025-03,ІМ-Розетка,DJ08157,0.0,0.0
2025-04,ІМ-Розетка,DJ08157,0.0,0.0
2025-05,ІМ-Розетка,DJ08157,1.0,0.0
2025-06,ІМ-Розетка,DJ08157,0.0,0.0
2024-07,Акварель,DJ08157,8.0,1.1944963
2024-08,Акварель,DJ08157,1.0,1.7196082
2024-09,Акварель,DJ08157,1.0,0.9311919
2024-10,Акварель,DJ08157,3.0,1.041734
2024-11,Акварель,DJ08157,8.0,2.0811136
2024-12,Акварель,DJ08157,10.0,6.142004
2025-01,Акварель,DJ08157,8.0,2.663915
2025-02,Акварель,DJ08157,5.0,2.2863872
2025-03,Акварель,DJ08157,5.0,1.6689858
2025-04,Акварель,DJ08157,3.0,1.8222374
2025-05,Акварель,DJ08157,4.0,2.1044004
2025-06,Акварель,DJ08157,1.0,1.7098906
2024-07,Антошка,DJ08157,16.0,8.312422
2024-08,Антошка,DJ08157,15.0,9.030012
2024-09,Антошка,DJ08157,13.0,6.821838
2024-10,Антошка,DJ08157,11.0,8.374719
2024-11,Антошка,DJ08157,8.0,8.827481
2024-12,Антошка,DJ08157,18.0,15.720462
2025-01,Антошка,DJ08157,10.0,7.838774
2025-02,Антошка,DJ08157,7.0,4.955626
2025-03,Антошка,DJ08157,17.0,4.146986
2025-04,Антошка,DJ08157,15.0,4.212004
2025-05,Антошка,DJ08157,9.0,4.7018833
2025-06,Антошка,DJ08157,7.0,4.366261
2024-07,БІ,DJ08157,16.0,10.566364
2024-08,БІ,DJ08157,28.0,9.619909
2024-09,БІ,DJ08157,12.0,12.175627
2024-10,БІ,DJ08157,17.0,10.156963
2024-11,БІ,DJ08157,13.0,11.239133
2024-12,БІ,DJ08157,57.0,19.285522
2025-01,БІ,DJ08157,20.0,12.454473
2025-02,БІ,DJ08157,28.0,8.565528
2025-03,БІ,DJ08157,19.0,11.283386
2025-04,БІ,DJ08157,22.0,8.769124
2025-05,БІ,DJ08157,15.0,8.929921
2025-06,БІ,DJ08157,13.0,6.048678
2024-07,МайПлей,DJ08157,3.0,0.4100908
2024-08,МайПлей,DJ08157,4.0,0.20158511
2024-09,МайПлей,DJ08157,1.0,0.11946635
2024-10,МайПлей,DJ08157,5.0,0.45686856
2024-11,МайПлей,DJ08157,7.0,0.63441414
2024-12,МайПлей,DJ08157,13.0,3.8742325
2025-01,МайПлей,DJ08157,2.0,2.102797
2025-02,МайПлей,DJ08157,4.0,0.92696863
2025-03,МайПлей,DJ08157,6.0,0.6588252
2025-04,МайПлей,DJ08157,2.0,0.77807665
2025-05,МайПлей,DJ08157,4.0,0.6411532
2025-06,МайПлей,DJ08157,1.0,0.7343144
2024-07,Мегамаркет,DJ08157,2.0,0.18757054
2024-08,Мегамаркет,DJ08157,0.0,0.13359934
2024-09,Мегамаркет,DJ08157,1.0,0.0046985215
2024-10,Мегамаркет,DJ08157,1.0,0.15964688
2024-11,Мегамаркет,DJ08157,0.0,0.07142092
2024-12,Мегамаркет,DJ08157,1.0,0.34142894
2025-01,Мегамаркет,DJ08157,0.0,0.0
2025-02,Мегамаркет,DJ08157,0.0,0.0
2025-03,Мегамаркет,DJ08157,3.0,0.0
2025-04,Мегамаркет,DJ08157,0.0,0.0
2025-05,Мегамаркет,DJ08157,0.0,0.0
2025-06,Мегамаркет,DJ08157,1.0,0.0
2024-07,ІМ-МауДау,DJ08158,0.0,0.0
2024-08,ІМ-МауДау,DJ08158,1.0,0.0
2024-09,ІМ-МауДау,DJ08158,0.0,0.0
2024-10,ІМ-МауДау,DJ08158,0.0,0.0
2024-11,ІМ-МауДау,DJ08158,0.0,0.0
2024-12,ІМ-МауДау,DJ08158,2.0,0.037685663
2025-01,ІМ-МауДау,DJ08158,0.0,0.0
2025-02,ІМ-МауДау,DJ08158,0.0,0.0
2025-03,ІМ-МауДау,DJ08158,0.0,0.0
2025-04,ІМ-МауДау,DJ08158,0.0,0.0
2025-05,ІМ-МауДау,DJ08158,0.0,0.0
2025-06,ІМ-МауДау,DJ08158,0.0,0.0
2024-07,ІМ-Розетка,DJ08158,0.0,0.014561512
2024-08,ІМ-Розетка,DJ08158,1.0,0.44123414
2024-09,ІМ-Розетка,DJ08158,1.0,0.37718126
2024-10,ІМ-Розетка,DJ08158,1.0,0.7681408
2024-11,ІМ-Розетка,DJ08158,6.0,1.481217
2024-12,ІМ-Розетка,DJ08158,7.0,5.26878
2025-01,ІМ-Розетка,DJ08158,5.0,1.3323666
2025-02,ІМ-Розетка,DJ08158,1.0,0.90287733
2025-03,ІМ-Розетка,DJ08158,1.0,0.3187086
2025-04,ІМ-Розетка,DJ08158,1.0,0.132895
2025-05,ІМ-Розетка,DJ08158,1.0,0.106450945
2025-06,ІМ-Розетка,DJ08158,1.0,0.037814938
2024-07,Акварель,DJ08158,2.0,0.5921582
2024-08,Акварель,DJ08158,3.0,0.8025219
2024-09,Акварель,DJ08158,2.0,0.70769054
2024-10,Акварель,DJ08158,2.0,0.93400234
2024-11,Акварель,DJ08158,4.0,1.5984645
2024-12,Акварель,DJ08158,9.0,3.6775599
2025-01,Акварель,DJ08158,4.0,2.0645783
2025-02,Акварель,DJ08158,7.0,1.0295591
2025-03,Акварель,DJ08158,5.0,1.3228161
2025-04,Акварель,DJ08158,0.0,1.3226414
2025-05,Акварель,DJ08158,3.0,0.6040113
2025-06,Акварель,DJ08158,3.0,1.0137075
2024-07,Антошка,DJ08158,0.0,0.0
2024-08,Антошка,DJ08158,0.0,0.0
2024-09,Антошка,DJ08158,0.0,0.0
2024-10,Антошка,DJ08158,0.0,0.0
2024-11,Антошка,DJ08158,0.0,0.0
2024-12,Антошка,DJ08158,0.0,0.0
2025-01,Антошка,DJ08158,0.0,0.0
2025-02,Антошка,DJ08158,0.0,0.0
2025-03,Антошка,DJ08158,0.0,0.0
2025-04,Антошка,DJ08158,0.0,0.0
2025-05,Антошка,DJ08158,0.0,0.0
2025-06,Антошка,DJ08158,0.0,0.0
2024-07,БІ,DJ08158,21.0,9.340026
2024-08,БІ,DJ08158,19.0,9.348759
2024-09,БІ,DJ08158,16.0,8.533614
2024-10,БІ,DJ08158,13.0,8.004867
2024-11,БІ,DJ08158,22.0,8.854213
2024-12,БІ,DJ08158,43.0,24.485134
2025-01,БІ,DJ08158,19.0,10.825277
2025-02,БІ,DJ08158,12.0,9.033232
2025-03,БІ,DJ08158,13.0,8.0833435
2025-04,БІ,DJ08158,17.0,7.124186
2025-05,БІ,DJ08158,14.0,7.020043
2025-06,БІ,DJ08158,19.0,6.510701
2024-07,Віват Канцелярія,DJ08158,1.0,0.17577676
2024-08,Віват Канцелярія,DJ08158,3.0,0.8684051
2024-09,Віват Канцелярія,DJ08158,2.0,0.7060432
2024-10,Віват Канцелярія,DJ08158,6.0,0.6630154
2024-11,Віват Канцелярія,DJ08158,3.0,1.0856291
2024-12,Віват Канцелярія,DJ08158,2.0,3.1860394
2025-01,Віват Канцелярія,DJ08158,2.0,0.46153373
2025-02,Віват Канцелярія,DJ08158,3.0,0.19747494
2025-03,Віват Канцелярія,DJ08158,0.0,0.41818187
2025-04,Віват Канцелярія,DJ08158,1.0,0.0
2025-05,Віват Канцелярія,DJ08158,0.0,0.182091
2025-06,Віват Канцелярія,DJ08158,0.0,0.06545564
2024-07,Епіцентр,DJ08158,0.0,0.0
2024-08,Епіцентр,DJ08158,0.0,0.0
2024-09,Епіцентр,DJ08158,0.0,0.0
2024-10,Епіцентр,DJ08158,0.0,0.0
2024-11,Епіцентр,DJ08158,0.0,0.0
2024-12,Епіцентр,DJ08158,1.0,0.18090625
2025-01,Епіцентр,DJ08158,0.0,0.0
2025-02,Епіцентр,DJ08158,0.0,0.0
2025-03,Епіцентр,DJ08158,0.0,0.0
2025-04,Епіцентр,DJ08158,0.0,0.0
2025-05,Епіцентр,DJ08158,0.0,0.0
2025-06,Епіцентр,DJ08158,0.0,0.0
2024-07,Країна Казок,DJ08158,1.0,0.0
2024-08,Країна Казок,DJ08158,0.0,0.0
2024-09,Країна Казок,DJ08158,1.0,0.0
2024-10,Країна Казок,DJ08158,0.0,0.0
2024-11,Країна Казок,DJ08158,0.0,0.0
2024-12,Країна Казок,DJ08158,0.0,0.0
2025-01,Країна Казок,DJ08158,0.0,0.0
2025-02,Країна Казок,DJ08158,0.0,0.0
2025-03,Країна Казок,DJ08158,1.0,0.0
2025-04,Країна Казок,DJ08158,0.0,0.0
2025-05,Країна Казок,DJ08158,0.0,0.0
2025-06,Країна Казок,DJ08158,0.0,0.0
2024-07,КідСтор Київ,DJ08158,0.0,0.0
2024-08,КідСтор Київ,DJ08158,0.0,0.0
2024-09,КідСтор Київ,DJ08158,4.0,0.3852534
2024-10,КідСтор Київ,DJ08158,1.0,0.12930967
2024-11,КідСтор Київ,DJ08158,0.0,0.0
2024-12,КідСтор Київ,DJ08158,0.0,0.0067617786
2025-01,КідСтор Київ,DJ08158,0.0,0.0
2025-02,КідСтор Київ,DJ08158,0.0,0.0
2025-03,КідСтор Київ,DJ08158,0.0,0.0
2025-04,КідСтор Київ,DJ08158,0.0,0.0
2025-05,КідСтор Київ,DJ08158,0.0,0.0
2025-06,КідСтор Київ,DJ08158,0.0,0.0
2024-07,МайПлей,DJ08158,1.0,0.15561572
2024-08,МайПлей,DJ08158,2.0,0.14285223
2024-09,МайПлей,DJ08158,3.0,0.0
2024-10,МайПлей,DJ08158,1.0,0.122372
2024-11,МайПлей,DJ08158,4.0,0.318695
2024-12,МайПлей,DJ08158,7.0,1.5465331
2025-01,МайПлей,DJ08158,1.0,1.2033602
2025-02,МайПлей,DJ08158,3.0,0.2633256
2025-03,МайПлей,DJ08158,1.0,0.282478
2025-04,МайПлей,DJ08158,2.0,0.27168643
2025-05,МайПлей,DJ08158,3.0,0.2056261
2025-06,МайПлей,DJ08158,0.0,0.34799686
2024-07,Монако,DJ08158,0.0,0.0
2024-08,Монако,DJ08158,0.0,0.0
2024-09,Монако,DJ08158,0.0,0.0
2024-10,Монако,DJ08158,4.0,0.07979518
2024-11,Монако,DJ08158,0.0,0.0
2024-12,Монако,DJ08158,0.0,0.0
2025-01,Монако,DJ08158,0.0,0.0
2025-02,Монако,DJ08158,1.0,0.109930895
2025-03,Монако,DJ08158,1.0,0.0
2025-04,Монако,DJ08158,0.0,0.0
2025-05,Монако,DJ08158,0.0,0.0
2025-06,Монако,DJ08158,2.0,0.104014486
2024-07,Акварель,DJ08162,1.0,0.70091224
2024-08,Акварель,DJ08162,1.0,0.6596944
2024-09,Акварель,DJ08162,6.0,0.4525209
2024-10,Акварель,DJ08162,3.0,1.1304492
2024-11,Акварель,DJ08162,2.0,1.8511735
2024-12,Акварель,DJ08162,3.0,3.5048468
2025-01,Акварель,DJ08162,3.0,1.2748696
2025-02,Акварель,DJ08162,1.0,1.0553403
2025-03,Акварель,DJ08162,2.0,0.80867547
2025-04,Акварель,DJ08162,5.0,0.8546736
2025-05,Акварель,DJ08162,0.0,1.0565588
2025-06,Акварель,DJ08162,2.0,0.8974884
2024-07,БІ,DJ08162,6.0,5.0123024
2024-08,БІ,DJ08162,7.0,4.9946637
2024-09,БІ,DJ08162,9.0,4.537682
2024-10,БІ,DJ08162,9.0,5.121189
2024-11,БІ,DJ08162,16.0,4.556814
2024-12,БІ,DJ08162,34.0,14.920168
2025-01,БІ,DJ08162,6.0,7.2664704
2025-02,БІ,DJ08162,7.0,3.1661124
2025-03,БІ,DJ08162,8.0,2.5442302
2025-04,БІ,DJ08162,3.0,3.0199337
2025-05,БІ,DJ08162,6.0,2.4338617
2025-06,БІ,DJ08162,1.0,2.8487055
2024-07,Віват Канцелярія,DJ08162,0.0,0.0
2024-08,Віват Канцелярія,DJ08162,4.0,0.3744868
2024-09,Віват Канцелярія,DJ08162,2.0,0.29047915
2024-10,Віват Канцелярія,DJ08162,4.0,0.5289571
2024-11,Віват Канцелярія,DJ08162,0.0,0.69516706
2024-12,Віват Канцелярія,DJ08162,6.0,1.8946648
2025-01,Віват Канцелярія,DJ08162,3.0,0.71733075
2025-02,Віват Канцелярія,DJ08162,1.0,0.32117403
2025-03,Віват Канцелярія,DJ08162,4.0,0.23373215
2025-04,Віват Канцелярія,DJ08162,0.0,0.4275024
2025-05,Віват Канцелярія,DJ08162,3.0,0.21763484
2025-06,Віват Канцелярія,DJ08162,2.0,0.41773322
2024-07,МайПлей,DJ08162,2.0,0.34831443
2024-08,МайПлей,DJ08162,0.0,0.17344663
2024-09,МайПлей,DJ08162,0.0,0.08943317
2024-10,МайПлей,DJ08162,4.0,0.104705185
2024-11,МайПлей,DJ08162,1.0,0.19572966
2024-12,МайПлей,DJ08162,1.0,2.036097
2025-01,МайПлей,DJ08162,2.0,0.1804074
2025-02,МайПлей,DJ08162,2.0,0.10772351
2025-03,МайПлей,DJ08162,0.0,0.07758344
2025-04,МайПлей,DJ08162,1.0,0.088871695
2025-05,МайПлей,DJ08162,1.0,0.0
2025-06,МайПлей,DJ08162,0.0,0.0
2024-07,Мегамаркет,DJ08162,0.0,0.0
2024-08,Мегамаркет,DJ08162,1.0,0.061271105
2024-09,Мегамаркет,DJ08162,1.0,0.0
2024-10,Мегамаркет,DJ08162,0.0,0.0
2024-11,Мегамаркет,DJ08162,0.0,0.0
2024-12,Мегамаркет,DJ08162,0.0,0.12304858
2025-01,Мегамаркет,DJ08162,0.0,0.0
2025-02,Мегамаркет,DJ08162,1.0,0.0
2025-03,Мегамаркет,DJ08162,1.0,0.0
2025-04,Мегамаркет,DJ08162,1.0,0.0
2025-05,Мегамаркет,DJ08162,0.0,0.0
2025-06,Мегамаркет,DJ08162,0.0,0.0
2024-07,Монако,DJ08162,0.0,0.0
2024-08,Монако,DJ08162,1.0,0.0
2024-09,Монако,DJ08162,0.0,0.0
2024-10,Монако,DJ08162,1.0,0.0
2024-11,Монако,DJ08162,0.0,0.0
2024-12,Монако,DJ08162,0.0,0.0
2025-01,Монако,DJ08162,0.0,0.0
2025-02,Монако,DJ08162,1.0,0.0
2025-03,Монако,DJ08162,1.0,0.0
2025-04,Монако,DJ08162,0.0,0.0
2025-05,Монако,DJ08162,0.0,0.0
2025-06,Монако,DJ08162,0.0,0.0
2024-07,Акварель,DJ08164,2.0,0.56030214
2024-08,Акварель,DJ08164,1.0,0.82764107
2024-09,Акварель,DJ08164,2.0,0.53222245
2024-10,Акварель,DJ08164,2.0,1.0515732
2024-11,Акварель,DJ08164,2.0,1.5254118
2024-12,Акварель,DJ08164,9.0,3.1945305
2025-01,Акварель,DJ08164,3.0,1.5326695
2025-02,Акварель,DJ08164,5.0,1.0994092
2025-03,Акварель,DJ08164,2.0,1.0064
2025-04,Акварель,DJ08164,3.0,1.0180606
2025-05,Акварель,DJ08164,3.0,1.290614
2025-06,Акварель,DJ08164,3.0,1.2955372
2024-07,Антошка,DJ08164,33.0,2.2088616
2024-08,Антошка,DJ08164,6.0,8.10297
2024-09,Антошка,DJ08164,9.0,2.4600966
2024-10,Антошка,DJ08164,3.0,3.8593316
2024-11,Антошка,DJ08164,9.0,3.300397
2024-12,Антошка,DJ08164,10.0,7.583277
2025-01,Антошка,DJ08164,2.0,2.4506557
2025-02,Антошка,DJ08164,4.0,1.9843789
2025-03,Антошка,DJ08164,9.0,1.7811236
2025-04,Антошка,DJ08164,11.0,1.8218598
2025-05,Антошка,DJ08164,7.0,2.1176996
2025-06,Антошка,DJ08164,10.0,3.3507257
2024-07,БІ,DJ08164,13.0,8.120175
2024-08,БІ,DJ08164,18.0,7.0969267
2024-09,БІ,DJ08164,11.0,7.63472
2024-10,БІ,DJ08164,10.0,7.004764
2024-11,БІ,DJ08164,11.0,6.57949
2024-12,БІ,DJ08164,21.0,15.575768
2025-01,БІ,DJ08164,9.0,6.5929685
2025-02,БІ,DJ08164,15.0,5.452392
2025-03,БІ,DJ08164,10.0,6.0054884
2025-04,БІ,DJ08164,16.0,5.156079
2025-05,БІ,DJ08164,9.0,5.4023824
2025-06,БІ,DJ08164,26.0,6.5526557
2024-07,МайПлей,DJ08164,1.0,0.36769602
2024-08,МайПлей,DJ08164,4.0,0.39553338
2024-09,МайПлей,DJ08164,1.0,0.31528974
2024-10,МайПлей,DJ08164,3.0,0.20750083
2024-11,МайПлей,DJ08164,1.0,0.13559417
2024-12,МайПлей,DJ08164,4.0,1.4924594
2025-01,МайПлей,DJ08164,0.0,0.35033023
2025-02,МайПлей,DJ08164,2.0,0.23460592
2025-03,МайПлей,DJ08164,1.0,0.2249066
2025-04,МайПлей,DJ08164,2.0,0.164934
2025-05,МайПлей,DJ08164,1.0,0.13488382
2025-06,МайПлей,DJ08164,3.0,0.13036352
2024-07,Мегамаркет,DJ08164,1.0,0.19063962
2024-08,Мегамаркет,DJ08164,1.0,0.22609267
2024-09,Мегамаркет,DJ08164,1.0,0.022756567
2024-10,Мегамаркет,DJ08164,0.0,0.11612417
2024-11,Мегамаркет,DJ08164,1.0,0.17313671
2024-12,Мегамаркет,DJ08164,2.0,0.5451754
2025-01,Мегамаркет,DJ08164,0.0,0.0
2025-02,Мегамаркет,DJ08164,0.0,0.0
2025-03,Мегамаркет,DJ08164,0.0,0.0
2025-04,Мегамаркет,DJ08164,0.0,0.0
2025-05,Мегамаркет,DJ08164,0.0,0.0
2025-06,Мегамаркет,DJ08164,1.0,0.0
2024-07,ІМ-Розетка,DJ08165,1.0,0.3363454
2024-08,ІМ-Розетка,DJ08165,3.0,0.4124343
2024-09,ІМ-Розетка,DJ08165,2.0,0.68127537
2024-10,ІМ-Розетка,DJ08165,3.0,1.0656865
2024-11,ІМ-Розетка,DJ08165,13.0,1.8049492
2024-12,ІМ-Розетка,DJ08165,13.0,10.855379
2025-01,ІМ-Розетка,DJ08165,7.0,1.7509621
2025-02,ІМ-Розетка,DJ08165,7.0,1.5043265
2025-03,ІМ-Розетка,DJ08165,2.0,1.8890841
2025-04,ІМ-Розетка,DJ08165,0.0,0.38055596
2025-05,ІМ-Розетка,DJ08165,1.0,0.032598935
2025-06,ІМ-Розетка,DJ08165,4.0,0.39529568
2024-07,Акварель,DJ08165,6.0,0.9508574
2024-08,Акварель,DJ08165,3.0,1.0915858
2024-09,Акварель,DJ08165,3.0,1.0995374
2024-10,Акварель,DJ08165,1.0,1.2732029
2024-11,Акварель,DJ08165,8.0,1.8831341
2024-12,Акварель,DJ08165,11.0,5.186322
2025-01,Акварель,DJ08165,7.0,2.6783516
2025-02,Акварель,DJ08165,5.0,2.2452378
2025-03,Акварель,DJ08165,3.0,1.5447751
2025-04,Акварель,DJ08165,2.0,1.157236
2025-05,Акварель,DJ08165,5.0,1.2437652
2025-06,Акварель,DJ08165,4.0,1.2195259
2024-07,Антошка,DJ08165,11.0,6.222132
2024-08,Антошка,DJ08165,6.0,4.4253683
2024-09,Антошка,DJ08165,13.0,3.5399115
2024-10,Антошка,DJ08165,7.0,5.434243
2024-11,Антошка,DJ08165,11.0,5.4034142
2024-12,Антошка,DJ08165,26.0,13.091734
2025-01,Антошка,DJ08165,7.0,6.5383625
2025-02,Антошка,DJ08165,10.0,3.5702024
2025-03,Антошка,DJ08165,14.0,4.431256
2025-04,Антошка,DJ08165,7.0,4.345371
2025-05,Антошка,DJ08165,9.0,3.9206684
2025-06,Антошка,DJ08165,7.0,3.7111263
2024-07,БІ,DJ08165,18.0,8.665456
2024-08,БІ,DJ08165,23.0,8.225644
2024-09,БІ,DJ08165,23.0,9.21109
2024-10,БІ,DJ08165,17.0,9.529262
2024-11,БІ,DJ08165,28.0,9.641192
2024-12,БІ,DJ08165,56.0,29.139751
2025-01,БІ,DJ08165,29.0,12.025734
2025-02,БІ,DJ08165,19.0,9.957118
2025-03,БІ,DJ08165,26.0,10.240861
2025-04,БІ,DJ08165,23.0,8.918121
2025-05,БІ,DJ08165,23.0,9.564498
2025-06,БІ,DJ08165,18.0,8.473437
2024-07,МайПлей,DJ08165,0.0,0.35404766
2024-08,МайПлей,DJ08165,2.0,0.023670994
2024-09,МайПлей,DJ08165,0.0,0.16302684
2024-10,МайПлей,DJ08165,1.0,0.04510329
2024-11,МайПлей,DJ08165,2.0,0.21782689
2024-12,МайПлей,DJ08165,5.0,1.0074811
2025-01,МайПлей,DJ08165,2.0,0.45674855
2025-02,МайПлей,DJ08165,2.0,0.0
2025-03,МайПлей,DJ08165,2.0,0.1271181
2025-04,МайПлей,DJ08165,1.0,0.2534905
2025-05,МайПлей,DJ08165,2.0,0.13329415
2025-06,МайПлей,DJ08165,0.0,0.19731627
2024-07,Мегамаркет,DJ08165,2.0,0.14002657
2024-08,Мегамаркет,DJ08165,0.0,0.118806064
2024-09,Мегамаркет,DJ08165,0.0,0.04282725
2024-10,Мегамаркет,DJ08165,2.0,0.075722635
2024-11,Мегамаркет,DJ08165,0.0,0.013070236
2024-12,Мегамаркет,DJ08165,2.0,0.40313962
2025-01,Мегамаркет,DJ08165,0.0,0.0
2025-02,Мегамаркет,DJ08165,1.0,0.0
2025-03,Мегамаркет,DJ08165,0.0,0.0
2025-04,Мегамаркет,DJ08165,0.0,0.0
2025-05,Мегамаркет,DJ08165,0.0,0.0
2025-06,Мегамаркет,DJ08165,0.0,0.0
2024-07,ІМ-Розетка,DJ08166,0.0,0.0
2024-08,ІМ-Розетка,DJ08166,0.0,0.0
2024-09,ІМ-Розетка,DJ08166,0.0,0.0
2024-10,ІМ-Розетка,DJ08166,0.0,0.0
2024-11,ІМ-Розетка,DJ08166,0.0,0.0
2024-12,ІМ-Розетка,DJ08166,0.0,0.0
2025-01,ІМ-Розетка,DJ08166,1.0,0.0
2025-02,ІМ-Розетка,DJ08166,0.0,0.0
2025-03,ІМ-Розетка,DJ08166,0.0,0.0
2025-04,ІМ-Розетка,DJ08166,0.0,0.0
2025-05,ІМ-Розетка,DJ08166,0.0,0.0
2025-06,ІМ-Розетка,DJ08166,1.0,0.0
2024-07,Акварель,DJ08166,4.0,1.28143
2024-08,Акварель,DJ08166,3.0,1.4167824
2024-09,Акварель,DJ08166,2.0,1.0121229
2024-10,Акварель,DJ08166,4.0,1.484384
2024-11,Акварель,DJ08166,6.0,2.0917401
2024-12,Акварель,DJ08166,12.0,5.9506364
2025-01,Акварель,DJ08166,5.0,2.8568099
2025-02,Акварель,DJ08166,8.0,1.7599499
2025-03,Акварель,DJ08166,5.0,1.7450035
2025-04,Акварель,DJ08166,6.0,1.5787853
2025-05,Акварель,DJ08166,5.0,2.0140274
2025-06,Акварель,DJ08166,4.0,2.0010846
2024-07,Антошка,DJ08166,20.0,7.6230016
2024-08,Антошка,DJ08166,14.0,9.494727
2024-09,Антошка,DJ08166,19.0,6.7082205
2024-10,Антошка,DJ08166,12.0,8.245364
2024-11,Антошка,DJ08166,9.0,7.9153047
2024-12,Антошка,DJ08166,20.0,16.281092
2025-01,Антошка,DJ08166,5.0,7.412731
2025-02,Антошка,DJ08166,8.0,3.373018
2025-03,Антошка,DJ08166,9.0,3.62829
2025-04,Антошка,DJ08166,18.0,3.4074683
2025-05,Антошка,DJ08166,7.0,5.3969717
2025-06,Антошка,DJ08166,6.0,3.850463
2024-07,БІ,DJ08166,17.0,17.606457
2024-08,БІ,DJ08166,21.0,9.309612
2024-09,БІ,DJ08166,20.0,10.11135
2024-10,БІ,DJ08166,27.0,11.407082
2024-11,БІ,DJ08166,22.0,14.038732
2024-12,БІ,DJ08166,64.0,31.769459
2025-01,БІ,DJ08166,20.0,15.123694
2025-02,БІ,DJ08166,29.0,10.0520115
2025-03,БІ,DJ08166,20.0,12.795055
2025-04,БІ,DJ08166,27.0,8.120993
2025-05,БІ,DJ08166,24.0,9.752666
2025-06,БІ,DJ08166,26.0,7.221094
2024-07,МайПлей,DJ08166,3.0,0.49055836
2024-08,МайПлей,DJ08166,6.0,0.8098076
2024-09,МайПлей,DJ08166,2.0,0.8461656
2024-10,МайПлей,DJ08166,4.0,0.4837323
2024-11,МайПлей,DJ08166,6.0,0.7282238
2024-12,МайПлей,DJ08166,6.0,3.1931996
2025-01,МайПлей,DJ08166,3.0,1.4621637
2025-02,МайПлей,DJ08166,6.0,0.46196553
2025-03,МайПлей,DJ08166,4.0,0.58903563
2025-04,МайПлей,DJ08166,5.0,0.5688142
2025-05,МайПлей,DJ08166,4.0,0.45974776
2025-06,МайПлей,DJ08166,1.0,0.60542
2024-07,Мегамаркет,DJ08166,0.0,0.12555972
2024-08,Мегамаркет,DJ08166,1.0,0.17735323
2024-09,Мегамаркет,DJ08166,2.0,0.04823486
2024-10,Мегамаркет,DJ08166,0.0,0.0
2024-11,Мегамаркет,DJ08166,1.0,0.10435458
2024-12,Мегамаркет,DJ08166,0.0,0.53031766
2025-01,Мегамаркет,DJ08166,0.0,0.0
2025-02,Мегамаркет,DJ08166,1.0,0.0
2025-03,Мегамаркет,DJ08166,1.0,0.0
2025-04,Мегамаркет,DJ08166,1.0,0.0
2025-05,Мегамаркет,DJ08166,0.0,0.0
2025-06,Мегамаркет,DJ08166,0.0,0.0
2024-07,Акварель,DJ08168,3.0,0.84274083
2024-08,Акварель,DJ08168,2.0,0.7174681
2024-09,Акварель,DJ08168,0.0,0.0
2024-10,Акварель,DJ08168,1.0,0.6555303
2024-11,Акварель,DJ08168,2.0,0.8069075
2024-12,Акварель,DJ08168,6.0,1.5614858
2025-01,Акварель,DJ08168,1.0,0.3914668
2025-02,Акварель,DJ08168,0.0,0.0
2025-03,Акварель,DJ08168,1.0,0.30420956
2025-04,Акварель,DJ08168,0.0,0.0
2025-05,Акварель,DJ08168,2.0,0.3583648
2025-06,Акварель,DJ08168,0.0,0.0
2024-07,БІ,DJ08168,6.0,2.911029
2024-08,БІ,DJ08168,4.0,3.3947182
2024-09,БІ,DJ08168,5.0,2.2882516
2024-10,БІ,DJ08168,5.0,2.3490775
2024-11,БІ,DJ08168,10.0,2.5258627
2024-12,БІ,DJ08168,16.0,8.565244
2025-01,БІ,DJ08168,7.0,2.8044608
2025-02,БІ,DJ08168,3.0,1.6999407
2025-03,БІ,DJ08168,2.0,1.4739469
2025-04,БІ,DJ08168,1.0,0.84360325
2025-05,БІ,DJ08168,3.0,0.64749306
2025-06,БІ,DJ08168,3.0,0.66767323
2024-07,Віват Канцелярія,DJ08168,0.0,0.0
2024-08,Віват Канцелярія,DJ08168,0.0,0.0
2024-09,Віват Канцелярія,DJ08168,1.0,0.15782006
2024-10,Віват Канцелярія,DJ08168,1.0,0.11761245
2024-11,Віват Канцелярія,DJ08168,1.0,0.15259083
2024-12,Віват Канцелярія,DJ08168,1.0,0.7161871
2025-01,Віват Канцелярія,DJ08168,1.0,0.12725945
2025-02,Віват Канцелярія,DJ08168,2.0,0.0859813
2025-03,Віват Канцелярія,DJ08168,1.0,0.0
2025-04,Віват Канцелярія,DJ08168,2.0,0.019607391
2025-05,Віват Канцелярія,DJ08168,0.0,0.0
2025-06,Віват Канцелярія,DJ08168,0.0,0.0
2024-07,МайПлей,DJ08168,0.0,0.0
2024-08,МайПлей,DJ08168,0.0,0.0
2024-09,МайПлей,DJ08168,2.0,0.04272454
2024-10,МайПлей,DJ08168,2.0,0.09499416
2024-11,МайПлей,DJ08168,3.0,0.15805995
2024-12,МайПлей,DJ08168,4.0,1.0090885
2025-01,МайПлей,DJ08168,0.0,0.0
2025-02,МайПлей,DJ08168,3.0,0.18552992
2025-03,МайПлей,DJ08168,0.0,0.0
2025-04,МайПлей,DJ08168,2.0,0.10108961
2025-05,МайПлей,DJ08168,1.0,0.16179633
2025-06,МайПлей,DJ08168,0.0,0.0
2024-07,Епіцентр,DJ08184,0.0,0.11344804
2024-08,Епіцентр,DJ08184,1.0,0.096336044
2024-09,Епіцентр,DJ08184,1.0,0.19381326
2024-10,Епіцентр,DJ08184,0.0,0.15417369
2024-11,Епіцентр,DJ08184,1.0,0.0
2024-12,Епіцентр,DJ08184,2.0,0.5373781
2025-01,Епіцентр,DJ08184,2.0,0.07994718
2025-02,Епіцентр,DJ08184,1.0,0.05800684
2025-03,Епіцентр,DJ08184,1.0,0.0
2025-04,Епіцентр,DJ08184,0.0,0.0
2025-05,Епіцентр,DJ08184,1.0,0.0
2025-06,Епіцентр,DJ08184,0.0,0.0
2024-07,Антошка,DJ08186,7.0,1.6895089
2024-08,Антошка,DJ08186,6.0,2.205341
2024-09,Антошка,DJ08186,10.0,2.1261575
2024-10,Антошка,DJ08186,8.0,2.3377995
2024-11,Антошка,DJ08186,6.0,2.4845924
2024-12,Антошка,DJ08186,10.0,5.43771
2025-01,Антошка,DJ08186,6.0,2.1637452
2025-02,Антошка,DJ08186,5.0,1.9858899
2025-03,Антошка,DJ08186,7.0,1.7347385
2025-04,Антошка,DJ08186,4.0,1.6750839
2025-05,Антошка,DJ08186,4.0,1.6806045
2025-06,Антошка,DJ08186,7.0,2.0970109
2024-07,БІ,DJ08186,10.0,3.9727366
2024-08,БІ,DJ08186,8.0,3.899269
2024-09,БІ,DJ08186,10.0,3.8671432
2024-10,БІ,DJ08186,13.0,4.1241455
2024-11,БІ,DJ08186,5.0,4.4461718
2024-12,БІ,DJ08186,16.0,8.248658
2025-01,БІ,DJ08186,7.0,3.8499806
2025-02,БІ,DJ08186,4.0,2.7287977
2025-03,БІ,DJ08186,7.0,2.2313352
2025-04,БІ,DJ08186,15.0,2.1448398
2025-05,БІ,DJ08186,3.0,3.2484875
2025-06,БІ,DJ08186,15.0,3.025526
2024-07,КідСтор Київ,DJ08186,0.0,0.0
2024-08,КідСтор Київ,DJ08186,0.0,0.0
2024-09,КідСтор Київ,DJ08186,4.0,0.1937807
2024-10,КідСтор Київ,DJ08186,0.0,0.0
2024-11,КідСтор Київ,DJ08186,0.0,0.0
2024-12,КідСтор Київ,DJ08186,0.0,0.0
2025-01,КідСтор Київ,DJ08186,0.0,0.0
2025-02,КідСтор Київ,DJ08186,0.0,0.0
2025-03,КідСтор Київ,DJ08186,0.0,0.0
2025-04,КідСтор Київ,DJ08186,0.0,0.0
2025-05,КідСтор Київ,DJ08186,0.0,0.0
2025-06,КідСтор Київ,DJ08186,0.0,0.0
2024-07,МайПлей,DJ08186,1.0,0.4550366
2024-08,МайПлей,DJ08186,2.0,0.18966454
2024-09,МайПлей,DJ08186,3.0,0.0
2024-10,МайПлей,DJ08186,2.0,0.11402335
2024-11,МайПлей,DJ08186,1.0,0.10253494
2024-12,МайПлей,DJ08186,3.0,1.3154647
2025-01,МайПлей,DJ08186,1.0,0.22654267
2025-02,МайПлей,DJ08186,2.0,0.0
2025-03,МайПлей,DJ08186,0.0,0.0
2025-04,МайПлей,DJ08186,1.0,0.06301561
2025-05,МайПлей,DJ08186,1.0,0.0
2025-06,МайПлей,DJ08186,2.0,0.03982264
2024-07,Мегамаркет,DJ08186,0.0,0.0
2024-08,Мегамаркет,DJ08186,1.0,0.0
2024-09,Мегамаркет,DJ08186,0.0,0.0
2024-10,Мегамаркет,DJ08186,2.0,0.0073340544
2024-11,Мегамаркет,DJ08186,1.0,0.0
2024-12,Мегамаркет,DJ08186,0.0,0.17823167
2025-01,Мегамаркет,DJ08186,0.0,0.0
2025-02,Мегамаркет,DJ08186,0.0,0.0
2025-03,Мегамаркет,DJ08186,0.0,0.0
2025-04,Мегамаркет,DJ08186,0.0,0.0
2025-05,Мегамаркет,DJ08186,0.0,0.0
2025-06,Мегамаркет,DJ08186,2.0,0.0
2024-07,ІМ-Розетка,DJ08194,1.0,0.11966701
2024-08,ІМ-Розетка,DJ08194,1.0,0.013297877
2024-09,ІМ-Розетка,DJ08194,1.0,0.0
2024-10,ІМ-Розетка,DJ08194,1.0,0.23260543
2024-11,ІМ-Розетка,DJ08194,0.0,0.35881278
2024-12,ІМ-Розетка,DJ08194,0.0,3.3462696
2025-01,ІМ-Розетка,DJ08194,1.0,0.13337588
2025-02,ІМ-Розетка,DJ08194,1.0,0.060824826
2025-03,ІМ-Розетка,DJ08194,1.0,0.07502061
2025-04,ІМ-Розетка,DJ08194,2.0,0.0
2025-05,ІМ-Розетка,DJ08194,3.0,0.0030713659
2025-06,ІМ-Розетка,DJ08194,2.0,0.55760556
2024-07,БІ,DJ08194,20.0,7.187081
2024-08,БІ,DJ08194,18.0,7.9902186
2024-09,БІ,DJ08194,11.0,6.3515973
2024-10,БІ,DJ08194,22.0,6.824358
2024-11,БІ,DJ08194,16.0,9.156571
2024-12,БІ,DJ08194,39.0,22.488855
2025-01,БІ,DJ08194,19.0,10.487126
2025-02,БІ,DJ08194,23.0,7.3814797
2025-03,БІ,DJ08194,21.0,8.312928
2025-04,БІ,DJ08194,16.0,6.85524
2025-05,БІ,DJ08194,17.0,6.6237097
2025-06,БІ,DJ08194,21.0,6.728564
2024-07,Віват Канцелярія,DJ08194,1.0,0.0
2024-08,Віват Канцелярія,DJ08194,3.0,0.7594908
2024-09,Віват Канцелярія,DJ08194,3.0,0.5998545
2024-10,Віват Канцелярія,DJ08194,1.0,0.55009735
2024-11,Віват Канцелярія,DJ08194,5.0,0.67998594
2024-12,Віват Канцелярія,DJ08194,3.0,2.4562693
2025-01,Віват Канцелярія,DJ08194,1.0,0.5718673
2025-02,Віват Канцелярія,DJ08194,3.0,0.39519778
2025-03,Віват Канцелярія,DJ08194,1.0,0.21446455
2025-04,Віват Канцелярія,DJ08194,2.0,0.33447224
2025-05,Віват Канцелярія,DJ08194,2.0,0.32724604
2025-06,Віват Канцелярія,DJ08194,1.0,0.22198878
2024-07,МайПлей,DJ08194,2.0,0.3727924
2024-08,МайПлей,DJ08194,1.0,0.34308347
2024-09,МайПлей,DJ08194,1.0,0.13022062
2024-10,МайПлей,DJ08194,1.0,0.14505106
2024-11,МайПлей,DJ08194,0.0,0.12871343
2024-12,МайПлей,DJ08194,4.0,1.4397422
2025-01,МайПлей,DJ08194,4.0,0.7365644
2025-02,МайПлей,DJ08194,1.0,0.2067104
2025-03,МайПлей,DJ08194,2.0,0.14227358
2025-04,МайПлей,DJ08194,0.0,0.26770252
2025-05,МайПлей,DJ08194,3.0,0.10667823
2025-06,МайПлей,DJ08194,0.0,0.146155
2024-07,Супрун ФОП,DJ08194,0.0,0.0
2024-08,Супрун ФОП,DJ08194,0.0,0.0
2024-09,Супрун ФОП,DJ08194,1.0,0.0
2024-10,Супрун ФОП,DJ08194,0.0,0.0
2024-11,Супрун ФОП,DJ08194,0.0,0.0
2024-12,Супрун ФОП,DJ08194,0.0,0.0
2025-01,Супрун ФОП,DJ08194,0.0,0.0
2025-02,Супрун ФОП,DJ08194,0.0,0.0
2025-03,Супрун ФОП,DJ08194,0.0,0.0
2025-04,Супрун ФОП,DJ08194,0.0,0.0
2025-05,Супрун ФОП,DJ08194,1.0,0.0
2025-06,Супрун ФОП,DJ08194,2.0,0.0
2024-07,Акварель,DJ08198,2.0,0.19172254
2024-08,Акварель,DJ08198,1.0,0.20542032
2024-09,Акварель,DJ08198,1.0,0.060054902
2024-10,Акварель,DJ08198,1.0,0.27085823
2024-11,Акварель,DJ08198,0.0,0.2087994
2024-12,Акварель,DJ08198,1.0,0.6592572
2025-01,Акварель,DJ08198,0.0,0.0
2025-02,Акварель,DJ08198,1.0,0.0
2025-03,Акварель,DJ08198,2.0,0.0
2025-04,Акварель,DJ08198,0.0,0.0
2025-05,Акварель,DJ08198,0.0,0.0
2025-06,Акварель,DJ08198,1.0,0.0
2024-07,Антошка,DJ08198,0.0,0.0
2024-08,Антошка,DJ08198,4.0,0.0
2024-09,Антошка,DJ08198,1.0,0.08678406
2024-10,Антошка,DJ08198,1.0,0.06804252
2024-11,Антошка,DJ08198,0.0,0.091515236
2024-12,Антошка,DJ08198,1.0,0.51775926
2025-01,Антошка,DJ08198,0.0,0.0
2025-02,Антошка,DJ08198,2.0,0.0
2025-03,Антошка,DJ08198,2.0,0.0
2025-04,Антошка,DJ08198,1.0,0.0
2025-05,Антошка,DJ08198,1.0,0.0
2025-06,Антошка,DJ08198,0.0,0.0
2024-07,БІ,DJ08198,5.0,2.607513
2024-08,БІ,DJ08198,7.0,2.4082816
2024-09,БІ,DJ08198,7.0,2.6960301
2024-10,БІ,DJ08198,4.0,2.6567824
2024-11,БІ,DJ08198,10.0,2.9497235
2024-12,БІ,DJ08198,10.0,7.142439
2025-01,БІ,DJ08198,6.0,2.4015176
2025-02,БІ,DJ08198,7.0,2.4319956
2025-03,БІ,DJ08198,6.0,1.7677361
2025-04,БІ,DJ08198,2.0,2.0593543
2025-05,БІ,DJ08198,4.0,1.4821383
2025-06,БІ,DJ08198,5.0,1.8376551
2024-07,Епіцентр,DJ08198,1.0,0.0
2024-08,Епіцентр,DJ08198,0.0,0.0
2024-09,Епіцентр,DJ08198,0.0,0.0
2024-10,Епіцентр,DJ08198,1.0,0.0
2024-11,Епіцентр,DJ08198,1.0,0.0329601
2024-12,Епіцентр,DJ08198,3.0,0.9259463
2025-01,Епіцентр,DJ08198,0.0,0.014618145
2025-02,Епіцентр,DJ08198,0.0,0.09644237
2025-03,Епіцентр,DJ08198,2.0,0.0
2025-04,Епіцентр,DJ08198,0.0,0.0
2025-05,Епіцентр,DJ08198,0.0,0.03558915
2025-06,Епіцентр,DJ08198,0.0,0.03286353
2024-07,МайПлей,DJ08198,2.0,0.0
2024-08,МайПлей,DJ08198,2.0,0.011707357
2024-09,МайПлей,DJ08198,0.0,0.0
2024-10,МайПлей,DJ08198,0.0,0.0
2024-11,МайПлей,DJ08198,2.0,0.029653471
2024-12,МайПлей,DJ08198,3.0,0.6978868
2025-01,МайПлей,DJ08198,1.0,0.018166928
2025-02,МайПлей,DJ08198,0.0,0.0
2025-03,МайПлей,DJ08198,1.0,0.0
2025-04,МайПлей,DJ08198,1.0,0.0
2025-05,МайПлей,DJ08198,1.0,0.0
2025-06,МайПлей,DJ08198,0.0,0.0
2024-07,СмартТойс,DJ08198,2.0,0.0
2024-08,СмартТойс,DJ08198,0.0,0.0
2024-09,СмартТойс,DJ08198,1.0,0.047745667
2024-10,СмартТойс,DJ08198,0.0,0.0
2024-11,СмартТойс,DJ08198,0.0,0.0
2024-12,СмартТойс,DJ08198,0.0,0.0
2025-01,СмартТойс,DJ08198,0.0,0.0
2025-02,СмартТойс,DJ08198,0.0,0.0
2025-03,СмартТойс,DJ08198,0.0,0.0
2025-04,СмартТойс,DJ08198,1.0,0.0
2025-05,СмартТойс,DJ08198,0.0,0.0
2025-06,СмартТойс,DJ08198,0.0,0.0
2024-07,Акварель,DJ08358,2.0,1.3502023
2024-08,Акварель,DJ08358,1.0,1.3372756
2024-09,Акварель,DJ08358,1.0,1.07106
2024-10,Акварель,DJ08358,4.0,1.2285638
2024-11,Акварель,DJ08358,2.0,0.47715545
2024-12,Акварель,DJ08358,0.0,0.23031665
2025-01,Акварель,DJ08358,1.0,0.13488795
2025-02,Акварель,DJ08358,3.0,0.1369809
2025-03,Акварель,DJ08358,0.0,0.0
2025-04,Акварель,DJ08358,0.0,0.0
2025-05,Акварель,DJ08358,2.0,0.20062271
2025-06,Акварель,DJ08358,1.0,0.124281235
2024-07,ІМ-Розетка,DJ08417,4.0,0.6034366
2024-08,ІМ-Розетка,DJ08417,4.0,1.2106714
2024-09,ІМ-Розетка,DJ08417,0.0,0.825562
2024-10,ІМ-Розетка,DJ08417,1.0,0.44485974
2024-11,ІМ-Розетка,DJ08417,9.0,0.6064923
2024-12,ІМ-Розетка,DJ08417,29.0,7.067029
2025-01,ІМ-Розетка,DJ08417,6.0,4.158383
2025-02,ІМ-Розетка,DJ08417,7.0,1.2444359
2025-03,ІМ-Розетка,DJ08417,4.0,0.48883364
2025-04,ІМ-Розетка,DJ08417,0.0,0.05654339
2025-05,ІМ-Розетка,DJ08417,0.0,0.0
2025-06,ІМ-Розетка,DJ08417,1.0,0.16765535
2024-07,Акварель,DJ08417,2.0,0.1929125
2024-08,Акварель,DJ08417,1.0,0.298627
2024-09,Акварель,DJ08417,1.0,0.34470195
2024-10,Акварель,DJ08417,0.0,0.23049332
2024-11,Акварель,DJ08417,4.0,0.58030474
2024-12,Акварель,DJ08417,5.0,2.774846
2025-01,Акварель,DJ08417,6.0,1.8543968
2025-02,Акварель,DJ08417,1.0,0.7136452
2025-03,Акварель,DJ08417,3.0,0.3730531
2025-04,Акварель,DJ08417,6.0,0.4752869
2025-05,Акварель,DJ08417,0.0,1.2458172
2025-06,Акварель,DJ08417,1.0,0.7381386
2024-07,Антошка,DJ08417,1.0,0.08185972
2024-08,Антошка,DJ08417,1.0,0.102315865
2024-09,Антошка,DJ08417,2.0,0.12514663
2024-10,Антошка,DJ08417,0.0,0.0
2024-11,Антошка,DJ08417,2.0,0.0
2024-12,Антошка,DJ08417,0.0,1.2374235
2025-01,Антошка,DJ08417,1.0,0.0
2025-02,Антошка,DJ08417,0.0,0.0
2025-03,Антошка,DJ08417,1.0,0.0
2025-04,Антошка,DJ08417,0.0,0.0
2025-05,Антошка,DJ08417,0.0,0.0
2025-06,Антошка,DJ08417,0.0,0.0
2024-07,БІ,DJ08417,8.0,2.7500815
2024-08,БІ,DJ08417,11.0,4.3126125
2024-09,БІ,DJ08417,6.0,4.0255356
2024-10,БІ,DJ08417,5.0,2.2350793
2024-11,БІ,DJ08417,5.0,2.1298454
2024-12,БІ,DJ08417,18.0,10.379668
2025-01,БІ,DJ08417,9.0,4.824748
2025-02,БІ,DJ08417,1.0,1.9041892
2025-03,БІ,DJ08417,0.0,0.8539373
2025-04,БІ,DJ08417,2.0,0.7999877
2025-05,БІ,DJ08417,1.0,0.7408404
2025-06,БІ,DJ08417,3.0,1.0091854
2024-07,МайПлей,DJ08417,2.0,0.13244449
2024-08,МайПлей,DJ08417,1.0,0.109210946
2024-09,МайПлей,DJ08417,1.0,0.0
2024-10,МайПлей,DJ08417,0.0,0.0
2024-11,МайПлей,DJ08417,0.0,0.0
2024-12,МайПлей,DJ08417,5.0,0.9226026
2025-01,МайПлей,DJ08417,2.0,0.5008567
2025-02,МайПлей,DJ08417,0.0,0.0
2025-03,МайПлей,DJ08417,0.0,0.0
2025-04,МайПлей,DJ08417,0.0,0.0
2025-05,МайПлей,DJ08417,2.0,0.0
2025-06,МайПлей,DJ08417,1.0,0.0
2024-07,Мегамаркет,DJ08417,1.0,0.0
2024-08,Мегамаркет,DJ08417,0.0,0.0
2024-09,Мегамаркет,DJ08417,0.0,0.0
2024-10,Мегамаркет,DJ08417,0.0,0.0
2024-11,Мегамаркет,DJ08417,0.0,0.0
2024-12,Мегамаркет,DJ08417,1.0,0.21869983
2025-01,Мегамаркет,DJ08417,1.0,0.0
2025-02,Мегамаркет,DJ08417,1.0,0.0
2025-03,Мегамаркет,DJ08417,1.0,0.0
2025-04,Мегамаркет,DJ08417,0.0,0.0
2025-05,Мегамаркет,DJ08417,0.0,0.0
2025-06,Мегамаркет,DJ08417,0.0,0.0
2024-07,СмартТойс,DJ08417,3.0,0.0
2024-08,СмартТойс,DJ08417,0.0,0.0
2024-09,СмартТойс,DJ08417,2.0,0.052035347
2024-10,СмартТойс,DJ08417,0.0,0.0
2024-11,СмартТойс,DJ08417,0.0,0.0
2024-12,СмартТойс,DJ08417,5.0,0.39752412
2025-01,СмартТойс,DJ08417,2.0,0.21014008
2025-02,СмартТойс,DJ08417,0.0,0.0
2025-03,СмартТойс,DJ08417,0.0,0.0
2025-04,СмартТойс,DJ08417,0.0,0.0
2025-05,СмартТойс,DJ08417,0.0,0.0
2025-06,СмартТойс,DJ08417,1.0,0.014655913
2024-07,Акварель,DJ08443,1.0,1.4415402
2024-08,Акварель,DJ08443,1.0,1.3111258
2024-09,Акварель,DJ08443,3.0,1.2427806
2024-10,Акварель,DJ08443,1.0,1.1524721
2024-11,Акварель,DJ08443,1.0,0.55149454
2024-12,Акварель,DJ08443,8.0,1.7298957
2025-01,Акварель,DJ08443,1.0,0.52547437
2025-02,Акварель,DJ08443,0.0,0.0
2025-03,Акварель,DJ08443,0.0,0.0
2025-04,Акварель,DJ08443,0.0,0.0
2025-05,Акварель,DJ08443,0.0,0.0
2025-06,Акварель,DJ08443,0.0,0.0
2024-07,Віват Канцелярія,DJ08443,0.0,0.0
2024-08,Віват Канцелярія,DJ08443,3.0,0.0
2024-09,Віват Канцелярія,DJ08443,1.0,0.0
2024-10,Віват Канцелярія,DJ08443,0.0,0.0
2024-11,Віват Канцелярія,DJ08443,0.0,0.0
2024-12,Віват Канцелярія,DJ08443,1.0,0.092036806
2025-01,Віват Канцелярія,DJ08443,0.0,0.0
2025-02,Віват Канцелярія,DJ08443,0.0,0.0
2025-03,Віват Канцелярія,DJ08443,0.0,0.0
2025-04,Віват Канцелярія,DJ08443,1.0,0.0
2025-05,Віват Канцелярія,DJ08443,1.0,0.0
2025-06,Віват Канцелярія,DJ08443,0.0,0.0
2024-07,МайПлей,DJ08443,3.0,0.65673655
2024-08,МайПлей,DJ08443,4.0,0.76492345
2024-09,МайПлей,DJ08443,3.0,0.8732792
2024-10,МайПлей,DJ08443,0.0,0.0
2024-11,МайПлей,DJ08443,0.0,0.0
2024-12,МайПлей,DJ08443,3.0,0.93038195
2025-01,МайПлей,DJ08443,0.0,0.0
2025-02,МайПлей,DJ08443,1.0,0.0014175081
2025-03,МайПлей,DJ08443,1.0,0.0
2025-04,МайПлей,DJ08443,2.0,0.00076472183
2025-05,МайПлей,DJ08443,3.0,0.053457163
2025-06,МайПлей,DJ08443,0.0,0.0
2024-07,ІМ-Розетка,DJ08451,2.0,0.99797887
2024-08,ІМ-Розетка,DJ08451,1.0,1.2964122
2024-09,ІМ-Розетка,DJ08451,0.0,0.5085659
2024-10,ІМ-Розетка,DJ08451,0.0,0.6966672
2024-11,ІМ-Розетка,DJ08451,1.0,0.81143135
2024-12,ІМ-Розетка,DJ08451,6.0,8.651478
2025-01,ІМ-Розетка,DJ08451,2.0,1.1128364
2025-02,ІМ-Розетка,DJ08451,1.0,0.23691662
2025-03,ІМ-Розетка,DJ08451,2.0,0.31864032
2025-04,ІМ-Розетка,DJ08451,0.0,0.31211105
2025-05,ІМ-Розетка,DJ08451,2.0,0.20973426
2025-06,ІМ-Розетка,DJ08451,3.0,0.17421533
2024-07,Акварель,DJ08451,2.0,0.5756586
2024-08,Акварель,DJ08451,0.0,0.47245383
2024-09,Акварель,DJ08451,0.0,0.0912692
2024-10,Акварель,DJ08451,4.0,0.40536463
2024-11,Акварель,DJ08451,5.0,1.9418654
2024-12,Акварель,DJ08451,2.0,3.969379
2025-01,Акварель,DJ08451,1.0,0.7468442
2025-02,Акварель,DJ08451,1.0,0.69601196
2025-03,Акварель,DJ08451,5.0,0.48845425
2025-04,Акварель,DJ08451,0.0,1.0773935
2025-05,Акварель,DJ08451,1.0,0.54501224
2025-06,Акварель,DJ08451,2.0,0.56626034
2024-07,Антошка,DJ08451,2.0,0.4889595
2024-08,Антошка,DJ08451,1.0,0.58695024
2024-09,Антошка,DJ08451,1.0,0.35667047
2024-10,Антошка,DJ08451,2.0,0.4899378
2024-11,Антошка,DJ08451,6.0,0.5767687
2024-12,Антошка,DJ08451,9.0,2.9443293
2025-01,Антошка,DJ08451,3.0,1.2590138
2025-02,Антошка,DJ08451,1.0,0.8503706
2025-03,Антошка,DJ08451,9.0,0.11446627
2025-04,Антошка,DJ08451,0.0,1.2190267
2025-05,Антошка,DJ08451,2.0,0.45565736
2025-06,Антошка,DJ08451,3.0,0.54140484
2024-07,БІ,DJ08451,10.0,3.9072256
2024-08,БІ,DJ08451,16.0,4.731415
2024-09,БІ,DJ08451,7.0,5.502664
2024-10,БІ,DJ08451,12.0,4.6206126
2024-11,БІ,DJ08451,6.0,5.797952
2024-12,БІ,DJ08451,29.0,18.667452
2025-01,БІ,DJ08451,14.0,7.214699
2025-02,БІ,DJ08451,11.0,4.6291175
2025-03,БІ,DJ08451,13.0,4.13716
2025-04,БІ,DJ08451,7.0,4.3569064
2025-05,БІ,DJ08451,3.0,3.6357422
2025-06,БІ,DJ08451,6.0,2.9917774
2024-07,Епіцентр,DJ08451,2.0,0.0
2024-08,Епіцентр,DJ08451,0.0,0.0
2024-09,Епіцентр,DJ08451,0.0,0.0
2024-10,Епіцентр,DJ08451,2.0,0.0
2024-11,Епіцентр,DJ08451,1.0,0.0
2024-12,Епіцентр,DJ08451,4.0,0.774461
2025-01,Епіцентр,DJ08451,0.0,0.03185257
2025-02,Епіцентр,DJ08451,0.0,0.0
2025-03,Епіцентр,DJ08451,0.0,0.0
2025-04,Епіцентр,DJ08451,0.0,0.0
2025-05,Епіцентр,DJ08451,0.0,0.0
2025-06,Епіцентр,DJ08451,1.0,0.0
2024-07,МайПлей,DJ08451,2.0,0.10250452
2024-08,МайПлей,DJ08451,2.0,0.26458275
2024-09,МайПлей,DJ08451,3.0,0.17557685
2024-10,МайПлей,DJ08451,3.0,0.29042146
2024-11,МайПлей,DJ08451,1.0,0.24815053
2024-12,МайПлей,DJ08451,2.0,1.7935728
2025-01,МайПлей,DJ08451,2.0,0.12979124
2025-02,МайПлей,DJ08451,0.0,0.0
2025-03,МайПлей,DJ08451,3.0,0.02264291
2025-04,МайПлей,DJ08451,1.0,0.120440096
2025-05,МайПлей,DJ08451,0.0,0.05296914
2025-06,МайПлей,DJ08451,0.0,0.0
2024-07,Мегамаркет,DJ08451,0.0,0.0
2024-08,Мегамаркет,DJ08451,0.0,0.0
2024-09,Мегамаркет,DJ08451,0.0,0.0
2024-10,Мегамаркет,DJ08451,0.0,0.0
2024-11,Мегамаркет,DJ08451,0.0,0.0
2024-12,Мегамаркет,DJ08451,0.0,0.009134574
2025-01,Мегамаркет,DJ08451,0.0,0.0
2025-02,Мегамаркет,DJ08451,0.0,0.0
2025-03,Мегамаркет,DJ08451,2.0,0.0
2025-04,Мегамаркет,DJ08451,0.0,0.0
2025-05,Мегамаркет,DJ08451,0.0,0.0
2025-06,Мегамаркет,DJ08451,0.0,0.0
2024-07,СмартТойс,DJ08451,5.0,0.22641693
2024-08,СмартТойс,DJ08451,1.0,0.0
2024-09,СмартТойс,DJ08451,0.0,0.0
2024-10,СмартТойс,DJ08451,0.0,0.0
2024-11,СмартТойс,DJ08451,0.0,0.0
2024-12,СмартТойс,DJ08451,3.0,0.4071304
2025-01,СмартТойс,DJ08451,0.0,0.0
2025-02,СмартТойс,DJ08451,0.0,0.0
2025-03,СмартТойс,DJ08451,0.0,0.0
2025-04,СмартТойс,DJ08451,0.0,0.0
2025-05,СмартТойс,DJ08451,0.0,0.0
2025-06,СмартТойс,DJ08451,2.0,0.0
2024-07,Акварель,DJ08454,0.0,0.26080757
2024-08,Акварель,DJ08454,0.0,0.0
2024-09,Акварель,DJ08454,0.0,0.0
2024-10,Акварель,DJ08454,0.0,0.0
2024-11,Акварель,DJ08454,0.0,0.0
2024-12,Акварель,DJ08454,0.0,0.0
2025-01,Акварель,DJ08454,0.0,0.0
2025-02,Акварель,DJ08454,0.0,0.0
2025-03,Акварель,DJ08454,0.0,0.0
2025-04,Акварель,DJ08454,0.0,0.0
2025-05,Акварель,DJ08454,0.0,0.0
2025-06,Акварель,DJ08454,0.0,0.0
2024-07,Антошка,DJ08454,0.0,0.0
2024-08,Антошка,DJ08454,0.0,0.0
2024-09,Антошка,DJ08454,0.0,0.0
2024-10,Антошка,DJ08454,0.0,0.0
2024-11,Антошка,DJ08454,0.0,0.0
2024-12,Антошка,DJ08454,0.0,0.0
2025-01,Антошка,DJ08454,0.0,0.0
2025-02,Антошка,DJ08454,0.0,0.0
2025-03,Антошка,DJ08454,0.0,0.0
2025-04,Антошка,DJ08454,0.0,0.0
2025-05,Антошка,DJ08454,0.0,0.0
2025-06,Антошка,DJ08454,0.0,0.0
2024-07,МайПлей,DJ08454,1.0,0.0
2024-08,МайПлей,DJ08454,0.0,0.0
2024-09,МайПлей,DJ08454,0.0,0.0
2024-10,МайПлей,DJ08454,0.0,0.0
2024-11,МайПлей,DJ08454,0.0,0.0
2024-12,МайПлей,DJ08454,0.0,0.0
2025-01,МайПлей,DJ08454,0.0,0.0
2025-02,МайПлей,DJ08454,0.0,0.0
2025-03,МайПлей,DJ08454,0.0,0.0
2025-04,МайПлей,DJ08454,0.0,0.0
2025-05,МайПлей,DJ08454,0.0,0.0
2025-06,МайПлей,DJ08454,0.0,0.0
2024-07,ІМ-Розетка,DJ08463,1.0,0.1971946
2024-08,ІМ-Розетка,DJ08463,1.0,0.12223574
2024-09,ІМ-Розетка,DJ08463,0.0,0.0
2024-10,ІМ-Розетка,DJ08463,0.0,0.09936273
2024-11,ІМ-Розетка,DJ08463,4.0,0.5657494
2024-12,ІМ-Розетка,DJ08463,4.0,5.5255485
2025-01,ІМ-Розетка,DJ08463,3.0,0.97763157
2025-02,ІМ-Розетка,DJ08463,0.0,0.4142511
2025-03,ІМ-Розетка,DJ08463,0.0,0.21269943
2025-04,ІМ-Розетка,DJ08463,0.0,0.18451972
2025-05,ІМ-Розетка,DJ08463,3.0,0.049058385
2025-06,ІМ-Розетка,DJ08463,2.0,0.47049168
2024-07,Акварель,DJ08463,2.0,0.97063696
2024-08,Акварель,DJ08463,2.0,0.9681965
2024-09,Акварель,DJ08463,0.0,0.7769339
2024-10,Акварель,DJ08463,2.0,0.9264121
2024-11,Акварель,DJ08463,4.0,1.5559554
2024-12,Акварель,DJ08463,20.0,6.414286
2025-01,Акварель,DJ08463,3.0,3.019538
2025-02,Акварель,DJ08463,1.0,1.301889
2025-03,Акварель,DJ08463,3.0,1.1279571
2025-04,Акварель,DJ08463,2.0,1.0198146
2025-05,Акварель,DJ08463,3.0,1.3489836
2025-06,Акварель,DJ08463,3.0,1.4432845
2024-07,Антошка,DJ08463,11.0,3.0276601
2024-08,Антошка,DJ08463,4.0,2.9410496
2024-09,Антошка,DJ08463,6.0,1.8922572
2024-10,Антошка,DJ08463,7.0,2.421276
2024-11,Антошка,DJ08463,3.0,3.0258832
2024-12,Антошка,DJ08463,18.0,9.667254
2025-01,Антошка,DJ08463,5.0,3.4901233
2025-02,Антошка,DJ08463,10.0,1.2667264
2025-03,Антошка,DJ08463,8.0,2.5007463
2025-04,Антошка,DJ08463,10.0,2.0485084
2025-05,Антошка,DJ08463,5.0,2.7113614
2025-06,Антошка,DJ08463,5.0,2.2287953
2024-07,БІ,DJ08463,13.0,11.823147
2024-08,БІ,DJ08463,26.0,8.780709
2024-09,БІ,DJ08463,17.0,10.980484
2024-10,БІ,DJ08463,24.0,12.746559
2024-11,БІ,DJ08463,44.0,16.023695
2024-12,БІ,DJ08463,84.0,45.255688
2025-01,БІ,DJ08463,37.0,15.080843
2025-02,БІ,DJ08463,13.0,12.981448
2025-03,БІ,DJ08463,26.0,9.141988
2025-04,БІ,DJ08463,17.0,9.804559
2025-05,БІ,DJ08463,27.0,8.548382
2025-06,БІ,DJ08463,23.0,9.518364
2024-07,Віват Канцелярія,DJ08463,2.0,0.0
2024-08,Віват Канцелярія,DJ08463,0.0,0.5231217
2024-09,Віват Канцелярія,DJ08463,0.0,0.10548705
2024-10,Віват Канцелярія,DJ08463,1.0,0.021044781
2024-11,Віват Канцелярія,DJ08463,2.0,0.19442248
2024-12,Віват Канцелярія,DJ08463,4.0,2.0601866
2025-01,Віват Канцелярія,DJ08463,2.0,0.5331656
2025-02,Віват Канцелярія,DJ08463,1.0,0.092478864
2025-03,Віват Канцелярія,DJ08463,3.0,0.04576318
2025-04,Віват Канцелярія,DJ08463,0.0,0.0
2025-05,Віват Канцелярія,DJ08463,2.0,0.11082285
2025-06,Віват Канцелярія,DJ08463,1.0,0.0
2024-07,Країна Казок,DJ08463,0.0,0.0
2024-08,Країна Казок,DJ08463,0.0,0.0
2024-09,Країна Казок,DJ08463,0.0,0.0
2024-10,Країна Казок,DJ08463,0.0,0.0
2024-11,Країна Казок,DJ08463,0.0,0.0
2024-12,Країна Казок,DJ08463,1.0,0.0
2025-01,Країна Казок,DJ08463,0.0,0.0
2025-02,Країна Казок,DJ08463,0.0,0.0
2025-03,Країна Казок,DJ08463,0.0,0.0
2025-04,Країна Казок,DJ08463,0.0,0.0
2025-05,Країна Казок,DJ08463,1.0,0.0
2025-06,Країна Казок,DJ08463,1.0,0.0
2024-07,МайПлей,DJ08463,5.0,0.37394774
2024-08,МайПлей,DJ08463,3.0,0.40087727
2024-09,МайПлей,DJ08463,0.0,0.12847577
2024-10,МайПлей,DJ08463,1.0,0.29306236
2024-11,МайПлей,DJ08463,3.0,0.52922326
2024-12,МайПлей,DJ08463,7.0,3.3930736
2025-01,МайПлей,DJ08463,4.0,0.6315823
2025-02,МайПлей,DJ08463,1.0,0.081322
2025-03,МайПлей,DJ08463,1.0,0.0
2025-04,МайПлей,DJ08463,3.0,0.35814556
2025-05,МайПлей,DJ08463,1.0,0.46090993
2025-06,МайПлей,DJ08463,3.0,0.30172995
2024-07,Мегамаркет,DJ08463,1.0,0.0
2024-08,Мегамаркет,DJ08463,3.0,0.0601748
2024-09,Мегамаркет,DJ08463,1.0,0.0
2024-10,Мегамаркет,DJ08463,1.0,0.109242715
2024-11,Мегамаркет,DJ08463,0.0,0.0
2024-12,Мегамаркет,DJ08463,1.0,0.5470247
2025-01,Мегамаркет,DJ08463,1.0,0.072123565
2025-02,Мегамаркет,DJ08463,0.0,0.0
2025-03,Мегамаркет,DJ08463,0.0,0.0
2025-04,Мегамаркет,DJ08463,0.0,0.0
2025-05,Мегамаркет,DJ08463,0.0,0.0
2025-06,Мегамаркет,DJ08463,0.0,0.0
2024-07,ІМ-Розетка,DJ08464,0.0,0.0
2024-08,ІМ-Розетка,DJ08464,0.0,0.0
2024-09,ІМ-Розетка,DJ08464,0.0,0.0
2024-10,ІМ-Розетка,DJ08464,0.0,0.0
2024-11,ІМ-Розетка,DJ08464,2.0,0.5693168
2024-12,ІМ-Розетка,DJ08464,3.0,4.4125547
2025-01,ІМ-Розетка,DJ08464,1.0,0.71117926
2025-02,ІМ-Розетка,DJ08464,0.0,0.15026295
2025-03,ІМ-Розетка,DJ08464,0.0,0.021590956
2025-04,ІМ-Розетка,DJ08464,1.0,0.0
2025-05,ІМ-Розетка,DJ08464,2.0,0.060592927
2025-06,ІМ-Розетка,DJ08464,2.0,0.06397259
2024-07,Акварель,DJ08464,2.0,0.67909074
2024-08,Акварель,DJ08464,3.0,0.51790476
2024-09,Акварель,DJ08464,1.0,0.5765048
2024-10,Акварель,DJ08464,0.0,0.71903116
2024-11,Акварель,DJ08464,2.0,0.63499606
2024-12,Акварель,DJ08464,12.0,4.6734066
2025-01,Акварель,DJ08464,4.0,1.775525
2025-02,Акварель,DJ08464,1.0,0.90117925
2025-03,Акварель,DJ08464,5.0,0.61225855
2025-04,Акварель,DJ08464,3.0,1.341215
2025-05,Акварель,DJ08464,2.0,0.7690615
2025-06,Акварель,DJ08464,0.0,0.71592754
2024-07,Антошка,DJ08464,0.0,0.50956845
2024-08,Антошка,DJ08464,1.0,0.4569382
2024-09,Антошка,DJ08464,0.0,0.24019662
2024-10,Антошка,DJ08464,1.0,0.24699065
2024-11,Антошка,DJ08464,0.0,0.42006084
2024-12,Антошка,DJ08464,3.0,1.5482676
2025-01,Антошка,DJ08464,2.0,0.39659816
2025-02,Антошка,DJ08464,0.0,0.11265859
2025-03,Антошка,DJ08464,1.0,0.10002259
2025-04,Антошка,DJ08464,1.0,0.0060849995
2025-05,Антошка,DJ08464,2.0,0.14355306
2025-06,Антошка,DJ08464,1.0,0.35058653
2024-07,БІ,DJ08464,10.0,6.3990145
2024-08,БІ,DJ08464,10.0,5.7154
2024-09,БІ,DJ08464,13.0,5.020536
2024-10,БІ,DJ08464,15.0,7.2452226
2024-11,БІ,DJ08464,19.0,8.197296
2024-12,БІ,DJ08464,63.0,27.684431
2025-01,БІ,DJ08464,15.0,10.489485
2025-02,БІ,DJ08464,9.0,6.378946
2025-03,БІ,DJ08464,9.0,4.6627784
2025-04,БІ,DJ08464,10.0,4.4751563
2025-05,БІ,DJ08464,30.0,5.11154
2025-06,БІ,DJ08464,11.0,6.9473844
2024-07,Віват Канцелярія,DJ08464,0.0,0.0
2024-08,Віват Канцелярія,DJ08464,2.0,0.40777928
2024-09,Віват Канцелярія,DJ08464,0.0,0.0
2024-10,Віват Канцелярія,DJ08464,4.0,0.0
2024-11,Віват Канцелярія,DJ08464,0.0,0.21752003
2024-12,Віват Канцелярія,DJ08464,3.0,1.4052335
2025-01,Віват Канцелярія,DJ08464,3.0,0.21563612
2025-02,Віват Канцелярія,DJ08464,2.0,0.013517325
2025-03,Віват Канцелярія,DJ08464,0.0,0.11285862
2025-04,Віват Канцелярія,DJ08464,0.0,0.0
2025-05,Віват Канцелярія,DJ08464,1.0,0.0036409458
2025-06,Віват Канцелярія,DJ08464,1.0,0.0
2024-07,МайПлей,DJ08464,4.0,0.29158163
2024-08,МайПлей,DJ08464,1.0,0.23774366
2024-09,МайПлей,DJ08464,2.0,0.044677168
2024-10,МайПлей,DJ08464,0.0,0.070853755
2024-11,МайПлей,DJ08464,1.0,0.10409457
2024-12,МайПлей,DJ08464,6.0,1.941615
2025-01,МайПлей,DJ08464,4.0,0.6927937
2025-02,МайПлей,DJ08464,2.0,0.08396446
2025-03,МайПлей,DJ08464,0.0,0.0
2025-04,МайПлей,DJ08464,2.0,0.20196046
2025-05,МайПлей,DJ08464,1.0,0.037369095
2025-06,МайПлей,DJ08464,0.0,0.07223358
2024-07,Монако,DJ08464,0.0,0.0
2024-08,Монако,DJ08464,0.0,0.0
2024-09,Монако,DJ08464,0.0,0.0
2024-10,Монако,DJ08464,0.0,0.0
2024-11,Монако,DJ08464,2.0,0.0
2024-12,Монако,DJ08464,0.0,0.0
2025-01,Монако,DJ08464,0.0,0.0
2025-02,Монако,DJ08464,0.0,0.0
2025-03,Монако,DJ08464,0.0,0.0
2025-04,Монако,DJ08464,1.0,0.0
2025-05,Монако,DJ08464,0.0,0.0
2025-06,Монако,DJ08464,0.0,0.0
2024-07,ІМ-Розетка,DJ08477,0.0,0.4354199
2024-08,ІМ-Розетка,DJ08477,3.0,0.35645798
2024-09,ІМ-Розетка,DJ08477,1.0,0.1946524
2024-10,ІМ-Розетка,DJ08477,2.0,0.4660062
2024-11,ІМ-Розетка,DJ08477,3.0,1.1787479
2024-12,ІМ-Розетка,DJ08477,3.0,4.5668654
2025-01,ІМ-Розетка,DJ08477,0.0,0.267225
2025-02,ІМ-Розетка,DJ08477,1.0,0.0
2025-03,ІМ-Розетка,DJ08477,0.0,0.12610988
2025-04,ІМ-Розетка,DJ08477,2.0,0.0
2025-05,ІМ-Розетка,DJ08477,1.0,0.24725632
2025-06,ІМ-Розетка,DJ08477,4.0,0.12182851
2024-07,Акварель,DJ08477,4.0,0.8057884
2024-08,Акварель,DJ08477,2.0,0.7841124
2024-09,Акварель,DJ08477,2.0,0.81636643
2024-10,Акварель,DJ08477,2.0,0.946089
2024-11,Акварель,DJ08477,5.0,1.9852663
2024-12,Акварель,DJ08477,13.0,5.59344
2025-01,Акварель,DJ08477,6.0,3.4801688
2025-02,Акварель,DJ08477,0.0,1.2326726
2025-03,Акварель,DJ08477,0.0,0.8200668
2025-04,Акварель,DJ08477,4.0,0.41838408
2025-05,Акварель,DJ08477,4.0,1.0716854
2025-06,Акварель,DJ08477,3.0,1.2360058
2024-07,Антошка,DJ08477,4.0,0.79873824
2024-08,Антошка,DJ08477,3.0,0.6269284
2024-09,Антошка,DJ08477,2.0,0.4920138
2024-10,Антошка,DJ08477,3.0,0.5902795
2024-11,Антошка,DJ08477,11.0,1.3283638
2024-12,Антошка,DJ08477,18.0,8.376342
2025-01,Антошка,DJ08477,11.0,3.4637814
2025-02,Антошка,DJ08477,1.0,1.3650161
2025-03,Антошка,DJ08477,2.0,0.6484696
2025-04,Антошка,DJ08477,2.0,1.2641519
2025-05,Антошка,DJ08477,4.0,1.0004776
2025-06,Антошка,DJ08477,0.0,1.3348188
2024-07,БІ,DJ08477,16.0,7.6977158
2024-08,БІ,DJ08477,9.0,7.7725773
2024-09,БІ,DJ08477,8.0,5.706365
2024-10,БІ,DJ08477,9.0,5.3742676
2024-11,БІ,DJ08477,36.0,7.509597
2024-12,БІ,DJ08477,85.0,43.28795
2025-01,БІ,DJ08477,36.0,17.192282
2025-02,БІ,DJ08477,9.0,10.451712
2025-03,БІ,DJ08477,23.0,6.938063
2025-04,БІ,DJ08477,20.0,9.024315
2025-05,БІ,DJ08477,27.0,8.890531
2025-06,БІ,DJ08477,23.0,7.4248266
2024-07,МайПлей,DJ08477,1.0,0.34104508
2024-08,МайПлей,DJ08477,2.0,0.3725926
2024-09,МайПлей,DJ08477,3.0,0.20895477
2024-10,МайПлей,DJ08477,2.0,0.3459348
2024-11,МайПлей,DJ08477,1.0,0.5936838
2024-12,МайПлей,DJ08477,3.0,3.0458975
2025-01,МайПлей,DJ08477,2.0,0.92236584
2025-02,МайПлей,DJ08477,0.0,0.0
2025-03,МайПлей,DJ08477,1.0,0.0
2025-04,МайПлей,DJ08477,1.0,0.19339675
2025-05,МайПлей,DJ08477,3.0,0.12665826
2025-06,МайПлей,DJ08477,1.0,0.30802938
2024-07,Мегамаркет,DJ08477,0.0,0.0
2024-08,Мегамаркет,DJ08477,0.0,0.0
2024-09,Мегамаркет,DJ08477,0.0,0.0
2024-10,Мегамаркет,DJ08477,0.0,0.0
2024-11,Мегамаркет,DJ08477,1.0,0.0
2024-12,Мегамаркет,DJ08477,0.0,0.18293881
2025-01,Мегамаркет,DJ08477,0.0,0.0
2025-02,Мегамаркет,DJ08477,0.0,0.0
2025-03,Мегамаркет,DJ08477,0.0,0.0
2025-04,Мегамаркет,DJ08477,1.0,0.0
2025-05,Мегамаркет,DJ08477,1.0,0.0
2025-06,Мегамаркет,DJ08477,0.0,0.0
2024-07,Озерова ФОП,DJ08477,7.0,0.16992581
2024-08,Озерова ФОП,DJ08477,0.0,0.0
2024-09,Озерова ФОП,DJ08477,0.0,0.0
2024-10,Озерова ФОП,DJ08477,0.0,0.0
2024-11,Озерова ФОП,DJ08477,0.0,0.0
2024-12,Озерова ФОП,DJ08477,5.0,0.9458243
2025-01,Озерова ФОП,DJ08477,0.0,0.0
2025-02,Озерова ФОП,DJ08477,0.0,0.0
2025-03,Озерова ФОП,DJ08477,0.0,0.0
2025-04,Озерова ФОП,DJ08477,0.0,0.0
2025-05,Озерова ФОП,DJ08477,0.0,0.0
2025-06,Озерова ФОП,DJ08477,3.0,0.0
2024-07,СмартТойс,DJ08477,13.0,0.1502391
2024-08,СмартТойс,DJ08477,2.0,0.6542172
2024-09,СмартТойс,DJ08477,0.0,0.0023327218
2024-10,СмартТойс,DJ08477,0.0,0.0
2024-11,СмартТойс,DJ08477,3.0,0.48208565
2024-12,СмартТойс,DJ08477,19.0,2.2195747
2025-01,СмартТойс,DJ08477,0.0,0.0
2025-02,СмартТойс,DJ08477,0.0,0.0
2025-03,СмартТойс,DJ08477,0.0,0.1928938
2025-04,СмартТойс,DJ08477,0.0,0.114070766
2025-05,СмартТойс,DJ08477,1.0,0.32518017
2025-06,СмартТойс,DJ08477,2.0,0.43314466
2024-07,ІМ-МауДау,DJ08505,0.0,0.0
2024-08,ІМ-МауДау,DJ08505,0.0,0.0
2024-09,ІМ-МауДау,DJ08505,0.0,0.0
2024-10,ІМ-МауДау,DJ08505,2.0,0.0
2024-11,ІМ-МауДау,DJ08505,0.0,0.0
2024-12,ІМ-МауДау,DJ08505,0.0,0.0
2025-01,ІМ-МауДау,DJ08505,0.0,0.0
2025-02,ІМ-МауДау,DJ08505,0.0,0.0
2025-03,ІМ-МауДау,DJ08505,1.0,0.0
2025-04,ІМ-МауДау,DJ08505,0.0,0.0
2025-05,ІМ-МауДау,DJ08505,1.0,0.0
2025-06,ІМ-МауДау,DJ08505,1.0,0.0
2024-07,Акварель,DJ08505,2.0,0.06348915
2024-08,Акварель,DJ08505,0.0,0.0
2024-09,Акварель,DJ08505,0.0,0.049820825
2024-10,Акварель,DJ08505,1.0,0.02248877
2024-11,Акварель,DJ08505,1.0,0.06899549
2024-12,Акварель,DJ08505,3.0,0.89991754
2025-01,Акварель,DJ08505,1.0,0.072246365
2025-02,Акварель,DJ08505,2.0,0.0
2025-03,Акварель,DJ08505,2.0,0.023615716
2025-04,Акварель,DJ08505,1.0,0.0042449674
2025-05,Акварель,DJ08505,0.0,0.1116653
2025-06,Акварель,DJ08505,1.0,0.06653242
2024-07,Епіцентр,DJ08505,0.0,0.0
2024-08,Епіцентр,DJ08505,1.0,0.0
2024-09,Епіцентр,DJ08505,1.0,0.0
2024-10,Епіцентр,DJ08505,1.0,0.0
2024-11,Епіцентр,DJ08505,1.0,0.082784206
2024-12,Епіцентр,DJ08505,2.0,0.6513899
2025-01,Епіцентр,DJ08505,0.0,0.0
2025-02,Епіцентр,DJ08505,2.0,0.0
2025-03,Епіцентр,DJ08505,0.0,0.0
2025-04,Епіцентр,DJ08505,0.0,0.0
2025-05,Епіцентр,DJ08505,0.0,0.0
2025-06,Епіцентр,DJ08505,0.0,0.0
2024-07,МайПлей,DJ08505,0.0,0.0
2024-08,МайПлей,DJ08505,0.0,0.0
2024-09,МайПлей,DJ08505,0.0,0.0
2024-10,МайПлей,DJ08505,0.0,0.0
2024-11,МайПлей,DJ08505,0.0,0.0
2024-12,МайПлей,DJ08505,2.0,0.034183834
2025-01,МайПлей,DJ08505,3.0,0.0
2025-02,МайПлей,DJ08505,0.0,0.0
2025-03,МайПлей,DJ08505,1.0,0.0
2025-04,МайПлей,DJ08505,0.0,0.0
2025-05,МайПлей,DJ08505,3.0,0.0
2025-06,МайПлей,DJ08505,0.0,0.0
2024-07,Супрун ФОП,DJ08505,0.0,0.0
2024-08,Супрун ФОП,DJ08505,0.0,0.0
2024-09,Супрун ФОП,DJ08505,0.0,0.0
2024-10,Супрун ФОП,DJ08505,0.0,0.0
2024-11,Супрун ФОП,DJ08505,0.0,0.0
2024-12,Супрун ФОП,DJ08505,0.0,0.0
2025-01,Супрун ФОП,DJ08505,0.0,0.0
2025-02,Супрун ФОП,DJ08505,0.0,0.0
2025-03,Супрун ФОП,DJ08505,1.0,0.0
2025-04,Супрун ФОП,DJ08505,0.0,0.0
2025-05,Супрун ФОП,DJ08505,0.0,0.0
2025-06,Супрун ФОП,DJ08505,2.0,0.0
2024-07,Акварель,DJ08507,0.0,0.0
2024-08,Акварель,DJ08507,0.0,0.0
2024-09,Акварель,DJ08507,0.0,0.0
2024-10,Акварель,DJ08507,2.0,0.37777054
2024-11,Акварель,DJ08507,0.0,0.0
2024-12,Акварель,DJ08507,2.0,0.43479878
2025-01,Акварель,DJ08507,0.0,0.0
2025-02,Акварель,DJ08507,1.0,0.0
2025-03,Акварель,DJ08507,0.0,0.0
2025-04,Акварель,DJ08507,0.0,0.0
2025-05,Акварель,DJ08507,3.0,0.0
2025-06,Акварель,DJ08507,1.0,0.0
2024-07,ІМ-МауДау,DJ08510,1.0,0.0
2024-08,ІМ-МауДау,DJ08510,2.0,0.0
2024-09,ІМ-МауДау,DJ08510,0.0,0.0
2024-10,ІМ-МауДау,DJ08510,0.0,0.0
2024-11,ІМ-МауДау,DJ08510,0.0,0.0
2024-12,ІМ-МауДау,DJ08510,0.0,0.021867989
2025-01,ІМ-МауДау,DJ08510,1.0,0.0
2025-02,ІМ-МауДау,DJ08510,1.0,0.0
2025-03,ІМ-МауДау,DJ08510,1.0,0.0
2025-04,ІМ-МауДау,DJ08510,0.0,0.0
2025-05,ІМ-МауДау,DJ08510,0.0,0.0
2025-06,ІМ-МауДау,DJ08510,0.0,0.0
2024-07,ІМ-Розетка,DJ08510,1.0,0.28834158
2024-08,ІМ-Розетка,DJ08510,0.0,0.0
2024-09,ІМ-Розетка,DJ08510,2.0,0.0962987
2024-10,ІМ-Розетка,DJ08510,2.0,0.36971572
2024-11,ІМ-Розетка,DJ08510,1.0,0.89482117
2024-12,ІМ-Розетка,DJ08510,2.0,2.3203206
2025-01,ІМ-Розетка,DJ08510,1.0,0.12824078
2025-02,ІМ-Розетка,DJ08510,2.0,0.0
2025-03,ІМ-Розетка,DJ08510,0.0,0.021343583
2025-04,ІМ-Розетка,DJ08510,0.0,0.0
2025-05,ІМ-Розетка,DJ08510,2.0,0.0
2025-06,ІМ-Розетка,DJ08510,1.0,0.0
2024-07,Акварель,DJ08510,0.0,0.4189447
2024-08,Акварель,DJ08510,1.0,0.19670191
2024-09,Акварель,DJ08510,0.0,0.0
2024-10,Акварель,DJ08510,0.0,0.13115384
2024-11,Акварель,DJ08510,0.0,0.0064468477
2024-12,Акварель,DJ08510,2.0,0.9443364
2025-01,Акварель,DJ08510,0.0,0.017824404
2025-02,Акварель,DJ08510,2.0,0.0
2025-03,Акварель,DJ08510,0.0,0.1242734
2025-04,Акварель,DJ08510,0.0,0.123584054
2025-05,Акварель,DJ08510,2.0,0.0
2025-06,Акварель,DJ08510,2.0,0.0
2024-07,БІ,DJ08510,7.0,2.1863906
2024-08,БІ,DJ08510,3.0,1.7912699
2024-09,БІ,DJ08510,8.0,1.5557978
2024-10,БІ,DJ08510,5.0,2.0064952
2024-11,БІ,DJ08510,3.0,2.3842351
2024-12,БІ,DJ08510,15.0,7.1022873
2025-01,БІ,DJ08510,10.0,2.3862746
2025-02,БІ,DJ08510,5.0,2.3304117
2025-03,БІ,DJ08510,7.0,1.9442097
2025-04,БІ,DJ08510,9.0,2.089948
2025-05,БІ,DJ08510,3.0,2.28519
2025-06,БІ,DJ08510,2.0,2.081678
2024-07,МайПлей,DJ08510,1.0,0.0
2024-08,МайПлей,DJ08510,0.0,0.0
2024-09,МайПлей,DJ08510,1.0,0.0
2024-10,МайПлей,DJ08510,2.0,0.0
2024-11,МайПлей,DJ08510,1.0,0.0
2024-12,МайПлей,DJ08510,0.0,0.9227438
2025-01,МайПлей,DJ08510,1.0,0.19804835
2025-02,МайПлей,DJ08510,1.0,0.0
2025-03,МайПлей,DJ08510,1.0,0.0
2025-04,МайПлей,DJ08510,0.0,0.043085266
2025-05,МайПлей,DJ08510,0.0,0.0
2025-06,МайПлей,DJ08510,0.0,0.0
2024-07,Мегамаркет,DJ08510,1.0,0.109724805
2024-08,Мегамаркет,DJ08510,0.0,0.0
2024-09,Мегамаркет,DJ08510,0.0,0.0
2024-10,Мегамаркет,DJ08510,1.0,0.024047317
2024-11,Мегамаркет,DJ08510,1.0,0.0
2024-12,Мегамаркет,DJ08510,1.0,0.53007185
2025-01,Мегамаркет,DJ08510,0.0,0.0
2025-02,Мегамаркет,DJ08510,2.0,0.0
2025-03,Мегамаркет,DJ08510,1.0,0.0
2025-04,Мегамаркет,DJ08510,0.0,0.0
2025-05,Мегамаркет,DJ08510,0.0,0.0
2025-06,Мегамаркет,DJ08510,1.0,0.017112544
2024-07,Супрун ФОП,DJ08510,0.0,0.0
2024-08,Супрун ФОП,DJ08510,0.0,0.0
2024-09,Супрун ФОП,DJ08510,2.0,0.0
2024-10,Супрун ФОП,DJ08510,0.0,0.0
2024-11,Супрун ФОП,DJ08510,0.0,0.0
2024-12,Супрун ФОП,DJ08510,0.0,0.0
2025-01,Супрун ФОП,DJ08510,0.0,0.0
2025-02,Супрун ФОП,DJ08510,0.0,0.0
2025-03,Супрун ФОП,DJ08510,1.0,0.0
2025-04,Супрун ФОП,DJ08510,1.0,0.0
2025-05,Супрун ФОП,DJ08510,0.0,0.0
2025-06,Супрун ФОП,DJ08510,3.0,0.0
2024-07,БІ,DJ08526,0.0,0.26078248
2024-08,БІ,DJ08526,4.0,0.5403562
2024-09,БІ,DJ08526,4.0,0.5991338
2024-10,БІ,DJ08526,4.0,0.5699285
2024-11,БІ,DJ08526,6.0,1.4218141
2024-12,БІ,DJ08526,9.0,3.6204839
2025-01,БІ,DJ08526,4.0,0.99883175
2025-02,БІ,DJ08526,0.0,0.80196095
2025-03,БІ,DJ08526,2.0,0.10092102
2025-04,БІ,DJ08526,1.0,0.20239513
2025-05,БІ,DJ08526,3.0,0.033432998
2025-06,БІ,DJ08526,2.0,0.04943394
2024-07,МайПлей,DJ08526,0.0,0.0
2024-08,МайПлей,DJ08526,0.0,0.0
2024-09,МайПлей,DJ08526,0.0,0.0
2024-10,МайПлей,DJ08526,1.0,0.0
2024-11,МайПлей,DJ08526,1.0,0.0
2024-12,МайПлей,DJ08526,3.0,0.47345152
2025-01,МайПлей,DJ08526,1.0,0.0
2025-02,МайПлей,DJ08526,1.0,0.0
2025-03,МайПлей,DJ08526,0.0,0.0
2025-04,МайПлей,DJ08526,1.0,0.0
2025-05,МайПлей,DJ08526,1.0,0.0
2025-06,МайПлей,DJ08526,0.0,0.0
2024-07,СмартТойс,DJ08526,1.0,0.03012111
2024-08,СмартТойс,DJ08526,0.0,0.0
2024-09,СмартТойс,DJ08526,0.0,0.0
2024-10,СмартТойс,DJ08526,0.0,0.0
2024-11,СмартТойс,DJ08526,0.0,0.0
2024-12,СмартТойс,DJ08526,1.0,0.108886175
2025-01,СмартТойс,DJ08526,3.0,0.0
2025-02,СмартТойс,DJ08526,1.0,0.0
2025-03,СмартТойс,DJ08526,4.0,0.09573172
2025-04,СмартТойс,DJ08526,5.0,0.17250298
2025-05,СмартТойс,DJ08526,0.0,0.0
2025-06,СмартТойс,DJ08526,2.0,0.20134076
2024-07,ІМ-Розетка,DJ08527,1.0,0.0
2024-08,ІМ-Розетка,DJ08527,1.0,0.19504523
2024-09,ІМ-Розетка,DJ08527,0.0,0.07653747
2024-10,ІМ-Розетка,DJ08527,1.0,0.0
2024-11,ІМ-Розетка,DJ08527,0.0,0.13127871
2024-12,ІМ-Розетка,DJ08527,0.0,1.640579
2025-01,ІМ-Розетка,DJ08527,2.0,0.004695078
2025-02,ІМ-Розетка,DJ08527,2.0,0.0
2025-03,ІМ-Розетка,DJ08527,0.0,0.0
2025-04,ІМ-Розетка,DJ08527,0.0,0.0
2025-05,ІМ-Розетка,DJ08527,1.0,0.0
2025-06,ІМ-Розетка,DJ08527,1.0,0.0
2024-07,БІ,DJ08527,1.0,2.3230844
2024-08,БІ,DJ08527,11.0,2.9132695
2024-09,БІ,DJ08527,10.0,4.200877
2024-10,БІ,DJ08527,6.0,3.173115
2024-11,БІ,DJ08527,7.0,3.0310552
2024-12,БІ,DJ08527,4.0,9.575773
2025-01,БІ,DJ08527,6.0,2.073602
2025-02,БІ,DJ08527,2.0,2.121612
2025-03,БІ,DJ08527,5.0,1.2802138
2025-04,БІ,DJ08527,3.0,1.3515018
2025-05,БІ,DJ08527,3.0,1.3012908
2025-06,БІ,DJ08527,5.0,1.3035041
2024-07,МайПлей,DJ08527,0.0,0.019078558
2024-08,МайПлей,DJ08527,0.0,0.0
2024-09,МайПлей,DJ08527,0.0,0.0
2024-10,МайПлей,DJ08527,1.0,0.0
2024-11,МайПлей,DJ08527,1.0,0.0
2024-12,МайПлей,DJ08527,2.0,0.34609753
2025-01,МайПлей,DJ08527,0.0,0.0
2025-02,МайПлей,DJ08527,0.0,0.0
2025-03,МайПлей,DJ08527,0.0,0.0
2025-04,МайПлей,DJ08527,2.0,0.0
2025-05,МайПлей,DJ08527,0.0,0.0
2025-06,МайПлей,DJ08527,0.0,0.0
2024-07,ІМ-Кідіс,DJ08533,0.0,0.0
2024-08,ІМ-Кідіс,DJ08533,0.0,0.0
2024-09,ІМ-Кідіс,DJ08533,0.0,0.0
2024-10,ІМ-Кідіс,DJ08533,0.0,0.0
2024-11,ІМ-Кідіс,DJ08533,2.0,0.0
2024-12,ІМ-Кідіс,DJ08533,0.0,0.6512138
2025-01,ІМ-Кідіс,DJ08533,0.0,0.0
2025-02,ІМ-Кідіс,DJ08533,1.0,0.0
2025-03,ІМ-Кідіс,DJ08533,2.0,0.0
2025-04,ІМ-Кідіс,DJ08533,1.0,0.0
2025-05,ІМ-Кідіс,DJ08533,2.0,0.0
2025-06,ІМ-Кідіс,DJ08533,1.0,0.0
2024-07,ІМ-МауДау,DJ08533,0.0,0.0
2024-08,ІМ-МауДау,DJ08533,0.0,0.0
2024-09,ІМ-МауДау,DJ08533,0.0,0.0
2024-10,ІМ-МауДау,DJ08533,0.0,0.0
2024-11,ІМ-МауДау,DJ08533,1.0,0.0
2024-12,ІМ-МауДау,DJ08533,1.0,0.5708385
2025-01,ІМ-МауДау,DJ08533,0.0,0.0
2025-02,ІМ-МауДау,DJ08533,0.0,0.0
2025-03,ІМ-МауДау,DJ08533,1.0,0.0
2025-04,ІМ-МауДау,DJ08533,1.0,0.0
2025-05,ІМ-МауДау,DJ08533,2.0,0.0
2025-06,ІМ-МауДау,DJ08533,0.0,0.0
2024-07,ІМ-Розетка,DJ08533,2.0,2.1832798
2024-08,ІМ-Розетка,DJ08533,4.0,1.3585492
2024-09,ІМ-Розетка,DJ08533,1.0,0.3802038
2024-10,ІМ-Розетка,DJ08533,0.0,0.20196332
2024-11,ІМ-Розетка,DJ08533,15.0,1.4978684
2024-12,ІМ-Розетка,DJ08533,20.0,12.845711
2025-01,ІМ-Розетка,DJ08533,11.0,3.313799
2025-02,ІМ-Розетка,DJ08533,14.0,1.1540453
2025-03,ІМ-Розетка,DJ08533,6.0,2.5042226
2025-04,ІМ-Розетка,DJ08533,4.0,2.284457
2025-05,ІМ-Розетка,DJ08533,7.0,2.3616667
2025-06,ІМ-Розетка,DJ08533,2.0,1.5789175
2024-07,Акварель,DJ08533,3.0,0.28427824
2024-08,Акварель,DJ08533,1.0,0.28605148
2024-09,Акварель,DJ08533,2.0,0.3492376
2024-10,Акварель,DJ08533,4.0,0.74082065
2024-11,Акварель,DJ08533,9.0,2.236143
2024-12,Акварель,DJ08533,11.0,7.8763537
2025-01,Акварель,DJ08533,4.0,3.2567456
2025-02,Акварель,DJ08533,7.0,1.0639923
2025-03,Акварель,DJ08533,5.0,1.1589115
2025-04,Акварель,DJ08533,8.0,1.3071542
2025-05,Акварель,DJ08533,2.0,1.7839099
2025-06,Акварель,DJ08533,1.0,1.2351577
2024-07,Антошка,DJ08533,4.0,0.30829334
2024-08,Антошка,DJ08533,4.0,0.7767062
2024-09,Антошка,DJ08533,1.0,0.3845044
2024-10,Антошка,DJ08533,2.0,0.39092317
2024-11,Антошка,DJ08533,3.0,1.036321
2024-12,Антошка,DJ08533,14.0,4.0390763
2025-01,Антошка,DJ08533,5.0,1.9283162
2025-02,Антошка,DJ08533,1.0,0.6816823
2025-03,Антошка,DJ08533,0.0,0.6374354
2025-04,Антошка,DJ08533,4.0,0.23894228
2025-05,Антошка,DJ08533,3.0,0.97258985
2025-06,Антошка,DJ08533,1.0,0.9246733
2024-07,БІ,DJ08533,22.0,9.750221
2024-08,БІ,DJ08533,22.0,10.441751
2024-09,БІ,DJ08533,18.0,8.68449
2024-10,БІ,DJ08533,20.0,8.607284
2024-11,БІ,DJ08533,46.0,12.394205
2024-12,БІ,DJ08533,102.0,54.796963
2025-01,БІ,DJ08533,45.0,21.50226
2025-02,БІ,DJ08533,12.0,11.895567
2025-03,БІ,DJ08533,25.0,10.518091
2025-04,БІ,DJ08533,29.0,10.032787
2025-05,БІ,DJ08533,36.0,11.261532
2025-06,БІ,DJ08533,33.0,12.617601
2024-07,Ковальчук ФОП,DJ08533,1.0,0.0
2024-08,Ковальчук ФОП,DJ08533,0.0,0.0
2024-09,Ковальчук ФОП,DJ08533,0.0,0.0
2024-10,Ковальчук ФОП,DJ08533,3.0,0.103688344
2024-11,Ковальчук ФОП,DJ08533,1.0,0.11295826
2024-12,Ковальчук ФОП,DJ08533,1.0,0.41832092
2025-01,Ковальчук ФОП,DJ08533,0.0,0.0
2025-02,Ковальчук ФОП,DJ08533,0.0,0.0
2025-03,Ковальчук ФОП,DJ08533,2.0,0.03968444
2025-04,Ковальчук ФОП,DJ08533,0.0,0.0
2025-05,Ковальчук ФОП,DJ08533,1.0,0.045386076
2025-06,Ковальчук ФОП,DJ08533,0.0,0.0
2024-07,МайПлей,DJ08533,1.0,0.23824352
2024-08,МайПлей,DJ08533,1.0,0.06546656
2024-09,МайПлей,DJ08533,0.0,0.0
2024-10,МайПлей,DJ08533,0.0,0.017345307
2024-11,МайПлей,DJ08533,3.0,0.31665158
2024-12,МайПлей,DJ08533,7.0,1.706937
2025-01,МайПлей,DJ08533,4.0,0.99311334
2025-02,МайПлей,DJ08533,2.0,0.12623984
2025-03,МайПлей,DJ08533,1.0,0.0
2025-04,МайПлей,DJ08533,0.0,0.25191063
2025-05,МайПлей,DJ08533,1.0,0.04097775
2025-06,МайПлей,DJ08533,1.0,0.09356555
2024-07,Озерова ФОП,DJ08533,44.0,0.57248235
2024-08,Озерова ФОП,DJ08533,0.0,0.966732
2024-09,Озерова ФОП,DJ08533,0.0,1.3095185
2024-10,Озерова ФОП,DJ08533,0.0,0.86351234
2024-11,Озерова ФОП,DJ08533,10.0,2.2329557
2024-12,Озерова ФОП,DJ08533,5.0,7.461211
2025-01,Озерова ФОП,DJ08533,0.0,0.0
2025-02,Озерова ФОП,DJ08533,0.0,0.0
2025-03,Озерова ФОП,DJ08533,0.0,0.8565946
2025-04,Озерова ФОП,DJ08533,1.0,1.3462744
2025-05,Озерова ФОП,DJ08533,0.0,0.6992518
2025-06,Озерова ФОП,DJ08533,2.0,0.8118916
2024-07,Планета Ігр,DJ08533,7.0,0.40453693
2024-08,Планета Ігр,DJ08533,0.0,0.0
2024-09,Планета Ігр,DJ08533,0.0,0.0
2024-10,Планета Ігр,DJ08533,0.0,0.0
2024-11,Планета Ігр,DJ08533,8.0,0.8159445
2024-12,Планета Ігр,DJ08533,12.0,2.5365229
2025-01,Планета Ігр,DJ08533,0.0,0.0
2025-02,Планета Ігр,DJ08533,0.0,0.0
2025-03,Планета Ігр,DJ08533,0.0,0.0
2025-04,Планета Ігр,DJ08533,0.0,0.0068660174
2025-05,Планета Ігр,DJ08533,8.0,1.230061
2025-06,Планета Ігр,DJ08533,0.0,0.0
2024-07,СмартТойс,DJ08533,29.0,0.91593784
2024-08,СмартТойс,DJ08533,3.0,1.8815391
2024-09,СмартТойс,DJ08533,4.0,1.777699
2024-10,СмартТойс,DJ08533,1.0,1.6791317
2024-11,СмартТойс,DJ08533,20.0,1.6453434
2024-12,СмартТойс,DJ08533,33.0,9.460741
2025-01,СмартТойс,DJ08533,0.0,0.05052684
2025-02,СмартТойс,DJ08533,0.0,0.4697465
2025-03,СмартТойс,DJ08533,1.0,1.8415831
2025-04,СмартТойс,DJ08533,0.0,0.55348444
2025-05,СмартТойс,DJ08533,4.0,1.2820874
2025-06,СмартТойс,DJ08533,0.0,0.14054933
2024-07,Супрун ФОП,DJ08533,0.0,0.0
2024-08,Супрун ФОП,DJ08533,0.0,0.0
2024-09,Супрун ФОП,DJ08533,0.0,0.0
2024-10,Супрун ФОП,DJ08533,0.0,0.0
2024-11,Супрун ФОП,DJ08533,0.0,0.0
2024-12,Супрун ФОП,DJ08533,0.0,0.0
2025-01,Супрун ФОП,DJ08533,0.0,0.0
2025-02,Супрун ФОП,DJ08533,0.0,0.0
2025-03,Супрун ФОП,DJ08533,0.0,0.0
2025-04,Супрун ФОП,DJ08533,0.0,0.0
2025-05,Супрун ФОП,DJ08533,0.0,0.0
2025-06,Супрун ФОП,DJ08533,1.0,0.0
2024-07,ІМ-Розетка,DJ08535,1.0,0.10433947
2024-08,ІМ-Розетка,DJ08535,1.0,0.032632478
2024-09,ІМ-Розетка,DJ08535,1.0,0.03839261
2024-10,ІМ-Розетка,DJ08535,1.0,0.06668855
2024-11,ІМ-Розетка,DJ08535,0.0,0.0
2024-12,ІМ-Розетка,DJ08535,1.0,0.8570081
2025-01,ІМ-Розетка,DJ08535,2.0,0.0
2025-02,ІМ-Розетка,DJ08535,4.0,0.0
2025-03,ІМ-Розетка,DJ08535,0.0,0.0
2025-04,ІМ-Розетка,DJ08535,1.0,0.19809198
2025-05,ІМ-Розетка,DJ08535,2.0,0.19752647
2025-06,ІМ-Розетка,DJ08535,1.0,0.19724256
2024-07,Акварель,DJ08535,1.0,0.23298872
2024-08,Акварель,DJ08535,1.0,0.3324335
2024-09,Акварель,DJ08535,1.0,0.23664054
2024-10,Акварель,DJ08535,1.0,0.16608524
2024-11,Акварель,DJ08535,1.0,0.22095016
2024-12,Акварель,DJ08535,3.0,1.4648825
2025-01,Акварель,DJ08535,2.0,0.3548167
2025-02,Акварель,DJ08535,1.0,0.18556546
2025-03,Акварель,DJ08535,2.0,0.5636053
2025-04,Акварель,DJ08535,4.0,0.36514726
2025-05,Акварель,DJ08535,1.0,0.58303076
2025-06,Акварель,DJ08535,1.0,0.548842
2024-07,Антошка,DJ08535,1.0,0.016257975
2024-08,Антошка,DJ08535,0.0,0.02632213
2024-09,Антошка,DJ08535,2.0,0.0
2024-10,Антошка,DJ08535,0.0,0.0
2024-11,Антошка,DJ08535,3.0,0.16047409
2024-12,Антошка,DJ08535,7.0,1.6169602
2025-01,Антошка,DJ08535,1.0,0.51532984
2025-02,Антошка,DJ08535,3.0,0.28545487
2025-03,Антошка,DJ08535,2.0,0.6443494
2025-04,Антошка,DJ08535,5.0,0.3283558
2025-05,Антошка,DJ08535,2.0,0.60157686
2025-06,Антошка,DJ08535,3.0,0.38622755
2024-07,БІ,DJ08535,2.0,0.5757454
2024-08,БІ,DJ08535,0.0,1.0787627
2024-09,БІ,DJ08535,2.0,0.6916749
2024-10,БІ,DJ08535,0.0,0.4923324
2024-11,БІ,DJ08535,6.0,0.39912957
2024-12,БІ,DJ08535,15.0,4.45953
2025-01,БІ,DJ08535,4.0,1.3503449
2025-02,БІ,DJ08535,3.0,0.88688344
2025-03,БІ,DJ08535,1.0,0.7184513
2025-04,БІ,DJ08535,1.0,0.5093313
2025-05,БІ,DJ08535,1.0,0.39115813
2025-06,БІ,DJ08535,0.0,0.0
2024-07,МайПлей,DJ08535,0.0,0.0
2024-08,МайПлей,DJ08535,0.0,0.0
2024-09,МайПлей,DJ08535,0.0,0.0
2024-10,МайПлей,DJ08535,2.0,0.0
2024-11,МайПлей,DJ08535,1.0,0.0
2024-12,МайПлей,DJ08535,2.0,0.39325112
2025-01,МайПлей,DJ08535,2.0,0.0
2025-02,МайПлей,DJ08535,2.0,0.0
2025-03,МайПлей,DJ08535,2.0,0.019510949
2025-04,МайПлей,DJ08535,1.0,0.11596654
2025-05,МайПлей,DJ08535,2.0,0.07188245
2025-06,МайПлей,DJ08535,0.0,0.0
2024-07,ІМ-Розетка,DJ08537,1.0,0.46274668
2024-08,ІМ-Розетка,DJ08537,4.0,0.5921151
2024-09,ІМ-Розетка,DJ08537,5.0,0.6753864
2024-10,ІМ-Розетка,DJ08537,1.0,0.7004508
2024-11,ІМ-Розетка,DJ08537,1.0,0.7866621
2024-12,ІМ-Розетка,DJ08537,4.0,3.493665
2025-01,ІМ-Розетка,DJ08537,1.0,0.90783453
2025-02,ІМ-Розетка,DJ08537,0.0,0.0
2025-03,ІМ-Розетка,DJ08537,2.0,0.09889359
2025-04,ІМ-Розетка,DJ08537,2.0,0.3065369
2025-05,ІМ-Розетка,DJ08537,0.0,0.0
2025-06,ІМ-Розетка,DJ08537,0.0,0.0
2024-07,Акварель,DJ08537,4.0,1.223717
2024-08,Акварель,DJ08537,2.0,1.3051759
2024-09,Акварель,DJ08537,1.0,1.156714
2024-10,Акварель,DJ08537,3.0,0.94787246
2024-11,Акварель,DJ08537,1.0,1.1262518
2024-12,Акварель,DJ08537,7.0,2.3868067
2025-01,Акварель,DJ08537,0.0,0.0
2025-02,Акварель,DJ08537,1.0,0.5170118
2025-03,Акварель,DJ08537,1.0,0.46506062
2025-04,Акварель,DJ08537,2.0,0.64944637
2025-05,Акварель,DJ08537,3.0,0.7635139
2025-06,Акварель,DJ08537,5.0,1.3702755
2024-07,МайПлей,DJ08537,0.0,0.04633742
2024-08,МайПлей,DJ08537,0.0,0.14852576
2024-09,МайПлей,DJ08537,3.0,0.017159954
2024-10,МайПлей,DJ08537,0.0,0.0
2024-11,МайПлей,DJ08537,4.0,0.100028686
2024-12,МайПлей,DJ08537,2.0,0.7830542
2025-01,МайПлей,DJ08537,0.0,0.0
2025-02,МайПлей,DJ08537,2.0,0.030913966
2025-03,МайПлей,DJ08537,1.0,0.011795885
2025-04,МайПлей,DJ08537,0.0,0.0
2025-05,МайПлей,DJ08537,0.0,0.0
2025-06,МайПлей,DJ08537,0.0,0.0
2024-07,Смік,DJ08537,0.0,0.0
2024-08,Смік,DJ08537,0.0,0.0
2024-09,Смік,DJ08537,1.0,0.0
2024-10,Смік,DJ08537,1.0,0.0
2024-11,Смік,DJ08537,1.0,0.0
2024-12,Смік,DJ08537,3.0,0.13345926
2025-01,Смік,DJ08537,0.0,0.0
2025-02,Смік,DJ08537,0.0,0.0
2025-03,Смік,DJ08537,1.0,0.0
2025-04,Смік,DJ08537,0.0,0.0
2025-05,Смік,DJ08537,0.0,0.0
2025-06,Смік,DJ08537,0.0,0.0
2024-07,Акварель,DJ08538,2.0,0.5497884
2024-08,Акварель,DJ08538,5.0,0.7033116
2024-09,Акварель,DJ08538,1.0,0.66704154
2024-10,Акварель,DJ08538,1.0,0.4545654
2024-11,Акварель,DJ08538,5.0,0.6939944
2024-12,Акварель,DJ08538,4.0,1.9300399
2025-01,Акварель,DJ08538,1.0,0.48772827
2025-02,Акварель,DJ08538,1.0,0.36025107
2025-03,Акварель,DJ08538,1.0,0.22920689
2025-04,Акварель,DJ08538,0.0,0.0
2025-05,Акварель,DJ08538,5.0,0.2581638
2025-06,Акварель,DJ08538,3.0,0.24472448
2024-07,Антошка,DJ08538,0.0,0.0
2024-08,Антошка,DJ08538,1.0,0.57316035
2024-09,Антошка,DJ08538,2.0,0.687644
2024-10,Антошка,DJ08538,2.0,0.40557492
2024-11,Антошка,DJ08538,0.0,0.0
2024-12,Антошка,DJ08538,2.0,1.2339004
2025-01,Антошка,DJ08538,0.0,0.0
2025-02,Антошка,DJ08538,0.0,0.0
2025-03,Антошка,DJ08538,2.0,0.08874423
2025-04,Антошка,DJ08538,0.0,0.0
2025-05,Антошка,DJ08538,1.0,0.006182811
2025-06,Антошка,DJ08538,1.0,0.0
2024-07,МайПлей,DJ08538,2.0,0.1820128
2024-08,МайПлей,DJ08538,3.0,0.354792
2024-09,МайПлей,DJ08538,2.0,0.40399975
2024-10,МайПлей,DJ08538,3.0,0.24637894
2024-11,МайПлей,DJ08538,4.0,0.34247375
2024-12,МайПлей,DJ08538,1.0,0.9851586
2025-01,МайПлей,DJ08538,1.0,0.16535616
2025-02,МайПлей,DJ08538,0.0,0.0
2025-03,МайПлей,DJ08538,2.0,0.0051241224
2025-04,МайПлей,DJ08538,1.0,0.038867068
2025-05,МайПлей,DJ08538,1.0,0.0
2025-06,МайПлей,DJ08538,0.0,0.0
2024-07,ІМ-Розетка,DJ08540,0.0,0.0
2024-08,ІМ-Розетка,DJ08540,0.0,0.0
2024-09,ІМ-Розетка,DJ08540,0.0,0.0
2024-10,ІМ-Розетка,DJ08540,0.0,0.0
2024-11,ІМ-Розетка,DJ08540,0.0,0.0
2024-12,ІМ-Розетка,DJ08540,0.0,0.3169821
2025-01,ІМ-Розетка,DJ08540,1.0,0.0
2025-02,ІМ-Розетка,DJ08540,1.0,0.0
2025-03,ІМ-Розетка,DJ08540,1.0,0.0
2025-04,ІМ-Розетка,DJ08540,1.0,0.0
2025-05,ІМ-Розетка,DJ08540,1.0,0.0
2025-06,ІМ-Розетка,DJ08540,2.0,0.0
2024-07,БІ,DJ08540,0.0,0.0
2024-08,БІ,DJ08540,3.0,0.15712759
2024-09,БІ,DJ08540,2.0,0.5058358
2024-10,БІ,DJ08540,1.0,0.25016797
2024-11,БІ,DJ08540,3.0,0.47461164
2024-12,БІ,DJ08540,2.0,1.6321598
2025-01,БІ,DJ08540,2.0,0.27415743
2025-02,БІ,DJ08540,3.0,0.29179576
2025-03,БІ,DJ08540,1.0,0.050985605
2025-04,БІ,DJ08540,1.0,0.15591994
2025-05,БІ,DJ08540,0.0,0.18060407
2025-06,БІ,DJ08540,0.0,0.06138279
2024-07,СмартТойс,DJ08540,0.0,0.0
2024-08,СмартТойс,DJ08540,1.0,0.0
2024-09,СмартТойс,DJ08540,1.0,0.22671624
2024-10,СмартТойс,DJ08540,0.0,0.0
2024-11,СмартТойс,DJ08540,4.0,0.16752389
2024-12,СмартТойс,DJ08540,5.0,0.3505202
2025-01,СмартТойс,DJ08540,1.0,0.10659618
2025-02,СмартТойс,DJ08540,2.0,0.19752496
2025-03,СмартТойс,DJ08540,30.0,0.0
2025-04,СмартТойс,DJ08540,0.0,0.8432145
2025-05,СмартТойс,DJ08540,40.0,1.024902
2025-06,СмартТойс,DJ08540,1.0,3.4639804
2024-07,ІМ-Розетка,DJ08542,1.0,0.0
2024-08,ІМ-Розетка,DJ08542,0.0,0.0
2024-09,ІМ-Розетка,DJ08542,0.0,0.0
2024-10,ІМ-Розетка,DJ08542,0.0,0.0
2024-11,ІМ-Розетка,DJ08542,2.0,0.070398375
2024-12,ІМ-Розетка,DJ08542,4.0,2.2849638
2025-01,ІМ-Розетка,DJ08542,1.0,0.7254904
2025-02,ІМ-Розетка,DJ08542,4.0,0.13838433
2025-03,ІМ-Розетка,DJ08542,0.0,0.4510682
2025-04,ІМ-Розетка,DJ08542,1.0,0.032672424
2025-05,ІМ-Розетка,DJ08542,2.0,0.0
2025-06,ІМ-Розетка,DJ08542,1.0,0.0
2024-07,Акварель,DJ08542,2.0,0.35419813
2024-08,Акварель,DJ08542,1.0,0.22370237
2024-09,Акварель,DJ08542,1.0,0.290599
2024-10,Акварель,DJ08542,2.0,0.34409204
2024-11,Акварель,DJ08542,1.0,0.33865947
2024-12,Акварель,DJ08542,2.0,1.692856
2025-01,Акварель,DJ08542,0.0,0.22892953
2025-02,Акварель,DJ08542,3.0,0.037024748
2025-03,Акварель,DJ08542,1.0,0.0
2025-04,Акварель,DJ08542,4.0,0.08274229
2025-05,Акварель,DJ08542,2.0,0.3565562
2025-06,Акварель,DJ08542,1.0,0.2388849
2024-07,Антошка,DJ08542,8.0,0.7624875
2024-08,Антошка,DJ08542,5.0,1.6128023
2024-09,Антошка,DJ08542,4.0,0.8803205
2024-10,Антошка,DJ08542,5.0,1.4524438
2024-11,Антошка,DJ08542,4.0,1.6229155
2024-12,Антошка,DJ08542,0.0,4.1416345
2025-01,Антошка,DJ08542,5.0,0.3500209
2025-02,Антошка,DJ08542,1.0,0.67396843
2025-03,Антошка,DJ08542,4.0,0.3813103
2025-04,Антошка,DJ08542,0.0,0.49198997
2025-05,Антошка,DJ08542,3.0,0.310631
2025-06,Антошка,DJ08542,1.0,0.7421931
2024-07,БІ,DJ08542,14.0,5.8399
2024-08,БІ,DJ08542,15.0,6.037001
2024-09,БІ,DJ08542,16.0,5.7455297
2024-10,БІ,DJ08542,14.0,6.7012916
2024-11,БІ,DJ08542,19.0,7.24453
2024-12,БІ,DJ08542,27.0,18.27722
2025-01,БІ,DJ08542,12.0,7.334142
2025-02,БІ,DJ08542,12.0,6.371494
2025-03,БІ,DJ08542,16.0,5.852725
2025-04,БІ,DJ08542,10.0,5.7157016
2025-05,БІ,DJ08542,16.0,5.6178026
2025-06,БІ,DJ08542,13.0,5.143975
2024-07,МайПлей,DJ08542,1.0,0.006530056
2024-08,МайПлей,DJ08542,1.0,0.06444655
2024-09,МайПлей,DJ08542,0.0,0.0
2024-10,МайПлей,DJ08542,2.0,0.0
2024-11,МайПлей,DJ08542,1.0,0.0
2024-12,МайПлей,DJ08542,2.0,0.76298904
2025-01,МайПлей,DJ08542,0.0,0.0
2025-02,МайПлей,DJ08542,0.0,0.0
2025-03,МайПлей,DJ08542,1.0,0.0
2025-04,МайПлей,DJ08542,0.0,0.0
2025-05,МайПлей,DJ08542,2.0,0.0
2025-06,МайПлей,DJ08542,0.0,0.0
2024-07,ІМ-МауДау,DJ08550,2.0,0.0014783331
2024-08,ІМ-МауДау,DJ08550,0.0,0.0
2024-09,ІМ-МауДау,DJ08550,0.0,0.0
2024-10,ІМ-МауДау,DJ08550,0.0,0.0
2024-11,ІМ-МауДау,DJ08550,0.0,0.0
2024-12,ІМ-МауДау,DJ08550,0.0,0.0
2025-01,ІМ-МауДау,DJ08550,0.0,0.0
2025-02,ІМ-МауДау,DJ08550,0.0,0.0
2025-03,ІМ-МауДау,DJ08550,1.0,0.0
2025-04,ІМ-МауДау,DJ08550,0.0,0.0
2025-05,ІМ-МауДау,DJ08550,0.0,0.0
2025-06,ІМ-МауДау,DJ08550,0.0,0.0
2024-07,ІМ-Розетка,DJ08550,5.0,1.7309015
2024-08,ІМ-Розетка,DJ08550,4.0,1.9673305
2024-09,ІМ-Розетка,DJ08550,7.0,1.3568609
2024-10,ІМ-Розетка,DJ08550,4.0,1.4772145
2024-11,ІМ-Розетка,DJ08550,16.0,2.4609654
2024-12,ІМ-Розетка,DJ08550,31.0,19.551144
2025-01,ІМ-Розетка,DJ08550,7.0,6.3785305
2025-02,ІМ-Розетка,DJ08550,24.0,1.5677253
2025-03,ІМ-Розетка,DJ08550,12.0,4.2334905
2025-04,ІМ-Розетка,DJ08550,1.0,3.5740798
2025-05,ІМ-Розетка,DJ08550,2.0,1.9356723
2025-06,ІМ-Розетка,DJ08550,1.0,1.5664433
2024-07,Акварель,DJ08550,2.0,0.49719107
2024-08,Акварель,DJ08550,1.0,0.33422992
2024-09,Акварель,DJ08550,3.0,0.7231884
2024-10,Акварель,DJ08550,0.0,0.8114726
2024-11,Акварель,DJ08550,4.0,1.3464032
2024-12,Акварель,DJ08550,12.0,4.655162
2025-01,Акварель,DJ08550,5.0,2.8334832
2025-02,Акварель,DJ08550,2.0,0.93288475
2025-03,Акварель,DJ08550,3.0,0.558668
2025-04,Акварель,DJ08550,5.0,0.6457245
2025-05,Акварель,DJ08550,6.0,1.0085353
2025-06,Акварель,DJ08550,1.0,1.5488497
2024-07,Антошка,DJ08550,9.0,3.5495896
2024-08,Антошка,DJ08550,5.0,3.172749
2024-09,Антошка,DJ08550,4.0,2.2613635
2024-10,Антошка,DJ08550,3.0,2.5205348
2024-11,Антошка,DJ08550,13.0,3.3245878
2024-12,Антошка,DJ08550,36.0,13.189551
2025-01,Антошка,DJ08550,8.0,7.425809
2025-02,Антошка,DJ08550,7.0,2.5068486
2025-03,Антошка,DJ08550,6.0,3.9260232
2025-04,Антошка,DJ08550,5.0,3.2896407
2025-05,Антошка,DJ08550,6.0,2.3175502
2025-06,Антошка,DJ08550,1.0,2.4627087
2024-07,БІ,DJ08550,21.0,8.888348
2024-08,БІ,DJ08550,17.0,9.488679
2024-09,БІ,DJ08550,16.0,8.022499
2024-10,БІ,DJ08550,23.0,8.415926
2024-11,БІ,DJ08550,46.0,13.101635
2024-12,БІ,DJ08550,103.0,45.476868
2025-01,БІ,DJ08550,33.0,18.31965
2025-02,БІ,DJ08550,10.0,10.063886
2025-03,БІ,DJ08550,17.0,9.609905
2025-04,БІ,DJ08550,18.0,7.875715
2025-05,БІ,DJ08550,17.0,7.8505135
2025-06,БІ,DJ08550,17.0,6.353063
2024-07,Ковальчук ФОП,DJ08550,0.0,0.0
2024-08,Ковальчук ФОП,DJ08550,0.0,0.0
2024-09,Ковальчук ФОП,DJ08550,0.0,0.0
2024-10,Ковальчук ФОП,DJ08550,0.0,0.0
2024-11,Ковальчук ФОП,DJ08550,2.0,0.07146144
2024-12,Ковальчук ФОП,DJ08550,1.0,0.3454705
2025-01,Ковальчук ФОП,DJ08550,0.0,0.0
2025-02,Ковальчук ФОП,DJ08550,0.0,0.0
2025-03,Ковальчук ФОП,DJ08550,0.0,0.0
2025-04,Ковальчук ФОП,DJ08550,1.0,0.0
2025-05,Ковальчук ФОП,DJ08550,0.0,0.0
2025-06,Ковальчук ФОП,DJ08550,1.0,0.0
2024-07,МайПлей,DJ08550,4.0,0.41359204
2024-08,МайПлей,DJ08550,1.0,0.13940795
2024-09,МайПлей,DJ08550,1.0,0.08756464
2024-10,МайПлей,DJ08550,2.0,0.1500991
2024-11,МайПлей,DJ08550,3.0,0.56597954
2024-12,МайПлей,DJ08550,5.0,2.4233494
2025-01,МайПлей,DJ08550,2.0,1.002786
2025-02,МайПлей,DJ08550,1.0,0.0
2025-03,МайПлей,DJ08550,1.0,0.0
2025-04,МайПлей,DJ08550,3.0,0.20108838
2025-05,МайПлей,DJ08550,0.0,0.14579578
2025-06,МайПлей,DJ08550,0.0,0.094617695
2024-07,Озерова ФОП,DJ08550,10.0,0.5512736
2024-08,Озерова ФОП,DJ08550,0.0,0.31414446
2024-09,Озерова ФОП,DJ08550,0.0,0.37154096
2024-10,Озерова ФОП,DJ08550,0.0,0.15976346
2024-11,Озерова ФОП,DJ08550,0.0,0.011604366
2024-12,Озерова ФОП,DJ08550,8.0,2.2587776
2025-01,Озерова ФОП,DJ08550,0.0,0.0
2025-02,Озерова ФОП,DJ08550,0.0,0.0
2025-03,Озерова ФОП,DJ08550,1.0,0.2705721
2025-04,Озерова ФОП,DJ08550,0.0,0.0
2025-05,Озерова ФОП,DJ08550,2.0,0.34793234
2025-06,Озерова ФОП,DJ08550,6.0,0.17630881
2024-07,СмартТойс,DJ08550,11.0,0.36336157
2024-08,СмартТойс,DJ08550,2.0,0.45806253
2024-09,СмартТойс,DJ08550,0.0,0.045946516
2024-10,СмартТойс,DJ08550,1.0,0.48406082
2024-11,СмартТойс,DJ08550,5.0,0.68421876
2024-12,СмартТойс,DJ08550,12.0,2.287887
2025-01,СмартТойс,DJ08550,0.0,0.0
2025-02,СмартТойс,DJ08550,0.0,0.0
2025-03,СмартТойс,DJ08550,0.0,0.0
2025-04,СмартТойс,DJ08550,0.0,0.0
2025-05,СмартТойс,DJ08550,2.0,0.24740918
2025-06,СмартТойс,DJ08550,0.0,0.0
2024-07,Супрун ФОП,DJ08550,0.0,0.0
2024-08,Супрун ФОП,DJ08550,1.0,0.11864313
2024-09,Супрун ФОП,DJ08550,0.0,0.0
2024-10,Супрун ФОП,DJ08550,0.0,0.0
2024-11,Супрун ФОП,DJ08550,0.0,0.0
2024-12,Супрун ФОП,DJ08550,0.0,0.06514272
2025-01,Супрун ФОП,DJ08550,0.0,0.0
2025-02,Супрун ФОП,DJ08550,0.0,0.0
2025-03,Супрун ФОП,DJ08550,0.0,0.0
2025-04,Супрун ФОП,DJ08550,0.0,0.0
2025-05,Супрун ФОП,DJ08550,0.0,0.0
2025-06,Супрун ФОП,DJ08550,0.0,0.0
2024-07,ІМ-МауДау,DJ08557,2.0,0.0
2024-08,ІМ-МауДау,DJ08557,2.0,0.13689336
2024-09,ІМ-МауДау,DJ08557,0.0,0.0
2024-10,ІМ-МауДау,DJ08557,0.0,0.0
2024-11,ІМ-МауДау,DJ08557,1.0,0.15725893
2024-12,ІМ-МауДау,DJ08557,1.0,0.6954858
2025-01,ІМ-МауДау,DJ08557,2.0,0.183818
2025-02,ІМ-МауДау,DJ08557,1.0,0.0
2025-03,ІМ-МауДау,DJ08557,3.0,0.13323896
2025-04,ІМ-МауДау,DJ08557,0.0,0.29410008
2025-05,ІМ-МауДау,DJ08557,0.0,0.0
2025-06,ІМ-МауДау,DJ08557,1.0,0.0
2024-07,ІМ-Розетка,DJ08557,3.0,1.753436
2024-08,ІМ-Розетка,DJ08557,3.0,1.78834
2024-09,ІМ-Розетка,DJ08557,1.0,1.2719638
2024-10,ІМ-Розетка,DJ08557,2.0,1.3082973
2024-11,ІМ-Розетка,DJ08557,11.0,2.4403026
2024-12,ІМ-Розетка,DJ08557,13.0,16.455694
2025-01,ІМ-Розетка,DJ08557,7.0,4.2461014
2025-02,ІМ-Розетка,DJ08557,11.0,1.399315
2025-03,ІМ-Розетка,DJ08557,4.0,2.528388
2025-04,ІМ-Розетка,DJ08557,1.0,1.479792
2025-05,ІМ-Розетка,DJ08557,3.0,1.392514
2025-06,ІМ-Розетка,DJ08557,4.0,1.143869
2024-07,Акварель,DJ08557,2.0,0.39095765
2024-08,Акварель,DJ08557,2.0,0.43068168
2024-09,Акварель,DJ08557,0.0,0.39132068
2024-10,Акварель,DJ08557,2.0,0.3516962
2024-11,Акварель,DJ08557,2.0,1.2118853
2024-12,Акварель,DJ08557,6.0,3.1822028
2025-01,Акварель,DJ08557,3.0,1.649733
2025-02,Акварель,DJ08557,3.0,0.2819042
2025-03,Акварель,DJ08557,2.0,0.5057591
2025-04,Акварель,DJ08557,3.0,0.2347682
2025-05,Акварель,DJ08557,1.0,0.4061744
2025-06,Акварель,DJ08557,2.0,0.463898
2024-07,Антошка,DJ08557,1.0,1.3656099
2024-08,Антошка,DJ08557,2.0,0.8700685
2024-09,Антошка,DJ08557,4.0,0.8874427
2024-10,Антошка,DJ08557,3.0,1.1199635
2024-11,Антошка,DJ08557,5.0,1.7121816
2024-12,Антошка,DJ08557,5.0,6.892916
2025-01,Антошка,DJ08557,3.0,2.421294
2025-02,Антошка,DJ08557,3.0,0.8310891
2025-03,Антошка,DJ08557,2.0,0.76735747
2025-04,Антошка,DJ08557,4.0,0.6459605
2025-05,Антошка,DJ08557,2.0,0.494504
2025-06,Антошка,DJ08557,2.0,0.91449696
2024-07,БІ,DJ08557,15.0,5.8042293
2024-08,БІ,DJ08557,10.0,6.8262386
2024-09,БІ,DJ08557,16.0,6.300671
2024-10,БІ,DJ08557,19.0,7.2992005
2024-11,БІ,DJ08557,22.0,10.744069
2024-12,БІ,DJ08557,48.0,29.8616
2025-01,БІ,DJ08557,19.0,12.980938
2025-02,БІ,DJ08557,14.0,7.8291025
2025-03,БІ,DJ08557,12.0,6.5012684
2025-04,БІ,DJ08557,15.0,6.346851
2025-05,БІ,DJ08557,10.0,5.4594727
2025-06,БІ,DJ08557,18.0,4.3135056
2024-07,МайПлей,DJ08557,3.0,0.16587278
2024-08,МайПлей,DJ08557,2.0,0.37058735
2024-09,МайПлей,DJ08557,1.0,0.13091101
2024-10,МайПлей,DJ08557,0.0,0.06611122
2024-11,МайПлей,DJ08557,1.0,0.1645223
2024-12,МайПлей,DJ08557,7.0,1.4736128
2025-01,МайПлей,DJ08557,3.0,1.4024186
2025-02,МайПлей,DJ08557,1.0,0.0
2025-03,МайПлей,DJ08557,1.0,0.0
2025-04,МайПлей,DJ08557,0.0,0.22105052
2025-05,МайПлей,DJ08557,0.0,0.0
2025-06,МайПлей,DJ08557,0.0,0.0
2024-07,Озерова ФОП,DJ08557,16.0,0.93602604
2024-08,Озерова ФОП,DJ08557,0.0,1.3027139
2024-09,Озерова ФОП,DJ08557,0.0,0.63569355
2024-10,Озерова ФОП,DJ08557,2.0,1.2766975
2024-11,Озерова ФОП,DJ08557,4.0,2.1380353
2024-12,Озерова ФОП,DJ08557,13.0,4.6251397
2025-01,Озерова ФОП,DJ08557,0.0,0.67116266
2025-02,Озерова ФОП,DJ08557,0.0,0.015036211
2025-03,Озерова ФОП,DJ08557,1.0,0.54302144
2025-04,Озерова ФОП,DJ08557,0.0,0.2583279
2025-05,Озерова ФОП,DJ08557,0.0,0.43767232
2025-06,Озерова ФОП,DJ08557,6.0,0.30133623
2024-07,СмартТойс,DJ08557,12.0,0.79593956
2024-08,СмартТойс,DJ08557,1.0,0.9201868
2024-09,СмартТойс,DJ08557,0.0,0.67121583
2024-10,СмартТойс,DJ08557,0.0,0.31139657
2024-11,СмартТойс,DJ08557,4.0,1.219998
2024-12,СмартТойс,DJ08557,20.0,3.9492698
2025-01,СмартТойс,DJ08557,5.0,1.6904888
2025-02,СмартТойс,DJ08557,0.0,0.21887887
2025-03,СмартТойс,DJ08557,1.0,0.9294095
2025-04,СмартТойс,DJ08557,0.0,0.38636884
2025-05,СмартТойс,DJ08557,0.0,0.108105406
2025-06,СмартТойс,DJ08557,1.0,0.5318351
2024-07,Співробітники,DJ08557,0.0,0.0
2024-08,Співробітники,DJ08557,0.0,0.0
2024-09,Співробітники,DJ08557,0.0,0.0
2024-10,Співробітники,DJ08557,0.0,0.0
2024-11,Співробітники,DJ08557,0.0,0.0
2024-12,Співробітники,DJ08557,0.0,0.0
2025-01,Співробітники,DJ08557,0.0,0.0
2025-02,Співробітники,DJ08557,0.0,0.0
2025-03,Співробітники,DJ08557,1.0,0.0
2025-04,Співробітники,DJ08557,0.0,0.0
2025-05,Співробітники,DJ08557,0.0,0.0
2025-06,Співробітники,DJ08557,0.0,0.0
2024-07,Супрун ФОП,DJ08557,2.0,0.4581597
2024-08,Супрун ФОП,DJ08557,0.0,0.38775897
2024-09,Супрун ФОП,DJ08557,0.0,0.04780812
2024-10,Супрун ФОП,DJ08557,0.0,0.0
2024-11,Супрун ФОП,DJ08557,0.0,0.0
2024-12,Супрун ФОП,DJ08557,0.0,0.20220743
2025-01,Супрун ФОП,DJ08557,1.0,0.0
2025-02,Супрун ФОП,DJ08557,0.0,0.0
2025-03,Супрун ФОП,DJ08557,0.0,0.0
2025-04,Супрун ФОП,DJ08557,0.0,0.0
2025-05,Супрун ФОП,DJ08557,0.0,0.0
2025-06,Супрун ФОП,DJ08557,1.0,0.0
2024-07,Акварель,DJ08570,1.0,1.2715378
2024-08,Акварель,DJ08570,2.0,1.4531863
2024-09,Акварель,DJ08570,1.0,1.3260897
2024-10,Акварель,DJ08570,0.0,0.22728449
2024-11,Акварель,DJ08570,1.0,0.38787618
2024-12,Акварель,DJ08570,7.0,1.5556078
2025-01,Акварель,DJ08570,2.0,0.33832312
2025-02,Акварель,DJ08570,0.0,0.0
2025-03,Акварель,DJ08570,0.0,0.0
2025-04,Акварель,DJ08570,0.0,0.0
2025-05,Акварель,DJ08570,0.0,0.0
2025-06,Акварель,DJ08570,0.0,0.0
2024-07,Антошка,DJ08570,1.0,1.083391
2024-08,Антошка,DJ08570,3.0,1.1147779
2024-09,Антошка,DJ08570,5.0,1.0748228
2024-10,Антошка,DJ08570,2.0,1.051151
2024-11,Антошка,DJ08570,0.0,0.0
2024-12,Антошка,DJ08570,1.0,1.0672848
2025-01,Антошка,DJ08570,0.0,0.0
2025-02,Антошка,DJ08570,0.0,0.0
2025-03,Антошка,DJ08570,0.0,0.0
2025-04,Антошка,DJ08570,0.0,0.0
2025-05,Антошка,DJ08570,0.0,0.0
2025-06,Антошка,DJ08570,1.0,0.0
2024-07,ІМ-Розетка,DJ08571,2.0,0.6150952
2024-08,ІМ-Розетка,DJ08571,8.0,1.1737106
2024-09,ІМ-Розетка,DJ08571,4.0,1.5522764
2024-10,ІМ-Розетка,DJ08571,1.0,0.9918203
2024-11,ІМ-Розетка,DJ08571,2.0,1.2780721
2024-12,ІМ-Розетка,DJ08571,1.0,4.4092455
2025-01,ІМ-Розетка,DJ08571,7.0,0.6747784
2025-02,ІМ-Розетка,DJ08571,5.0,0.92630786
2025-03,ІМ-Розетка,DJ08571,0.0,0.6618002
2025-04,ІМ-Розетка,DJ08571,2.0,0.30048725
2025-05,ІМ-Розетка,DJ08571,3.0,0.35820943
2025-06,ІМ-Розетка,DJ08571,1.0,0.5774324
2024-07,Акварель,DJ08571,1.0,0.37458578
2024-08,Акварель,DJ08571,1.0,0.5162064
2024-09,Акварель,DJ08571,3.0,0.30315596
2024-10,Акварель,DJ08571,1.0,0.21847615
2024-11,Акварель,DJ08571,3.0,0.621825
2024-12,Акварель,DJ08571,3.0,2.0922606
2025-01,Акварель,DJ08571,2.0,0.54769
2025-02,Акварель,DJ08571,1.0,0.3217662
2025-03,Акварель,DJ08571,1.0,0.25416288
2025-04,Акварель,DJ08571,1.0,0.13010685
2025-05,Акварель,DJ08571,1.0,0.09982309
2025-06,Акварель,DJ08571,0.0,0.19655049
2024-07,БІ,DJ08571,5.0,2.5191424
2024-08,БІ,DJ08571,7.0,4.230423
2024-09,БІ,DJ08571,9.0,3.8078856
2024-10,БІ,DJ08571,5.0,3.0307553
2024-11,БІ,DJ08571,4.0,3.6301134
2024-12,БІ,DJ08571,14.0,7.908066
2025-01,БІ,DJ08571,9.0,2.422992
2025-02,БІ,DJ08571,2.0,2.7184381
2025-03,БІ,DJ08571,7.0,1.6159624
2025-04,БІ,DJ08571,7.0,2.04448
2025-05,БІ,DJ08571,5.0,2.201497
2025-06,БІ,DJ08571,4.0,2.0222292
2024-07,МайПлей,DJ08571,1.0,0.019373564
2024-08,МайПлей,DJ08571,3.0,0.092353
2024-09,МайПлей,DJ08571,3.0,0.305809
2024-10,МайПлей,DJ08571,0.0,0.025063155
2024-11,МайПлей,DJ08571,2.0,0.2512649
2024-12,МайПлей,DJ08571,1.0,0.9457471
2025-01,МайПлей,DJ08571,0.0,0.041388586
2025-02,МайПлей,DJ08571,0.0,0.0
2025-03,МайПлей,DJ08571,1.0,0.0
2025-04,МайПлей,DJ08571,0.0,0.0
2025-05,МайПлей,DJ08571,0.0,0.0
2025-06,МайПлей,DJ08571,0.0,0.0
2024-07,СмартТойс,DJ08571,7.0,0.33227476
2024-08,СмартТойс,DJ08571,2.0,0.25522852
2024-09,СмартТойс,DJ08571,2.0,0.572545
2024-10,СмартТойс,DJ08571,1.0,0.311802
2024-11,СмартТойс,DJ08571,0.0,0.0
2024-12,СмартТойс,DJ08571,1.0,0.625351
2025-01,СмартТойс,DJ08571,0.0,0.0
2025-02,СмартТойс,DJ08571,0.0,0.0
2025-03,СмартТойс,DJ08571,0.0,0.0
2025-04,СмартТойс,DJ08571,0.0,0.0
2025-05,СмартТойс,DJ08571,0.0,0.0
2025-06,СмартТойс,DJ08571,1.0,0.108500116
2024-07,Супрун ФОП,DJ08571,0.0,0.0
2024-08,Супрун ФОП,DJ08571,0.0,0.0
2024-09,Супрун ФОП,DJ08571,0.0,0.0
2024-10,Супрун ФОП,DJ08571,0.0,0.0
2024-11,Супрун ФОП,DJ08571,1.0,0.10832662
2024-12,Супрун ФОП,DJ08571,1.0,0.5900968
2025-01,Супрун ФОП,DJ08571,0.0,0.0
2025-02,Супрун ФОП,DJ08571,0.0,0.0
2025-03,Супрун ФОП,DJ08571,0.0,0.0
2025-04,Супрун ФОП,DJ08571,0.0,0.0
2025-05,Супрун ФОП,DJ08571,0.0,0.0
2025-06,Супрун ФОП,DJ08571,2.0,0.0
2024-07,ІМ-Розетка,DJ08577,0.0,0.0
2024-08,ІМ-Розетка,DJ08577,0.0,0.0
2024-09,ІМ-Розетка,DJ08577,0.0,0.0
2024-10,ІМ-Розетка,DJ08577,0.0,0.0
2024-11,ІМ-Розетка,DJ08577,0.0,0.0
2024-12,ІМ-Розетка,DJ08577,1.0,0.42914516
2025-01,ІМ-Розетка,DJ08577,0.0,0.0
2025-02,ІМ-Розетка,DJ08577,0.0,0.0
2025-03,ІМ-Розетка,DJ08577,0.0,0.0
2025-04,ІМ-Розетка,DJ08577,0.0,0.0
2025-05,ІМ-Розетка,DJ08577,1.0,0.0
2025-06,ІМ-Розетка,DJ08577,1.0,0.0
2024-07,Акварель,DJ08577,1.0,0.022778787
2024-08,Акварель,DJ08577,0.0,0.0
2024-09,Акварель,DJ08577,1.0,0.05460404
2024-10,Акварель,DJ08577,0.0,0.0
2024-11,Акварель,DJ08577,1.0,0.0
2024-12,Акварель,DJ08577,2.0,0.6244054
2025-01,Акварель,DJ08577,0.0,0.0
2025-02,Акварель,DJ08577,1.0,0.0
2025-03,Акварель,DJ08577,0.0,0.0
2025-04,Акварель,DJ08577,2.0,0.0
2025-05,Акварель,DJ08577,1.0,0.02501379
2025-06,Акварель,DJ08577,0.0,0.06156342
2024-07,БІ,DJ08577,1.0,0.23825659
2024-08,БІ,DJ08577,0.0,0.37079045
2024-09,БІ,DJ08577,2.0,0.21605094
2024-10,БІ,DJ08577,1.0,0.3273758
2024-11,БІ,DJ08577,3.0,0.5854693
2024-12,БІ,DJ08577,11.0,2.7964706
2025-01,БІ,DJ08577,6.0,1.4084862
2025-02,БІ,DJ08577,3.0,1.2598091
2025-03,БІ,DJ08577,6.0,0.58940035
2025-04,БІ,DJ08577,7.0,0.7347502
2025-05,БІ,DJ08577,1.0,1.189519
2025-06,БІ,DJ08577,2.0,0.89251024
2024-07,БІ,DJ08590,6.0,0.84154135
2024-08,БІ,DJ08590,6.0,1.3025501
2024-09,БІ,DJ08590,3.0,1.0717902
2024-10,БІ,DJ08590,1.0,0.92858875
2024-11,БІ,DJ08590,3.0,1.145235
2024-12,БІ,DJ08590,8.0,3.1187747
2025-01,БІ,DJ08590,1.0,1.192349
2025-02,БІ,DJ08590,3.0,1.2594393
2025-03,БІ,DJ08590,4.0,0.5618577
2025-04,БІ,DJ08590,2.0,0.872815
2025-05,БІ,DJ08590,2.0,0.80544466
2025-06,БІ,DJ08590,3.0,0.99149334
2024-07,СмартТойс,DJ08590,21.0,0.3328692
2024-08,СмартТойс,DJ08590,0.0,0.349989
2024-09,СмартТойс,DJ08590,0.0,0.16119403
2024-10,СмартТойс,DJ08590,0.0,0.20392536
2024-11,СмартТойс,DJ08590,0.0,0.1346962
2024-12,СмартТойс,DJ08590,2.0,0.93225855
2025-01,СмартТойс,DJ08590,0.0,0.05879317
2025-02,СмартТойс,DJ08590,0.0,0.0
2025-03,СмартТойс,DJ08590,1.0,0.24048117
2025-04,СмартТойс,DJ08590,0.0,0.045541175
2025-05,СмартТойс,DJ08590,5.0,0.15561186
2025-06,СмартТойс,DJ08590,2.0,0.20512642
2024-07,Акварель,DJ08597,4.0,1.1952174
2024-08,Акварель,DJ08597,1.0,1.3083947
2024-09,Акварель,DJ08597,1.0,1.135117
2024-10,Акварель,DJ08597,1.0,1.2268889
2024-11,Акварель,DJ08597,4.0,0.4824764
2024-12,Акварель,DJ08597,3.0,1.5680584
2025-01,Акварель,DJ08597,0.0,0.0
2025-02,Акварель,DJ08597,1.0,0.19650157
2025-03,Акварель,DJ08597,1.0,0.043016754
2025-04,Акварель,DJ08597,0.0,0.0
2025-05,Акварель,DJ08597,1.0,0.2208851
2025-06,Акварель,DJ08597,0.0,0.0
2024-07,Віват Канцелярія,DJ08630,0.0,0.0
2024-08,Віват Канцелярія,DJ08630,1.0,0.0
2024-09,Віват Канцелярія,DJ08630,1.0,0.0
2024-10,Віват Канцелярія,DJ08630,0.0,0.0
2024-11,Віват Канцелярія,DJ08630,0.0,0.0
2024-12,Віват Канцелярія,DJ08630,1.0,0.004968608
2025-01,Віват Канцелярія,DJ08630,0.0,0.0
2025-02,Віват Канцелярія,DJ08630,0.0,0.0
2025-03,Віват Канцелярія,DJ08630,0.0,0.0
2025-04,Віват Канцелярія,DJ08630,0.0,0.0
2025-05,Віват Канцелярія,DJ08630,0.0,0.0
2025-06,Віват Канцелярія,DJ08630,0.0,0.0
2024-07,Акварель,DJ08633,0.0,0.2539337
2024-08,Акварель,DJ08633,0.0,0.17173246
2024-09,Акварель,DJ08633,1.0,0.88664615
2024-10,Акварель,DJ08633,1.0,1.405064
2024-11,Акварель,DJ08633,3.0,0.43512595
2024-12,Акварель,DJ08633,2.0,1.3086855
2025-01,Акварель,DJ08633,1.0,0.31431633
2025-02,Акварель,DJ08633,0.0,0.0
2025-03,Акварель,DJ08633,1.0,0.068044744
2025-04,Акварель,DJ08633,0.0,0.0
2025-05,Акварель,DJ08633,0.0,0.0
2025-06,Акварель,DJ08633,1.0,0.20337057
2024-07,ІМ-Розетка,DJ08661,0.0,0.0
2024-08,ІМ-Розетка,DJ08661,0.0,0.0
2024-09,ІМ-Розетка,DJ08661,0.0,0.0
2024-10,ІМ-Розетка,DJ08661,0.0,0.0
2024-11,ІМ-Розетка,DJ08661,0.0,0.48700705
2024-12,ІМ-Розетка,DJ08661,6.0,2.7861607
2025-01,ІМ-Розетка,DJ08661,5.0,0.8205025
2025-02,ІМ-Розетка,DJ08661,1.0,0.55365276
2025-03,ІМ-Розетка,DJ08661,3.0,0.09854735
2025-04,ІМ-Розетка,DJ08661,10.0,0.18247937
2025-05,ІМ-Розетка,DJ08661,4.0,0.9455815
2025-06,ІМ-Розетка,DJ08661,2.0,0.5518684
2024-07,Акварель,DJ08661,0.0,0.45430186
2024-08,Акварель,DJ08661,0.0,0.4257055
2024-09,Акварель,DJ08661,0.0,0.2865703
2024-10,Акварель,DJ08661,1.0,0.22580896
2024-11,Акварель,DJ08661,2.0,0.31945294
2024-12,Акварель,DJ08661,7.0,1.0960422
2025-01,Акварель,DJ08661,4.0,0.6697972
2025-02,Акварель,DJ08661,1.0,0.56977934
2025-03,Акварель,DJ08661,0.0,0.15464072
2025-04,Акварель,DJ08661,0.0,0.0
2025-05,Акварель,DJ08661,1.0,0.10643934
2025-06,Акварель,DJ08661,0.0,0.18931606
2024-07,МайПлей,DJ08661,1.0,0.0
2024-08,МайПлей,DJ08661,0.0,0.0
2024-09,МайПлей,DJ08661,0.0,0.0
2024-10,МайПлей,DJ08661,2.0,0.0
2024-11,МайПлей,DJ08661,1.0,0.0
2024-12,МайПлей,DJ08661,1.0,0.39515546
2025-01,МайПлей,DJ08661,2.0,0.0
2025-02,МайПлей,DJ08661,0.0,0.0
2025-03,МайПлей,DJ08661,0.0,0.0
2025-04,МайПлей,DJ08661,0.0,0.0
2025-05,МайПлей,DJ08661,2.0,0.0
2025-06,МайПлей,DJ08661,0.0,0.0
2024-07,Мегамаркет,DJ08661,0.0,0.0
2024-08,Мегамаркет,DJ08661,0.0,0.0
2024-09,Мегамаркет,DJ08661,1.0,0.0
2024-10,Мегамаркет,DJ08661,0.0,0.0
2024-11,Мегамаркет,DJ08661,0.0,0.0
2024-12,Мегамаркет,DJ08661,0.0,0.023125753
2025-01,Мегамаркет,DJ08661,0.0,0.0
2025-02,Мегамаркет,DJ08661,1.0,0.0
2025-03,Мегамаркет,DJ08661,0.0,0.0
2025-04,Мегамаркет,DJ08661,0.0,0.0
2025-05,Мегамаркет,DJ08661,0.0,0.0
2025-06,Мегамаркет,DJ08661,0.0,0.0
2024-07,ІМ-Розетка,DJ08664,1.0,0.0
2024-08,ІМ-Розетка,DJ08664,0.0,0.0
2024-09,ІМ-Розетка,DJ08664,0.0,0.0
2024-10,ІМ-Розетка,DJ08664,0.0,0.0
2024-11,ІМ-Розетка,DJ08664,1.0,0.0
2024-12,ІМ-Розетка,DJ08664,0.0,0.12788227
2025-01,ІМ-Розетка,DJ08664,0.0,0.0
2025-02,ІМ-Розетка,DJ08664,0.0,0.0
2025-03,ІМ-Розетка,DJ08664,0.0,0.0
2025-04,ІМ-Розетка,DJ08664,0.0,0.0
2025-05,ІМ-Розетка,DJ08664,0.0,0.0
2025-06,ІМ-Розетка,DJ08664,0.0,0.0
2024-07,Акварель,DJ08664,3.0,0.78500164
2024-08,Акварель,DJ08664,2.0,0.7670257
2024-09,Акварель,DJ08664,2.0,0.62254876
2024-10,Акварель,DJ08664,4.0,1.1799537
2024-11,Акварель,DJ08664,1.0,1.5515138
2024-12,Акварель,DJ08664,7.0,2.8443162
2025-01,Акварель,DJ08664,3.0,1.6212761
2025-02,Акварель,DJ08664,1.0,0.565646
2025-03,Акварель,DJ08664,0.0,0.550737
2025-04,Акварель,DJ08664,3.0,0.2761906
2025-05,Акварель,DJ08664,3.0,0.6310316
2025-06,Акварель,DJ08664,0.0,0.6356343
2024-07,Антошка,DJ08664,10.0,0.70360464
2024-08,Антошка,DJ08664,1.0,2.368672
2024-09,Антошка,DJ08664,2.0,0.94973516
2024-10,Антошка,DJ08664,6.0,1.3461753
2024-11,Антошка,DJ08664,5.0,1.2108098
2024-12,Антошка,DJ08664,10.0,4.9099383
2025-01,Антошка,DJ08664,1.0,2.0563288
2025-02,Антошка,DJ08664,10.0,0.75363684
2025-03,Антошка,DJ08664,5.0,1.8767285
2025-04,Антошка,DJ08664,4.0,1.2275691
2025-05,Антошка,DJ08664,2.0,1.0323843
2025-06,Антошка,DJ08664,1.0,1.0981613
2024-07,БІ,DJ08664,17.0,6.2535524
2024-08,БІ,DJ08664,15.0,7.033228
2024-09,БІ,DJ08664,14.0,6.5454545
2024-10,БІ,DJ08664,27.0,11.515561
2024-11,БІ,DJ08664,41.0,13.13687
2024-12,БІ,DJ08664,83.0,34.15628
2025-01,БІ,DJ08664,31.0,15.757517
2025-02,БІ,DJ08664,13.0,10.216692
2025-03,БІ,DJ08664,17.0,7.387489
2025-04,БІ,DJ08664,13.0,6.915404
2025-05,БІ,DJ08664,12.0,6.253037
2025-06,БІ,DJ08664,20.0,4.6279383
2024-07,Віват Канцелярія,DJ08664,0.0,0.0
2024-08,Віват Канцелярія,DJ08664,1.0,0.17751314
2024-09,Віват Канцелярія,DJ08664,1.0,0.20674449
2024-10,Віват Канцелярія,DJ08664,2.0,0.0
2024-11,Віват Канцелярія,DJ08664,2.0,0.08783752
2024-12,Віват Канцелярія,DJ08664,2.0,0.92879134
2025-01,Віват Канцелярія,DJ08664,0.0,0.0
2025-02,Віват Канцелярія,DJ08664,0.0,0.0
2025-03,Віват Канцелярія,DJ08664,1.0,0.0
2025-04,Віват Канцелярія,DJ08664,2.0,0.0
2025-05,Віват Канцелярія,DJ08664,1.0,0.0
2025-06,Віват Канцелярія,DJ08664,1.0,0.0
2024-07,МайПлей,DJ08664,0.0,0.638473
2024-08,МайПлей,DJ08664,1.0,0.111091696
2024-09,МайПлей,DJ08664,0.0,0.038218766
2024-10,МайПлей,DJ08664,3.0,0.19215393
2024-11,МайПлей,DJ08664,0.0,0.097060554
2024-12,МайПлей,DJ08664,4.0,1.4043552
2025-01,МайПлей,DJ08664,2.0,0.28418607
2025-02,МайПлей,DJ08664,1.0,0.0
2025-03,МайПлей,DJ08664,0.0,0.0
2025-04,МайПлей,DJ08664,0.0,0.090644956
2025-05,МайПлей,DJ08664,1.0,0.0
2025-06,МайПлей,DJ08664,0.0,0.0
2024-07,Мегамаркет,DJ08664,0.0,0.0
2024-08,Мегамаркет,DJ08664,1.0,0.0
2024-09,Мегамаркет,DJ08664,1.0,0.0
2024-10,Мегамаркет,DJ08664,0.0,0.15645419
2024-11,Мегамаркет,DJ08664,1.0,0.0011164814
2024-12,Мегамаркет,DJ08664,0.0,0.31284207
2025-01,Мегамаркет,DJ08664,0.0,0.0
2025-02,Мегамаркет,DJ08664,0.0,0.0
2025-03,Мегамаркет,DJ08664,0.0,0.0
2025-04,Мегамаркет,DJ08664,0.0,0.0
2025-05,Мегамаркет,DJ08664,1.0,0.0
2025-06,Мегамаркет,DJ08664,0.0,0.0
2024-07,ІМ-Розетка,DJ08678,1.0,0.78636974
2024-08,ІМ-Розетка,DJ08678,0.0,0.055341825
2024-09,ІМ-Розетка,DJ08678,1.0,0.047165163
2024-10,ІМ-Розетка,DJ08678,0.0,0.0
2024-11,ІМ-Розетка,DJ08678,0.0,0.22559994
2024-12,ІМ-Розетка,DJ08678,1.0,1.9481474
2025-01,ІМ-Розетка,DJ08678,0.0,0.18805881
2025-02,ІМ-Розетка,DJ08678,0.0,0.0
2025-03,ІМ-Розетка,DJ08678,1.0,0.0
2025-04,ІМ-Розетка,DJ08678,1.0,0.0
2025-05,ІМ-Розетка,DJ08678,2.0,0.0
2025-06,ІМ-Розетка,DJ08678,1.0,5.4301305e-05
2024-07,Акварель,DJ08678,1.0,0.5911027
2024-08,Акварель,DJ08678,2.0,0.6227051
2024-09,Акварель,DJ08678,1.0,0.42284924
2024-10,Акварель,DJ08678,0.0,0.22861768
2024-11,Акварель,DJ08678,2.0,0.51202214
2024-12,Акварель,DJ08678,1.0,2.2434874
2025-01,Акварель,DJ08678,2.0,0.5776296
2025-02,Акварель,DJ08678,1.0,0.51824695
2025-03,Акварель,DJ08678,2.0,0.16448857
2025-04,Акварель,DJ08678,0.0,0.2604434
2025-05,Акварель,DJ08678,1.0,0.31438008
2025-06,Акварель,DJ08678,7.0,1.010643
2024-07,БІ,DJ08678,1.0,1.2466433
2024-08,БІ,DJ08678,1.0,0.7257714
2024-09,БІ,DJ08678,3.0,0.6427628
2024-10,БІ,DJ08678,2.0,0.41629115
2024-11,БІ,DJ08678,1.0,0.45842183
2024-12,БІ,DJ08678,4.0,2.5102592
2025-01,БІ,DJ08678,1.0,0.6630977
2025-02,БІ,DJ08678,5.0,0.37528425
2025-03,БІ,DJ08678,2.0,0.5151843
2025-04,БІ,DJ08678,1.0,0.0
2025-05,БІ,DJ08678,1.0,0.19161394
2025-06,БІ,DJ08678,2.0,0.72373855
2024-07,МайПлей,DJ08678,0.0,0.0
2024-08,МайПлей,DJ08678,0.0,0.0
2024-09,МайПлей,DJ08678,0.0,0.0
2024-10,МайПлей,DJ08678,0.0,0.0
2024-11,МайПлей,DJ08678,0.0,0.0
2024-12,МайПлей,DJ08678,2.0,0.058945462
2025-01,МайПлей,DJ08678,0.0,0.0
2025-02,МайПлей,DJ08678,0.0,0.0
2025-03,МайПлей,DJ08678,0.0,0.0
2025-04,МайПлей,DJ08678,0.0,0.0
2025-05,МайПлей,DJ08678,0.0,0.0
2025-06,МайПлей,DJ08678,1.0,0.0
2024-07,Смік,DJ08678,1.0,0.0
2024-08,Смік,DJ08678,1.0,0.0
2024-09,Смік,DJ08678,1.0,0.0
2024-10,Смік,DJ08678,1.0,0.0
2024-11,Смік,DJ08678,0.0,0.0
2024-12,Смік,DJ08678,0.0,0.0
2025-01,Смік,DJ08678,2.0,0.0
2025-02,Смік,DJ08678,3.0,0.0
2025-03,Смік,DJ08678,2.0,0.0
2025-04,Смік,DJ08678,1.0,0.0
2025-05,Смік,DJ08678,4.0,0.0
2025-06,Смік,DJ08678,0.0,0.12482249
2024-07,Супрун ФОП,DJ08678,0.0,0.0
2024-08,Супрун ФОП,DJ08678,0.0,0.0
2024-09,Супрун ФОП,DJ08678,0.0,0.0
2024-10,Супрун ФОП,DJ08678,0.0,0.0
2024-11,Супрун ФОП,DJ08678,0.0,0.0
2024-12,Супрун ФОП,DJ08678,0.0,0.0
2025-01,Супрун ФОП,DJ08678,0.0,0.0
2025-02,Супрун ФОП,DJ08678,0.0,0.0
2025-03,Супрун ФОП,DJ08678,0.0,0.0
2025-04,Супрун ФОП,DJ08678,0.0,0.0
2025-05,Супрун ФОП,DJ08678,0.0,0.0
2025-06,Супрун ФОП,DJ08678,0.0,0.0
2024-07,Акварель,DJ08797,9.0,2.9465964
2024-08,Акварель,DJ08797,7.0,3.7676744
2024-09,Акварель,DJ08797,5.0,3.2280533
2024-10,Акварель,DJ08797,10.0,3.0450554
2024-11,Акварель,DJ08797,5.0,3.5450633
2024-12,Акварель,DJ08797,12.0,10.401209
2025-01,Акварель,DJ08797,6.0,3.8261867
2025-02,Акварель,DJ08797,9.0,3.0747075
2025-03,Акварель,DJ08797,9.0,3.1001198
2025-04,Акварель,DJ08797,2.0,2.0294223
2025-05,Акварель,DJ08797,10.0,2.101868
2025-06,Акварель,DJ08797,6.0,2.2359433
2024-07,Віват Канцелярія,DJ08797,1.0,0.07946198
2024-08,Віват Канцелярія,DJ08797,1.0,0.59653586
2024-09,Віват Канцелярія,DJ08797,4.0,0.1842871
2024-10,Віват Канцелярія,DJ08797,2.0,0.39673525
2024-11,Віват Канцелярія,DJ08797,0.0,0.57440907
2024-12,Віват Канцелярія,DJ08797,4.0,3.0719302
2025-01,Віват Канцелярія,DJ08797,0.0,0.40460745
2025-02,Віват Канцелярія,DJ08797,2.0,0.22691981
2025-03,Віват Канцелярія,DJ08797,1.0,0.11911489
2025-04,Віват Канцелярія,DJ08797,0.0,0.0
2025-05,Віват Канцелярія,DJ08797,2.0,0.0
2025-06,Віват Канцелярія,DJ08797,1.0,0.0
2024-07,Епіцентр,DJ08797,3.0,0.83773524
2024-08,Епіцентр,DJ08797,2.0,1.0606221
2024-09,Епіцентр,DJ08797,1.0,0.53090537
2024-10,Епіцентр,DJ08797,0.0,0.38231206
2024-11,Епіцентр,DJ08797,0.0,0.30798367
2024-12,Епіцентр,DJ08797,1.0,2.3889103
2025-01,Епіцентр,DJ08797,0.0,0.5212856
2025-02,Епіцентр,DJ08797,0.0,0.17650406
2025-03,Епіцентр,DJ08797,0.0,0.04682689
2025-04,Епіцентр,DJ08797,0.0,0.0
2025-05,Епіцентр,DJ08797,0.0,0.0
2025-06,Епіцентр,DJ08797,1.0,0.0
2024-07,МайПлей,DJ08797,0.0,0.0
2024-08,МайПлей,DJ08797,0.0,0.0
2024-09,МайПлей,DJ08797,1.0,0.0
2024-10,МайПлей,DJ08797,0.0,0.0
2024-11,МайПлей,DJ08797,0.0,0.0
2024-12,МайПлей,DJ08797,2.0,1.1349555
2025-01,МайПлей,DJ08797,0.0,0.0
2025-02,МайПлей,DJ08797,0.0,0.0
2025-03,МайПлей,DJ08797,4.0,0.0
2025-04,МайПлей,DJ08797,1.0,0.0
2025-05,МайПлей,DJ08797,0.0,0.0
2025-06,МайПлей,DJ08797,0.0,0.0
2024-07,ІМ-Розетка,DJ08800,0.0,0.56379056
2024-08,ІМ-Розетка,DJ08800,5.0,0.8807272
2024-09,ІМ-Розетка,DJ08800,0.0,0.55362594
2024-10,ІМ-Розетка,DJ08800,1.0,0.17896195
2024-11,ІМ-Розетка,DJ08800,0.0,0.58513707
2024-12,ІМ-Розетка,DJ08800,4.0,2.8558657
2025-01,ІМ-Розетка,DJ08800,2.0,0.78412
2025-02,ІМ-Розетка,DJ08800,0.0,0.09784519
2025-03,ІМ-Розетка,DJ08800,1.0,0.013351573
2025-04,ІМ-Розетка,DJ08800,1.0,0.011609371
2025-05,ІМ-Розетка,DJ08800,1.0,0.047158424
2025-06,ІМ-Розетка,DJ08800,0.0,0.0
2024-07,Акварель,DJ08800,7.0,2.5849135
2024-08,Акварель,DJ08800,12.0,3.17969
2024-09,Акварель,DJ08800,6.0,3.650768
2024-10,Акварель,DJ08800,4.0,2.987902
2024-11,Акварель,DJ08800,8.0,3.0953455
2024-12,Акварель,DJ08800,26.0,7.652253
2025-01,Акварель,DJ08800,12.0,5.2992945
2025-02,Акварель,DJ08800,8.0,3.524522
2025-03,Акварель,DJ08800,11.0,3.4961567
2025-04,Акварель,DJ08800,8.0,2.8251696
2025-05,Акварель,DJ08800,5.0,3.078006
2025-06,Акварель,DJ08800,5.0,2.864014
2024-07,БІ,DJ08800,9.0,3.961465
2024-08,БІ,DJ08800,20.0,5.6955733
2024-09,БІ,DJ08800,15.0,6.939911
2024-10,БІ,DJ08800,6.0,5.473271
2024-11,БІ,DJ08800,8.0,4.3242064
2024-12,БІ,DJ08800,18.0,11.425612
2025-01,БІ,DJ08800,9.0,3.917959
2025-02,БІ,DJ08800,14.0,2.8467515
2025-03,БІ,DJ08800,5.0,3.9558775
2025-04,БІ,DJ08800,7.0,2.5291915
2025-05,БІ,DJ08800,3.0,2.3263907
2025-06,БІ,DJ08800,3.0,2.347223
2024-07,МайПлей,DJ08800,0.0,0.06793818
2024-08,МайПлей,DJ08800,0.0,0.0
2024-09,МайПлей,DJ08800,4.0,0.0
2024-10,МайПлей,DJ08800,0.0,0.0
2024-11,МайПлей,DJ08800,1.0,0.0
2024-12,МайПлей,DJ08800,1.0,0.7602372
2025-01,МайПлей,DJ08800,0.0,0.0
2025-02,МайПлей,DJ08800,0.0,0.0
2025-03,МайПлей,DJ08800,2.0,0.0
2025-04,МайПлей,DJ08800,0.0,0.0
2025-05,МайПлей,DJ08800,1.0,0.0
2025-06,МайПлей,DJ08800,1.0,0.0
2024-07,Мегамаркет,DJ08800,0.0,0.14901859
2024-08,Мегамаркет,DJ08800,0.0,0.18656264
2024-09,Мегамаркет,DJ08800,1.0,0.12375709
2024-10,Мегамаркет,DJ08800,2.0,0.22242199
2024-11,Мегамаркет,DJ08800,0.0,0.0758469
2024-12,Мегамаркет,DJ08800,1.0,0.32592702
2025-01,Мегамаркет,DJ08800,2.0,0.057022016
2025-02,Мегамаркет,DJ08800,0.0,0.08464026
2025-03,Мегамаркет,DJ08800,1.0,0.0065825516
2025-04,Мегамаркет,DJ08800,1.0,0.0
2025-05,Мегамаркет,DJ08800,0.0,0.0
2025-06,Мегамаркет,DJ08800,3.0,0.0
2024-07,СмартТойс,DJ08800,0.0,0.0
2024-08,СмартТойс,DJ08800,0.0,0.0
2024-09,СмартТойс,DJ08800,0.0,0.0
2024-10,СмартТойс,DJ08800,1.0,0.0
2024-11,СмартТойс,DJ08800,0.0,0.0
2024-12,СмартТойс,DJ08800,0.0,0.0
2025-01,СмартТойс,DJ08800,0.0,0.0
2025-02,СмартТойс,DJ08800,0.0,0.0
2025-03,СмартТойс,DJ08800,0.0,0.0
2025-04,СмартТойс,DJ08800,0.0,0.0
2025-05,СмартТойс,DJ08800,0.0,0.0
2025-06,СмартТойс,DJ08800,1.0,0.0
2024-07,ІМ-Розетка,DJ08802,0.0,0.50431484
2024-08,ІМ-Розетка,DJ08802,2.0,0.42837155
2024-09,ІМ-Розетка,DJ08802,0.0,0.0
2024-10,ІМ-Розетка,DJ08802,0.0,0.0
2024-11,ІМ-Розетка,DJ08802,1.0,0.038889173
2024-12,ІМ-Розетка,DJ08802,0.0,1.5722157
2025-01,ІМ-Розетка,DJ08802,2.0,0.08251831
2025-02,ІМ-Розетка,DJ08802,0.0,0.0
2025-03,ІМ-Розетка,DJ08802,0.0,0.0
2025-04,ІМ-Розетка,DJ08802,1.0,0.0
2025-05,ІМ-Розетка,DJ08802,0.0,0.0
2025-06,ІМ-Розетка,DJ08802,4.0,0.0
2024-07,Акварель,DJ08802,1.0,2.287159
2024-08,Акварель,DJ08802,6.0,3.035775
2024-09,Акварель,DJ08802,2.0,2.80737
2024-10,Акварель,DJ08802,3.0,1.9234709
2024-11,Акварель,DJ08802,4.0,2.5434742
2024-12,Акварель,DJ08802,12.0,6.133628
2025-01,Акварель,DJ08802,4.0,2.15551
2025-02,Акварель,DJ08802,5.0,1.7715304
2025-03,Акварель,DJ08802,7.0,1.517808
2025-04,Акварель,DJ08802,2.0,1.7004058
2025-05,Акварель,DJ08802,7.0,1.8322843
2025-06,Акварель,DJ08802,5.0,3.1806037
2024-07,БІ,DJ08802,8.0,2.8524878
2024-08,БІ,DJ08802,13.0,3.7115543
2024-09,БІ,DJ08802,4.0,3.547241
2024-10,БІ,DJ08802,2.0,1.8388494
2024-11,БІ,DJ08802,8.0,2.2812896
2024-12,БІ,DJ08802,9.0,6.732757
2025-01,БІ,DJ08802,5.0,2.017804
2025-02,БІ,DJ08802,5.0,1.7342455
2025-03,БІ,DJ08802,3.0,1.2824428
2025-04,БІ,DJ08802,4.0,1.214167
2025-05,БІ,DJ08802,2.0,1.5968505
2025-06,БІ,DJ08802,0.0,2.231342
2024-07,МайПлей,DJ08802,1.0,0.0
2024-08,МайПлей,DJ08802,1.0,0.0
2024-09,МайПлей,DJ08802,1.0,0.0
2024-10,МайПлей,DJ08802,0.0,0.0
2024-11,МайПлей,DJ08802,1.0,0.0
2024-12,МайПлей,DJ08802,2.0,0.33714637
2025-01,МайПлей,DJ08802,0.0,0.0
2025-02,МайПлей,DJ08802,0.0,0.0
2025-03,МайПлей,DJ08802,1.0,0.0
2025-04,МайПлей,DJ08802,0.0,0.0
2025-05,МайПлей,DJ08802,0.0,0.0
2025-06,МайПлей,DJ08802,2.0,0.0
2024-07,Мегамаркет,DJ08802,0.0,0.0
2024-08,Мегамаркет,DJ08802,0.0,0.0
2024-09,Мегамаркет,DJ08802,0.0,0.0
2024-10,Мегамаркет,DJ08802,1.0,0.0
2024-11,Мегамаркет,DJ08802,1.0,0.0
2024-12,Мегамаркет,DJ08802,0.0,0.24495773
2025-01,Мегамаркет,DJ08802,1.0,0.0
2025-02,Мегамаркет,DJ08802,0.0,0.0
2025-03,Мегамаркет,DJ08802,1.0,0.079776295
2025-04,Мегамаркет,DJ08802,1.0,0.0
2025-05,Мегамаркет,DJ08802,0.0,0.0
2025-06,Мегамаркет,DJ08802,0.0,0.0
2024-07,ІМ-МауДау,DJ08830,1.0,0.0
2024-08,ІМ-МауДау,DJ08830,0.0,0.0
2024-09,ІМ-МауДау,DJ08830,1.0,0.0
2024-10,ІМ-МауДау,DJ08830,2.0,0.0
2024-11,ІМ-МауДау,DJ08830,3.0,0.23597816
2024-12,ІМ-МауДау,DJ08830,0.0,0.29161242
2025-01,ІМ-МауДау,DJ08830,0.0,0.0
2025-02,ІМ-МауДау,DJ08830,1.0,0.0
2025-03,ІМ-МауДау,DJ08830,1.0,0.3072129
2025-04,ІМ-МауДау,DJ08830,0.0,0.0
2025-05,ІМ-МауДау,DJ08830,1.0,0.0
2025-06,ІМ-МауДау,DJ08830,0.0,0.0
2024-07,ІМ-Розетка,DJ08830,1.0,1.4258701
2024-08,ІМ-Розетка,DJ08830,2.0,0.91115385
2024-09,ІМ-Розетка,DJ08830,5.0,1.1811401
2024-10,ІМ-Розетка,DJ08830,0.0,2.0920491
2024-11,ІМ-Розетка,DJ08830,2.0,1.7321199
2024-12,ІМ-Розетка,DJ08830,3.0,8.78984
2025-01,ІМ-Розетка,DJ08830,6.0,1.8040919
2025-02,ІМ-Розетка,DJ08830,1.0,0.9896676
2025-03,ІМ-Розетка,DJ08830,3.0,0.6618434
2025-04,ІМ-Розетка,DJ08830,2.0,0.9383344
2025-05,ІМ-Розетка,DJ08830,0.0,0.60227025
2025-06,ІМ-Розетка,DJ08830,3.0,0.38185686
2024-07,Акварель,DJ08830,7.0,2.7150042
2024-08,Акварель,DJ08830,4.0,2.862473
2024-09,Акварель,DJ08830,5.0,2.4128537
2024-10,Акварель,DJ08830,6.0,2.8310683
2024-11,Акварель,DJ08830,1.0,2.8377419
2024-12,Акварель,DJ08830,9.0,4.672069
2025-01,Акварель,DJ08830,6.0,2.6153991
2025-02,Акварель,DJ08830,4.0,1.9059713
2025-03,Акварель,DJ08830,4.0,1.9249077
2025-04,Акварель,DJ08830,5.0,2.0189648
2025-05,Акварель,DJ08830,2.0,2.0722585
2025-06,Акварель,DJ08830,5.0,2.1855907
2024-07,Антошка,DJ08830,9.0,1.8276949
2024-08,Антошка,DJ08830,6.0,2.3657503
2024-09,Антошка,DJ08830,10.0,1.9447628
2024-10,Антошка,DJ08830,8.0,3.2085958
2024-11,Антошка,DJ08830,7.0,2.8105528
2024-12,Антошка,DJ08830,6.0,3.9828348
2025-01,Антошка,DJ08830,6.0,2.010255
2025-02,Антошка,DJ08830,4.0,2.0107868
2025-03,Антошка,DJ08830,3.0,1.7750102
2025-04,Антошка,DJ08830,7.0,1.4443313
2025-05,Антошка,DJ08830,10.0,2.24203
2025-06,Антошка,DJ08830,6.0,2.1946783
2024-07,БІ,DJ08830,12.0,7.4512577
2024-08,БІ,DJ08830,14.0,6.8826704
2024-09,БІ,DJ08830,22.0,6.475133
2024-10,БІ,DJ08830,17.0,8.252079
2024-11,БІ,DJ08830,14.0,8.712743
2024-12,БІ,DJ08830,31.0,15.629135
2025-01,БІ,DJ08830,18.0,8.019984
2025-02,БІ,DJ08830,18.0,6.7847686
2025-03,БІ,DJ08830,21.0,7.8574667
2025-04,БІ,DJ08830,16.0,7.0422926
2025-05,БІ,DJ08830,18.0,7.492414
2025-06,БІ,DJ08830,20.0,7.7124577
2024-07,Віват Канцелярія,DJ08830,1.0,0.0
2024-08,Віват Канцелярія,DJ08830,1.0,0.0
2024-09,Віват Канцелярія,DJ08830,2.0,0.0
2024-10,Віват Канцелярія,DJ08830,0.0,0.0
2024-11,Віват Канцелярія,DJ08830,1.0,0.0
2024-12,Віват Канцелярія,DJ08830,0.0,0.14288746
2025-01,Віват Канцелярія,DJ08830,3.0,0.017207487
2025-02,Віват Канцелярія,DJ08830,0.0,2.360863
2025-03,Віват Канцелярія,DJ08830,6.0,0.73001295
2025-04,Віват Канцелярія,DJ08830,1.0,0.8735079
2025-05,Віват Канцелярія,DJ08830,3.0,0.8056108
2025-06,Віват Канцелярія,DJ08830,3.0,1.1943688
2024-07,МайПлей,DJ08830,0.0,0.59255207
2024-08,МайПлей,DJ08830,4.0,0.42066413
2024-09,МайПлей,DJ08830,5.0,0.62237513
2024-10,МайПлей,DJ08830,0.0,0.6986179
2024-11,МайПлей,DJ08830,4.0,0.2919393
2024-12,МайПлей,DJ08830,3.0,1.1309041
2025-01,МайПлей,DJ08830,3.0,0.83974606
2025-02,МайПлей,DJ08830,1.0,0.3819217
2025-03,МайПлей,DJ08830,1.0,0.31056374
2025-04,МайПлей,DJ08830,2.0,0.26767826
2025-05,МайПлей,DJ08830,2.0,0.24750993
2025-06,МайПлей,DJ08830,1.0,0.12491977
2024-07,Мегамаркет,DJ08830,3.0,0.15298945
2024-08,Мегамаркет,DJ08830,0.0,0.26496062
2024-09,Мегамаркет,DJ08830,0.0,0.2506219
2024-10,Мегамаркет,DJ08830,1.0,0.23900849
2024-11,Мегамаркет,DJ08830,1.0,0.28840983
2024-12,Мегамаркет,DJ08830,1.0,0.58485776
2025-01,Мегамаркет,DJ08830,0.0,0.17929997
2025-02,Мегамаркет,DJ08830,0.0,0.0
2025-03,Мегамаркет,DJ08830,1.0,0.0
2025-04,Мегамаркет,DJ08830,1.0,0.0
2025-05,Мегамаркет,DJ08830,3.0,0.0
2025-06,Мегамаркет,DJ08830,1.0,0.20241845
2024-07,Смік,DJ08830,4.0,0.13288216
2024-08,Смік,DJ08830,1.0,0.21908484
2024-09,Смік,DJ08830,4.0,0.1165987
2024-10,Смік,DJ08830,1.0,0.16324328
2024-11,Смік,DJ08830,0.0,0.0
2024-12,Смік,DJ08830,0.0,0.40422556
2025-01,Смік,DJ08830,2.0,0.0
2025-02,Смік,DJ08830,1.0,0.0
2025-03,Смік,DJ08830,1.0,0.0
2025-04,Смік,DJ08830,1.0,0.0
2025-05,Смік,DJ08830,0.0,0.0
2025-06,Смік,DJ08830,0.0,0.0
2024-07,ІМ-МауДау,DJ08841,1.0,0.026325984
2024-08,ІМ-МауДау,DJ08841,1.0,0.18787839
2024-09,ІМ-МауДау,DJ08841,0.0,0.0
2024-10,ІМ-МауДау,DJ08841,2.0,0.0
2024-11,ІМ-МауДау,DJ08841,3.0,0.4176746
2024-12,ІМ-МауДау,DJ08841,3.0,0.9478337
2025-01,ІМ-МауДау,DJ08841,0.0,0.0
2025-02,ІМ-МауДау,DJ08841,1.0,0.0
2025-03,ІМ-МауДау,DJ08841,2.0,0.35975683
2025-04,ІМ-МауДау,DJ08841,1.0,0.22968505
2025-05,ІМ-МауДау,DJ08841,0.0,0.0
2025-06,ІМ-МауДау,DJ08841,1.0,0.0
2024-07,ІМ-Розетка,DJ08841,5.0,0.9838828
2024-08,ІМ-Розетка,DJ08841,8.0,2.522695
2024-09,ІМ-Розетка,DJ08841,3.0,1.819537
2024-10,ІМ-Розетка,DJ08841,5.0,1.3160604
2024-11,ІМ-Розетка,DJ08841,17.0,2.3830895
2024-12,ІМ-Розетка,DJ08841,12.0,16.913366
2025-01,ІМ-Розетка,DJ08841,8.0,3.6233282
2025-02,ІМ-Розетка,DJ08841,8.0,2.8267925
2025-03,ІМ-Розетка,DJ08841,3.0,2.8499298
2025-04,ІМ-Розетка,DJ08841,4.0,1.7167608
2025-05,ІМ-Розетка,DJ08841,25.0,1.8066295
2025-06,ІМ-Розетка,DJ08841,3.0,3.525545
2024-07,Акварель,DJ08841,3.0,2.5445995
2024-08,Акварель,DJ08841,6.0,3.2424061
2024-09,Акварель,DJ08841,10.0,3.065545
2024-10,Акварель,DJ08841,6.0,3.3386
2024-11,Акварель,DJ08841,4.0,3.3502588
2024-12,Акварель,DJ08841,12.0,5.731806
2025-01,Акварель,DJ08841,3.0,3.4709485
2025-02,Акварель,DJ08841,2.0,2.8176122
2025-03,Акварель,DJ08841,2.0,2.196276
2025-04,Акварель,DJ08841,6.0,1.5693635
2025-05,Акварель,DJ08841,3.0,1.8112961
2025-06,Акварель,DJ08841,9.0,2.0813267
2024-07,БІ,DJ08841,13.0,10.3622875
2024-08,БІ,DJ08841,17.0,6.8606825
2024-09,БІ,DJ08841,17.0,7.450357
2024-10,БІ,DJ08841,18.0,8.6225395
2024-11,БІ,DJ08841,9.0,8.630995
2024-12,БІ,DJ08841,28.0,13.534711
2025-01,БІ,DJ08841,10.0,6.8533807
2025-02,БІ,DJ08841,9.0,5.2819433
2025-03,БІ,DJ08841,17.0,5.1782165
2025-04,БІ,DJ08841,12.0,5.748309
2025-05,БІ,DJ08841,10.0,5.145632
2025-06,БІ,DJ08841,8.0,4.703874
2024-07,МайПлей,DJ08841,1.0,0.7796866
2024-08,МайПлей,DJ08841,0.0,0.73773897
2024-09,МайПлей,DJ08841,1.0,0.6133179
2024-10,МайПлей,DJ08841,4.0,0.5431254
2024-11,МайПлей,DJ08841,2.0,0.59849393
2024-12,МайПлей,DJ08841,2.0,1.2311659
2025-01,МайПлей,DJ08841,2.0,0.73344314
2025-02,МайПлей,DJ08841,2.0,0.36159217
2025-03,МайПлей,DJ08841,2.0,0.223556
2025-04,МайПлей,DJ08841,3.0,0.36537316
2025-05,МайПлей,DJ08841,4.0,0.4052534
2025-06,МайПлей,DJ08841,2.0,0.4579789
2024-07,Мегамаркет,DJ08841,1.0,0.3744101
2024-08,Мегамаркет,DJ08841,0.0,0.51632583
2024-09,Мегамаркет,DJ08841,2.0,0.031061757
2024-10,Мегамаркет,DJ08841,1.0,0.29986545
2024-11,Мегамаркет,DJ08841,0.0,0.37248588
2024-12,Мегамаркет,DJ08841,0.0,0.4751147
2025-01,Мегамаркет,DJ08841,1.0,0.0
2025-02,Мегамаркет,DJ08841,0.0,0.04888929
2025-03,Мегамаркет,DJ08841,1.0,0.0
2025-04,Мегамаркет,DJ08841,1.0,0.0
2025-05,Мегамаркет,DJ08841,2.0,0.029201841
2025-06,Мегамаркет,DJ08841,0.0,0.0
2024-07,Монако,DJ08841,1.0,0.14506204
2024-08,Монако,DJ08841,2.0,0.39861277
2024-09,Монако,DJ08841,0.0,0.07594345
2024-10,Монако,DJ08841,2.0,0.25550228
2024-11,Монако,DJ08841,0.0,0.027587062
2024-12,Монако,DJ08841,0.0,0.0
2025-01,Монако,DJ08841,0.0,0.0
2025-02,Монако,DJ08841,1.0,0.43347153
2025-03,Монако,DJ08841,1.0,0.12692805
2025-04,Монако,DJ08841,0.0,0.0
2025-05,Монако,DJ08841,0.0,0.0
2025-06,Монако,DJ08841,0.0,0.0
2024-07,ІМ-Розетка,DJ08842,12.0,3.2974544
2024-08,ІМ-Розетка,DJ08842,12.0,4.0184593
2024-09,ІМ-Розетка,DJ08842,9.0,3.6182272
2024-10,ІМ-Розетка,DJ08842,67.0,3.8367023
2024-11,ІМ-Розетка,DJ08842,7.0,13.415578
2024-12,ІМ-Розетка,DJ08842,13.0,16.318113
2025-01,ІМ-Розетка,DJ08842,3.0,5.0493097
2025-02,ІМ-Розетка,DJ08842,5.0,2.1417582
2025-03,ІМ-Розетка,DJ08842,3.0,2.9993706
2025-04,ІМ-Розетка,DJ08842,11.0,1.9081559
2025-05,ІМ-Розетка,DJ08842,21.0,3.0978174
2025-06,ІМ-Розетка,DJ08842,5.0,4.224478
2024-07,Акварель,DJ08842,9.0,3.0881665
2024-08,Акварель,DJ08842,9.0,3.5735455
2024-09,Акварель,DJ08842,4.0,3.2346683
2024-10,Акварель,DJ08842,7.0,3.4694777
2024-11,Акварель,DJ08842,2.0,3.7659163
2024-12,Акварель,DJ08842,8.0,5.2421584
2025-01,Акварель,DJ08842,6.0,3.292051
2025-02,Акварель,DJ08842,7.0,2.4929786
2025-03,Акварель,DJ08842,9.0,2.5960617
2025-04,Акварель,DJ08842,2.0,2.9328263
2025-05,Акварель,DJ08842,3.0,2.6445649
2025-06,Акварель,DJ08842,11.0,2.0150719
2024-07,Антошка,DJ08842,5.0,2.668106
2024-08,Антошка,DJ08842,5.0,2.4685016
2024-09,Антошка,DJ08842,6.0,2.3127556
2024-10,Антошка,DJ08842,6.0,2.3095663
2024-11,Антошка,DJ08842,5.0,1.7880946
2024-12,Антошка,DJ08842,10.0,3.8994386
2025-01,Антошка,DJ08842,7.0,2.7136583
2025-02,Антошка,DJ08842,5.0,1.8236622
2025-03,Антошка,DJ08842,7.0,1.729895
2025-04,Антошка,DJ08842,6.0,2.6139314
2025-05,Антошка,DJ08842,8.0,2.6734097
2025-06,Антошка,DJ08842,3.0,2.577266
2024-07,БІ,DJ08842,11.0,7.3305306
2024-08,БІ,DJ08842,15.0,6.1811676
2024-09,БІ,DJ08842,12.0,6.2737293
2024-10,БІ,DJ08842,10.0,6.3328075
2024-11,БІ,DJ08842,9.0,6.382345
2024-12,БІ,DJ08842,21.0,10.857137
2025-01,БІ,DJ08842,6.0,5.2170415
2025-02,БІ,DJ08842,6.0,3.6254296
2025-03,БІ,DJ08842,17.0,3.5185885
2025-04,БІ,DJ08842,10.0,4.319007
2025-05,БІ,DJ08842,15.0,5.12554
2025-06,БІ,DJ08842,9.0,4.339444
2024-07,МайПлей,DJ08842,2.0,0.66027474
2024-08,МайПлей,DJ08842,2.0,0.5518207
2024-09,МайПлей,DJ08842,0.0,0.28854248
2024-10,МайПлей,DJ08842,1.0,0.16620389
2024-11,МайПлей,DJ08842,1.0,0.2010939
2024-12,МайПлей,DJ08842,5.0,1.235255
2025-01,МайПлей,DJ08842,1.0,0.8636518
2025-02,МайПлей,DJ08842,1.0,0.23277149
2025-03,МайПлей,DJ08842,1.0,0.3045277
2025-04,МайПлей,DJ08842,5.0,0.24681154
2025-05,МайПлей,DJ08842,2.0,0.4605448
2025-06,МайПлей,DJ08842,1.0,0.19442654
2024-07,Монако,DJ08842,1.0,0.19553967
2024-08,Монако,DJ08842,2.0,0.4724226
2024-09,Монако,DJ08842,0.0,0.0014763037
2024-10,Монако,DJ08842,2.0,0.29936835
2024-11,Монако,DJ08842,1.0,0.33992025
2024-12,Монако,DJ08842,0.0,0.047624145
2025-01,Монако,DJ08842,0.0,0.0
2025-02,Монако,DJ08842,1.0,0.4219676
2025-03,Монако,DJ08842,1.0,0.18253237
2025-04,Монако,DJ08842,0.0,0.0
2025-05,Монако,DJ08842,0.0,0.0
2025-06,Монако,DJ08842,0.0,0.0
2024-07,ІМ-МауДау,DJ08860,1.0,0.11218742
2024-08,ІМ-МауДау,DJ08860,1.0,0.095849484
2024-09,ІМ-МауДау,DJ08860,2.0,0.0
2024-10,ІМ-МауДау,DJ08860,2.0,0.0
2024-11,ІМ-МауДау,DJ08860,0.0,0.0
2024-12,ІМ-МауДау,DJ08860,1.0,0.43606257
2025-01,ІМ-МауДау,DJ08860,3.0,0.053580746
2025-02,ІМ-МауДау,DJ08860,1.0,0.12665772
2025-03,ІМ-МауДау,DJ08860,0.0,0.0
2025-04,ІМ-МауДау,DJ08860,1.0,0.0
2025-05,ІМ-МауДау,DJ08860,0.0,0.0
2025-06,ІМ-МауДау,DJ08860,0.0,0.0
2024-07,ІМ-Розетка,DJ08860,0.0,0.24563307
2024-08,ІМ-Розетка,DJ08860,3.0,0.9276151
2024-09,ІМ-Розетка,DJ08860,1.0,0.6771579
2024-10,ІМ-Розетка,DJ08860,0.0,0.070672624
2024-11,ІМ-Розетка,DJ08860,4.0,0.24978822
2024-12,ІМ-Розетка,DJ08860,2.0,4.3905673
2025-01,ІМ-Розетка,DJ08860,0.0,0.69844735
2025-02,ІМ-Розетка,DJ08860,1.0,0.009966598
2025-03,ІМ-Розетка,DJ08860,1.0,0.17609239
2025-04,ІМ-Розетка,DJ08860,1.0,0.05517162
2025-05,ІМ-Розетка,DJ08860,2.0,0.07565451
2025-06,ІМ-Розетка,DJ08860,1.0,0.032657716
2024-07,Акварель,DJ08860,7.0,3.8514402
2024-08,Акварель,DJ08860,9.0,4.3154826
2024-09,Акварель,DJ08860,8.0,4.4441657
2024-10,Акварель,DJ08860,8.0,3.9118526
2024-11,Акварель,DJ08860,11.0,4.7410374
2024-12,Акварель,DJ08860,24.0,12.027076
2025-01,Акварель,DJ08860,18.0,7.392748
2025-02,Акварель,DJ08860,12.0,4.884219
2025-03,Акварель,DJ08860,12.0,4.7696295
2025-04,Акварель,DJ08860,9.0,4.5507855
2025-05,Акварель,DJ08860,8.0,4.194769
2025-06,Акварель,DJ08860,6.0,5.144397
2024-07,БІ,DJ08860,8.0,6.569417
2024-08,БІ,DJ08860,17.0,7.2356267
2024-09,БІ,DJ08860,24.0,8.964185
2024-10,БІ,DJ08860,12.0,8.655563
2024-11,БІ,DJ08860,16.0,8.454936
2024-12,БІ,DJ08860,50.0,22.399363
2025-01,БІ,DJ08860,26.0,11.37047
2025-02,БІ,DJ08860,16.0,8.245772
2025-03,БІ,DJ08860,12.0,7.609433
2025-04,БІ,DJ08860,21.0,6.101369
2025-05,БІ,DJ08860,12.0,7.3744807
2025-06,БІ,DJ08860,22.0,5.2442603
2024-07,МайПлей,DJ08860,0.0,0.37232313
2024-08,МайПлей,DJ08860,0.0,0.0
2024-09,МайПлей,DJ08860,1.0,0.0
2024-10,МайПлей,DJ08860,1.0,0.0
2024-11,МайПлей,DJ08860,1.0,0.0
2024-12,МайПлей,DJ08860,3.0,1.0836728
2025-01,МайПлей,DJ08860,1.0,0.31101462
2025-02,МайПлей,DJ08860,2.0,0.0
2025-03,МайПлей,DJ08860,1.0,0.0
2025-04,МайПлей,DJ08860,0.0,0.0
2025-05,МайПлей,DJ08860,0.0,0.0
2025-06,МайПлей,DJ08860,0.0,0.0
2024-07,СмартТойс,DJ08860,1.0,0.0
2024-08,СмартТойс,DJ08860,2.0,0.02583139
2024-09,СмартТойс,DJ08860,3.0,0.05646128
2024-10,СмартТойс,DJ08860,0.0,0.0
2024-11,СмартТойс,DJ08860,0.0,0.0
2024-12,СмартТойс,DJ08860,2.0,0.22520962
2025-01,СмартТойс,DJ08860,1.0,0.026007991
2025-02,СмартТойс,DJ08860,0.0,0.0
2025-03,СмартТойс,DJ08860,0.0,0.0
2025-04,СмартТойс,DJ08860,1.0,0.0
2025-05,СмартТойс,DJ08860,0.0,0.0
2025-06,СмартТойс,DJ08860,2.0,0.0
2024-07,ІМ-Розетка,DJ08884,3.0,0.36645958
2024-08,ІМ-Розетка,DJ08884,2.0,0.69318706
2024-09,ІМ-Розетка,DJ08884,1.0,0.5700447
2024-10,ІМ-Розетка,DJ08884,3.0,0.451332
2024-11,ІМ-Розетка,DJ08884,5.0,0.8126531
2024-12,ІМ-Розетка,DJ08884,5.0,3.9810781
2025-01,ІМ-Розетка,DJ08884,8.0,1.2634915
2025-02,ІМ-Розетка,DJ08884,3.0,1.1963583
2025-03,ІМ-Розетка,DJ08884,2.0,0.8926713
2025-04,ІМ-Розетка,DJ08884,3.0,0.4667453
2025-05,ІМ-Розетка,DJ08884,2.0,0.6328572
2025-06,ІМ-Розетка,DJ08884,2.0,0.5126681
2024-07,Акварель,DJ08884,9.0,2.4227977
2024-08,Акварель,DJ08884,6.0,3.257372
2024-09,Акварель,DJ08884,7.0,3.2072904
2024-10,Акварель,DJ08884,7.0,3.3431413
2024-11,Акварель,DJ08884,3.0,3.522253
2024-12,Акварель,DJ08884,12.0,5.515669
2025-01,Акварель,DJ08884,8.0,3.4130337
2025-02,Акварель,DJ08884,8.0,3.064106
2025-03,Акварель,DJ08884,10.0,3.1359255
2025-04,Акварель,DJ08884,3.0,3.2226145
2025-05,Акварель,DJ08884,0.0,2.7413547
2025-06,Акварель,DJ08884,4.0,1.7192185
2024-07,Антошка,DJ08884,3.0,0.95627266
2024-08,Антошка,DJ08884,1.0,0.7638152
2024-09,Антошка,DJ08884,0.0,0.46153006
2024-10,Антошка,DJ08884,2.0,0.54901946
2024-11,Антошка,DJ08884,1.0,0.46868756
2024-12,Антошка,DJ08884,1.0,1.4287862
2025-01,Антошка,DJ08884,1.0,0.33947244
2025-02,Антошка,DJ08884,1.0,0.14623725
2025-03,Антошка,DJ08884,1.0,0.11354723
2025-04,Антошка,DJ08884,1.0,0.07432183
2025-05,Антошка,DJ08884,0.0,0.057155434
2025-06,Антошка,DJ08884,0.0,0.0
2024-07,БІ,DJ08884,14.0,6.264123
2024-08,БІ,DJ08884,15.0,5.823495
2024-09,БІ,DJ08884,13.0,6.521627
2024-10,БІ,DJ08884,16.0,6.316064
2024-11,БІ,DJ08884,13.0,6.375609
2024-12,БІ,DJ08884,20.0,12.628921
2025-01,БІ,DJ08884,7.0,5.034641
2025-02,БІ,DJ08884,9.0,3.9853423
2025-03,БІ,DJ08884,10.0,3.6301827
2025-04,БІ,DJ08884,5.0,3.3264122
2025-05,БІ,DJ08884,5.0,3.3742943
2025-06,БІ,DJ08884,13.0,3.2646244
2024-07,МайПлей,DJ08884,0.0,0.89638287
2024-08,МайПлей,DJ08884,2.0,0.54788536
2024-09,МайПлей,DJ08884,3.0,0.45532247
2024-10,МайПлей,DJ08884,3.0,0.58826447
2024-11,МайПлей,DJ08884,0.0,0.42462853
2024-12,МайПлей,DJ08884,1.0,0.8693673
2025-01,МайПлей,DJ08884,0.0,0.4536486
2025-02,МайПлей,DJ08884,2.0,0.06960295
2025-03,МайПлей,DJ08884,4.0,0.21695687
2025-04,МайПлей,DJ08884,3.0,0.46416137
2025-05,МайПлей,DJ08884,0.0,0.5920413
2025-06,МайПлей,DJ08884,1.0,0.19031744
2024-07,Мегамаркет,DJ08884,4.0,0.19897443
2024-08,Мегамаркет,DJ08884,1.0,0.33555767
2024-09,Мегамаркет,DJ08884,1.0,0.48764893
2024-10,Мегамаркет,DJ08884,1.0,0.40175983
2024-11,Мегамаркет,DJ08884,1.0,0.1888221
2024-12,Мегамаркет,DJ08884,0.0,0.5607765
2025-01,Мегамаркет,DJ08884,0.0,0.0
2025-02,Мегамаркет,DJ08884,0.0,0.0
2025-03,Мегамаркет,DJ08884,1.0,0.0
2025-04,Мегамаркет,DJ08884,0.0,0.05097298
2025-05,Мегамаркет,DJ08884,0.0,0.0
2025-06,Мегамаркет,DJ08884,1.0,0.0
2024-07,Монако,DJ08884,1.0,0.06866275
2024-08,Монако,DJ08884,0.0,0.0
2024-09,Монако,DJ08884,0.0,0.0
2024-10,Монако,DJ08884,2.0,0.16361824
2024-11,Монако,DJ08884,2.0,0.21072656
2024-12,Монако,DJ08884,0.0,0.0
2025-01,Монако,DJ08884,0.0,0.0
2025-02,Монако,DJ08884,3.0,0.2647702
2025-03,Монако,DJ08884,0.0,0.0
2025-04,Монако,DJ08884,0.0,0.0
2025-05,Монако,DJ08884,0.0,0.0
2025-06,Монако,DJ08884,2.0,0.06691976
2024-07,ІМ-Розетка,DJ08885,1.0,0.61618954
2024-08,ІМ-Розетка,DJ08885,5.0,0.5748558
2024-09,ІМ-Розетка,DJ08885,0.0,0.51608026
2024-10,ІМ-Розетка,DJ08885,1.0,0.05180129
2024-11,ІМ-Розетка,DJ08885,1.0,0.6286197
2024-12,ІМ-Розетка,DJ08885,3.0,3.6673334
2025-01,ІМ-Розетка,DJ08885,3.0,0.96121
2025-02,ІМ-Розетка,DJ08885,4.0,0.48731518
2025-03,ІМ-Розетка,DJ08885,0.0,0.82632625
2025-04,ІМ-Розетка,DJ08885,4.0,0.12652706
2025-05,ІМ-Розетка,DJ08885,0.0,0.90033317
2025-06,ІМ-Розетка,DJ08885,0.0,0.16888754
2024-07,Акварель,DJ08885,5.0,1.7997384
2024-08,Акварель,DJ08885,4.0,2.0721369
2024-09,Акварель,DJ08885,3.0,1.7413377
2024-10,Акварель,DJ08885,4.0,1.760146
2024-11,Акварель,DJ08885,3.0,1.7370932
2024-12,Акварель,DJ08885,13.0,3.5018084
2025-01,Акварель,DJ08885,8.0,2.6670654
2025-02,Акварель,DJ08885,6.0,2.610781
2025-03,Акварель,DJ08885,3.0,2.3733382
2025-04,Акварель,DJ08885,1.0,1.5110976
2025-05,Акварель,DJ08885,4.0,1.1668063
2025-06,Акварель,DJ08885,1.0,1.2839934
2024-07,Антошка,DJ08885,3.0,0.32329738
2024-08,Антошка,DJ08885,2.0,0.40051758
2024-09,Антошка,DJ08885,1.0,0.25896534
2024-10,Антошка,DJ08885,0.0,0.37256232
2024-11,Антошка,DJ08885,1.0,0.01491697
2024-12,Антошка,DJ08885,1.0,0.8360261
2025-01,Антошка,DJ08885,0.0,0.0
2025-02,Антошка,DJ08885,0.0,0.0
2025-03,Антошка,DJ08885,0.0,0.0
2025-04,Антошка,DJ08885,2.0,0.0
2025-05,Антошка,DJ08885,0.0,0.050547
2025-06,Антошка,DJ08885,1.0,0.0
2024-07,БІ,DJ08885,9.0,2.6888711
2024-08,БІ,DJ08885,5.0,2.4130547
2024-09,БІ,DJ08885,2.0,1.9429787
2024-10,БІ,DJ08885,8.0,2.0843556
2024-11,БІ,DJ08885,6.0,2.7677968
2024-12,БІ,DJ08885,10.0,4.4747214
2025-01,БІ,DJ08885,3.0,2.0910282
2025-02,БІ,DJ08885,1.0,1.7128813
2025-03,БІ,DJ08885,3.0,0.82593656
2025-04,БІ,DJ08885,2.0,0.83881575
2025-05,БІ,DJ08885,2.0,0.7164503
2025-06,БІ,DJ08885,5.0,0.7896659
2024-07,МайПлей,DJ08885,0.0,0.73422277
2024-08,МайПлей,DJ08885,1.0,0.41630077
2024-09,МайПлей,DJ08885,3.0,0.34456593
2024-10,МайПлей,DJ08885,4.0,0.45385292
2024-11,МайПлей,DJ08885,1.0,0.46487296
2024-12,МайПлей,DJ08885,1.0,1.1340288
2025-01,МайПлей,DJ08885,3.0,0.45768782
2025-02,МайПлей,DJ08885,1.0,0.2934022
2025-03,МайПлей,DJ08885,1.0,0.13602929
2025-04,МайПлей,DJ08885,0.0,0.16323975
2025-05,МайПлей,DJ08885,2.0,0.07742795
2025-06,МайПлей,DJ08885,0.0,0.19087912
2024-07,Мегамаркет,DJ08885,0.0,0.0
2024-08,Мегамаркет,DJ08885,0.0,0.0
2024-09,Мегамаркет,DJ08885,0.0,0.0
2024-10,Мегамаркет,DJ08885,1.0,0.0
2024-11,Мегамаркет,DJ08885,1.0,0.0
2024-12,Мегамаркет,DJ08885,0.0,0.05292097
2025-01,Мегамаркет,DJ08885,1.0,0.0
2025-02,Мегамаркет,DJ08885,1.0,0.0
2025-03,Мегамаркет,DJ08885,1.0,0.0
2025-04,Мегамаркет,DJ08885,0.0,0.0
2025-05,Мегамаркет,DJ08885,0.0,0.0
2025-06,Мегамаркет,DJ08885,1.0,0.0
2024-07,БІ,DJ08886,3.0,2.6364667
2024-08,БІ,DJ08886,2.0,1.7427694
2024-09,БІ,DJ08886,1.0,2.4736764
2024-10,БІ,DJ08886,3.0,1.9949732
2024-11,БІ,DJ08886,1.0,0.8889736
2024-12,БІ,DJ08886,3.0,1.7722771
2025-01,БІ,DJ08886,0.0,0.0
2025-02,БІ,DJ08886,0.0,0.0
2025-03,БІ,DJ08886,3.0,0.36181894
2025-04,БІ,DJ08886,0.0,0.0
2025-05,БІ,DJ08886,1.0,0.4880295
2025-06,БІ,DJ08886,3.0,0.31696835
2024-07,МайПлей,DJ08886,0.0,0.0
2024-08,МайПлей,DJ08886,2.0,0.48032132
2024-09,МайПлей,DJ08886,1.0,0.68527293
2024-10,МайПлей,DJ08886,3.0,0.5851815
2024-11,МайПлей,DJ08886,0.0,0.0
2024-12,МайПлей,DJ08886,1.0,0.3651966
2025-01,МайПлей,DJ08886,1.0,0.2227318
2025-02,МайПлей,DJ08886,1.0,0.16225111
2025-03,МайПлей,DJ08886,3.0,0.0389859
2025-04,МайПлей,DJ08886,3.0,0.21945432
2025-05,МайПлей,DJ08886,1.0,0.3522768
2025-06,МайПлей,DJ08886,3.0,0.13797213
2024-07,ІМ-Розетка,DJ08897,0.0,0.0
2024-08,ІМ-Розетка,DJ08897,0.0,0.0
2024-09,ІМ-Розетка,DJ08897,0.0,0.0
2024-10,ІМ-Розетка,DJ08897,0.0,0.0
2024-11,ІМ-Розетка,DJ08897,9.0,0.0
2024-12,ІМ-Розетка,DJ08897,4.0,5.641314
2025-01,ІМ-Розетка,DJ08897,1.0,1.0566591
2025-02,ІМ-Розетка,DJ08897,1.0,0.09502287
2025-03,ІМ-Розетка,DJ08897,1.0,0.054800805
2025-04,ІМ-Розетка,DJ08897,0.0,0.006311222
2025-05,ІМ-Розетка,DJ08897,2.0,0.0
2025-06,ІМ-Розетка,DJ08897,0.0,0.016907774
2024-07,Акварель,DJ08897,0.0,0.7156371
2024-08,Акварель,DJ08897,0.0,0.90527904
2024-09,Акварель,DJ08897,0.0,0.5793433
2024-10,Акварель,DJ08897,7.0,0.61765367
2024-11,Акварель,DJ08897,3.0,1.7332236
2024-12,Акварель,DJ08897,4.0,4.615879
2025-01,Акварель,DJ08897,1.0,1.9238019
2025-02,Акварель,DJ08897,2.0,0.6669843
2025-03,Акварель,DJ08897,0.0,0.583753
2025-04,Акварель,DJ08897,0.0,0.5365787
2025-05,Акварель,DJ08897,4.0,0.19232008
2025-06,Акварель,DJ08897,2.0,0.48311153
2024-07,Антошка,DJ08897,2.0,0.9547054
2024-08,Антошка,DJ08897,2.0,0.87541556
2024-09,Антошка,DJ08897,7.0,1.3841026
2024-10,Антошка,DJ08897,4.0,2.140499
2024-11,Антошка,DJ08897,1.0,1.8740419
2024-12,Антошка,DJ08897,12.0,4.9006376
2025-01,Антошка,DJ08897,10.0,3.224983
2025-02,Антошка,DJ08897,4.0,2.087409
2025-03,Антошка,DJ08897,5.0,1.2545094
2025-04,Антошка,DJ08897,2.0,1.0907613
2025-05,Антошка,DJ08897,4.0,1.3718351
2025-06,Антошка,DJ08897,3.0,1.5128975
2024-07,БІ,DJ08897,13.0,6.625115
2024-08,БІ,DJ08897,5.0,6.241469
2024-09,БІ,DJ08897,9.0,4.444553
2024-10,БІ,DJ08897,22.0,7.431902
2024-11,БІ,DJ08897,23.0,10.5972805
2024-12,БІ,DJ08897,56.0,24.755192
2025-01,БІ,DJ08897,29.0,13.820118
2025-02,БІ,DJ08897,12.0,9.031072
2025-03,БІ,DJ08897,17.0,7.5689764
2025-04,БІ,DJ08897,22.0,6.4891005
2025-05,БІ,DJ08897,13.0,6.919755
2025-06,БІ,DJ08897,10.0,5.026464
2024-07,Віват Канцелярія,DJ08897,0.0,0.0
2024-08,Віват Канцелярія,DJ08897,0.0,0.0
2024-09,Віват Канцелярія,DJ08897,0.0,0.0
2024-10,Віват Канцелярія,DJ08897,1.0,0.8436382
2024-11,Віват Канцелярія,DJ08897,0.0,0.09154711
2024-12,Віват Канцелярія,DJ08897,5.0,1.0742834
2025-01,Віват Канцелярія,DJ08897,1.0,0.73742807
2025-02,Віват Канцелярія,DJ08897,0.0,0.15260312
2025-03,Віват Канцелярія,DJ08897,0.0,0.0
2025-04,Віват Канцелярія,DJ08897,0.0,0.0
2025-05,Віват Канцелярія,DJ08897,0.0,0.0
2025-06,Віват Канцелярія,DJ08897,1.0,0.0
2024-07,МайПлей,DJ08897,1.0,0.077808715
2024-08,МайПлей,DJ08897,2.0,0.0
2024-09,МайПлей,DJ08897,1.0,0.10374215
2024-10,МайПлей,DJ08897,2.0,0.40642235
2024-11,МайПлей,DJ08897,3.0,0.38339162
2024-12,МайПлей,DJ08897,6.0,2.234338
2025-01,МайПлей,DJ08897,1.0,1.0808029
2025-02,МайПлей,DJ08897,2.0,0.16157462
2025-03,МайПлей,DJ08897,0.0,0.038398117
2025-04,МайПлей,DJ08897,1.0,0.029939381
2025-05,МайПлей,DJ08897,0.0,0.0740074
2025-06,МайПлей,DJ08897,3.0,0.0
2024-07,Мегамаркет,DJ08897,1.0,0.07329332
2024-08,Мегамаркет,DJ08897,1.0,0.081838995
2024-09,Мегамаркет,DJ08897,0.0,0.0
2024-10,Мегамаркет,DJ08897,0.0,0.054109734
2024-11,Мегамаркет,DJ08897,1.0,0.0
2024-12,Мегамаркет,DJ08897,1.0,0.67594224
2025-01,Мегамаркет,DJ08897,1.0,0.0
2025-02,Мегамаркет,DJ08897,0.0,0.0
2025-03,Мегамаркет,DJ08897,1.0,0.0
2025-04,Мегамаркет,DJ08897,0.0,0.0
2025-05,Мегамаркет,DJ08897,0.0,0.0
2025-06,Мегамаркет,DJ08897,0.0,0.0
2024-07,ІМ-Розетка,DJ08931,1.0,0.5179663
2024-08,ІМ-Розетка,DJ08931,1.0,0.43962023
2024-09,ІМ-Розетка,DJ08931,0.0,0.0
2024-10,ІМ-Розетка,DJ08931,0.0,0.0
2024-11,ІМ-Розетка,DJ08931,0.0,0.4781603
2024-12,ІМ-Розетка,DJ08931,0.0,3.4437673
2025-01,ІМ-Розетка,DJ08931,3.0,0.14196363
2025-02,ІМ-Розетка,DJ08931,2.0,0.43349972
2025-03,ІМ-Розетка,DJ08931,1.0,0.3699542
2025-04,ІМ-Розетка,DJ08931,1.0,0.1318742
2025-05,ІМ-Розетка,DJ08931,5.0,0.30798793
2025-06,ІМ-Розетка,DJ08931,2.0,0.85988486
2024-07,Акварель,DJ08931,4.0,1.164881
2024-08,Акварель,DJ08931,3.0,1.1960559
2024-09,Акварель,DJ08931,3.0,0.7251264
2024-10,Акварель,DJ08931,3.0,1.2364688
2024-11,Акварель,DJ08931,2.0,1.2573701
2024-12,Акварель,DJ08931,10.0,4.1786437
2025-01,Акварель,DJ08931,3.0,2.5588639
2025-02,Акварель,DJ08931,3.0,1.369981
2025-03,Акварель,DJ08931,5.0,0.89000833
2025-04,Акварель,DJ08931,4.0,1.2844218
2025-05,Акварель,DJ08931,2.0,1.5046979
2025-06,Акварель,DJ08931,1.0,1.3987616
2024-07,Антошка,DJ08931,5.0,1.3339189
2024-08,Антошка,DJ08931,2.0,1.2029458
2024-09,Антошка,DJ08931,4.0,0.8653895
2024-10,Антошка,DJ08931,1.0,0.74101365
2024-11,Антошка,DJ08931,2.0,0.65351355
2024-12,Антошка,DJ08931,3.0,1.9439373
2025-01,Антошка,DJ08931,0.0,0.774228
2025-02,Антошка,DJ08931,1.0,0.22854929
2025-03,Антошка,DJ08931,1.0,0.15007347
2025-04,Антошка,DJ08931,0.0,0.1283457
2025-05,Антошка,DJ08931,0.0,0.09496361
2025-06,Антошка,DJ08931,0.0,0.0
2024-07,БІ,DJ08931,7.0,3.4953249
2024-08,БІ,DJ08931,7.0,3.5282571
2024-09,БІ,DJ08931,17.0,3.7968652
2024-10,БІ,DJ08931,16.0,13.0690775
2024-11,БІ,DJ08931,17.0,6.4855
2024-12,БІ,DJ08931,27.0,14.082459
2025-01,БІ,DJ08931,14.0,7.628645
2025-02,БІ,DJ08931,4.0,5.341294
2025-03,БІ,DJ08931,8.0,2.8829763
2025-04,БІ,DJ08931,8.0,3.0919373
2025-05,БІ,DJ08931,9.0,2.891385
2025-06,БІ,DJ08931,7.0,3.4388034
2024-07,Віват Канцелярія,DJ08931,0.0,0.0
2024-08,Віват Канцелярія,DJ08931,1.0,0.48435533
2024-09,Віват Канцелярія,DJ08931,3.0,0.03802076
2024-10,Віват Канцелярія,DJ08931,3.0,0.3355616
2024-11,Віват Канцелярія,DJ08931,3.0,0.7410095
2024-12,Віват Канцелярія,DJ08931,0.0,1.6296401
2025-01,Віват Канцелярія,DJ08931,2.0,0.40674597
2025-02,Віват Канцелярія,DJ08931,0.0,0.10650529
2025-03,Віват Канцелярія,DJ08931,2.0,0.0
2025-04,Віват Канцелярія,DJ08931,3.0,0.0
2025-05,Віват Канцелярія,DJ08931,2.0,0.13392754
2025-06,Віват Канцелярія,DJ08931,1.0,0.15793937
2024-07,МайПлей,DJ08931,2.0,0.118792556
2024-08,МайПлей,DJ08931,1.0,0.15007257
2024-09,МайПлей,DJ08931,1.0,0.0
2024-10,МайПлей,DJ08931,2.0,0.0
2024-11,МайПлей,DJ08931,1.0,0.0
2024-12,МайПлей,DJ08931,2.0,0.4412369
2025-01,МайПлей,DJ08931,3.0,0.5837511
2025-02,МайПлей,DJ08931,2.0,0.14000337
2025-03,МайПлей,DJ08931,0.0,0.021360567
2025-04,МайПлей,DJ08931,0.0,0.0
2025-05,МайПлей,DJ08931,1.0,0.0
2025-06,МайПлей,DJ08931,0.0,0.0
2024-07,Смік,DJ08931,2.0,0.11925678
2024-08,Смік,DJ08931,6.0,0.702607
2024-09,Смік,DJ08931,7.0,0.48363504
2024-10,Смік,DJ08931,0.0,0.51567256
2024-11,Смік,DJ08931,0.0,0.07630258
2024-12,Смік,DJ08931,0.0,0.40415207
2025-01,Смік,DJ08931,1.0,0.0
2025-02,Смік,DJ08931,0.0,0.0
2025-03,Смік,DJ08931,2.0,0.0
2025-04,Смік,DJ08931,0.0,0.0
2025-05,Смік,DJ08931,2.0,0.0
2025-06,Смік,DJ08931,0.0,0.0
2024-07,ІМ-Розетка,DJ08932,2.0,0.049961254
2024-08,ІМ-Розетка,DJ08932,0.0,0.0
2024-09,ІМ-Розетка,DJ08932,1.0,0.0
2024-10,ІМ-Розетка,DJ08932,4.0,0.2600355
2024-11,ІМ-Розетка,DJ08932,4.0,1.7270588
2024-12,ІМ-Розетка,DJ08932,5.0,4.336017
2025-01,ІМ-Розетка,DJ08932,1.0,1.1558824
2025-02,ІМ-Розетка,DJ08932,0.0,0.20726177
2025-03,ІМ-Розетка,DJ08932,2.0,0.20302038
2025-04,ІМ-Розетка,DJ08932,2.0,0.315669
2025-05,ІМ-Розетка,DJ08932,2.0,0.36666337
2025-06,ІМ-Розетка,DJ08932,1.0,0.2514905
2024-07,Акварель,DJ08932,2.0,1.2623194
2024-08,Акварель,DJ08932,4.0,2.0330555
2024-09,Акварель,DJ08932,3.0,1.4010401
2024-10,Акварель,DJ08932,6.0,1.8120369
2024-11,Акварель,DJ08932,7.0,2.8063087
2024-12,Акварель,DJ08932,16.0,6.1386724
2025-01,Акварель,DJ08932,5.0,4.6897893
2025-02,Акварель,DJ08932,8.0,2.0517597
2025-03,Акварель,DJ08932,11.0,2.025813
2025-04,Акварель,DJ08932,3.0,2.2454336
2025-05,Акварель,DJ08932,3.0,2.4208152
2025-06,Акварель,DJ08932,3.0,1.8196486
2024-07,Антошка,DJ08932,8.0,1.6533117
2024-08,Антошка,DJ08932,6.0,2.1193964
2024-09,Антошка,DJ08932,4.0,1.6377696
2024-10,Антошка,DJ08932,3.0,1.3081572
2024-11,Антошка,DJ08932,9.0,2.208915
2024-12,Антошка,DJ08932,18.0,7.312805
2025-01,Антошка,DJ08932,9.0,3.9431083
2025-02,Антошка,DJ08932,6.0,2.476374
2025-03,Антошка,DJ08932,10.0,2.375496
2025-04,Антошка,DJ08932,1.0,2.1174455
2025-05,Антошка,DJ08932,7.0,2.2681277
2025-06,Антошка,DJ08932,3.0,2.186674
2024-07,БІ,DJ08932,26.0,8.192964
2024-08,БІ,DJ08932,16.0,10.292532
2024-09,БІ,DJ08932,26.0,8.7637005
2024-10,БІ,DJ08932,22.0,10.686756
2024-11,БІ,DJ08932,30.0,11.542805
2024-12,БІ,DJ08932,62.0,27.953468
2025-01,БІ,DJ08932,25.0,14.196658
2025-02,БІ,DJ08932,12.0,8.973547
2025-03,БІ,DJ08932,18.0,7.537969
2025-04,БІ,DJ08932,28.0,7.8917165
2025-05,БІ,DJ08932,20.0,8.67763
2025-06,БІ,DJ08932,17.0,7.6950803
2024-07,МайПлей,DJ08932,2.0,0.23795955
2024-08,МайПлей,DJ08932,1.0,0.041350473
2024-09,МайПлей,DJ08932,1.0,0.035595354
2024-10,МайПлей,DJ08932,2.0,0.0
2024-11,МайПлей,DJ08932,4.0,0.0
2024-12,МайПлей,DJ08932,2.0,0.9627464
2025-01,МайПлей,DJ08932,3.0,0.8213291
2025-02,МайПлей,DJ08932,2.0,0.3926945
2025-03,МайПлей,DJ08932,2.0,0.083237395
2025-04,МайПлей,DJ08932,2.0,0.45130935
2025-05,МайПлей,DJ08932,3.0,0.21506123
2025-06,МайПлей,DJ08932,1.0,0.30089954
2024-07,Мегамаркет,DJ08932,0.0,0.0
2024-08,Мегамаркет,DJ08932,0.0,0.0
2024-09,Мегамаркет,DJ08932,1.0,0.0
2024-10,Мегамаркет,DJ08932,0.0,0.0
2024-11,Мегамаркет,DJ08932,1.0,0.0499457
2024-12,Мегамаркет,DJ08932,1.0,0.3307111
2025-01,Мегамаркет,DJ08932,0.0,0.0
2025-02,Мегамаркет,DJ08932,1.0,0.0
2025-03,Мегамаркет,DJ08932,0.0,0.0
2025-04,Мегамаркет,DJ08932,0.0,0.0
2025-05,Мегамаркет,DJ08932,1.0,0.0
2025-06,Мегамаркет,DJ08932,1.0,0.0
2024-07,Смік,DJ08932,4.0,0.60631955
2024-08,Смік,DJ08932,7.0,0.3741512
2024-09,Смік,DJ08932,6.0,0.9339936
2024-10,Смік,DJ08932,1.0,0.7140953
2024-11,Смік,DJ08932,0.0,0.5354078
2024-12,Смік,DJ08932,0.0,0.555773
2025-01,Смік,DJ08932,3.0,0.04816092
2025-02,Смік,DJ08932,3.0,0.24964544
2025-03,Смік,DJ08932,2.0,0.18588632
2025-04,Смік,DJ08932,2.0,0.14864878
2025-05,Смік,DJ08932,0.0,0.22345637
2025-06,Смік,DJ08932,1.0,0.0
2024-07,ІМ-Розетка,DJ08934,1.0,0.25078133
2024-08,ІМ-Розетка,DJ08934,2.0,0.45538563
2024-09,ІМ-Розетка,DJ08934,2.0,0.24084818
2024-10,ІМ-Розетка,DJ08934,1.0,0.37318423
2024-11,ІМ-Розетка,DJ08934,1.0,0.25975645
2024-12,ІМ-Розетка,DJ08934,5.0,1.8842287
2025-01,ІМ-Розетка,DJ08934,1.0,0.97410274
2025-02,ІМ-Розетка,DJ08934,0.0,0.079793766
2025-03,ІМ-Розетка,DJ08934,0.0,0.07594101
2025-04,ІМ-Розетка,DJ08934,0.0,0.0
2025-05,ІМ-Розетка,DJ08934,4.0,0.0
2025-06,ІМ-Розетка,DJ08934,0.0,0.3739906
2024-07,Акварель,DJ08934,3.0,1.4948087
2024-08,Акварель,DJ08934,5.0,1.9595133
2024-09,Акварель,DJ08934,2.0,1.9541831
2024-10,Акварель,DJ08934,5.0,1.7553515
2024-11,Акварель,DJ08934,6.0,2.7717252
2024-12,Акварель,DJ08934,15.0,6.4133277
2025-01,Акварель,DJ08934,9.0,4.2447286
2025-02,Акварель,DJ08934,9.0,2.2777405
2025-03,Акварель,DJ08934,8.0,2.59951
2025-04,Акварель,DJ08934,8.0,2.8546176
2025-05,Акварель,DJ08934,6.0,2.947652
2025-06,Акварель,DJ08934,5.0,2.887365
2024-07,БІ,DJ08934,11.0,5.596285
2024-08,БІ,DJ08934,16.0,5.959133
2024-09,БІ,DJ08934,24.0,6.289625
2024-10,БІ,DJ08934,16.0,8.6071415
2024-11,БІ,DJ08934,20.0,8.25072
2024-12,БІ,DJ08934,36.0,19.61568
2025-01,БІ,DJ08934,10.0,10.124046
2025-02,БІ,DJ08934,7.0,4.699747
2025-03,БІ,DJ08934,13.0,3.813134
2025-04,БІ,DJ08934,14.0,4.6287904
2025-05,БІ,DJ08934,11.0,4.7846355
2025-06,БІ,DJ08934,11.0,4.5437956
2024-07,МайПлей,DJ08934,1.0,0.24799266
2024-08,МайПлей,DJ08934,3.0,0.041276988
2024-09,МайПлей,DJ08934,3.0,0.1179647
2024-10,МайПлей,DJ08934,3.0,0.079510614
2024-11,МайПлей,DJ08934,0.0,0.22066775
2024-12,МайПлей,DJ08934,0.0,1.039965
2025-01,МайПлей,DJ08934,6.0,0.55987287
2025-02,МайПлей,DJ08934,0.0,0.3685397
2025-03,МайПлей,DJ08934,3.0,0.14553322
2025-04,МайПлей,DJ08934,2.0,0.27581468
2025-05,МайПлей,DJ08934,1.0,0.16568622
2025-06,МайПлей,DJ08934,3.0,0.04865753
2024-07,Мегамаркет,DJ08934,2.0,0.05094091
2024-08,Мегамаркет,DJ08934,1.0,0.03612464
2024-09,Мегамаркет,DJ08934,1.0,0.0
2024-10,Мегамаркет,DJ08934,0.0,0.0
2024-11,Мегамаркет,DJ08934,0.0,0.0
2024-12,Мегамаркет,DJ08934,0.0,0.18422969
2025-01,Мегамаркет,DJ08934,0.0,0.0
2025-02,Мегамаркет,DJ08934,0.0,0.0
2025-03,Мегамаркет,DJ08934,0.0,0.0
2025-04,Мегамаркет,DJ08934,0.0,0.0
2025-05,Мегамаркет,DJ08934,0.0,0.0
2025-06,Мегамаркет,DJ08934,0.0,0.0
2024-07,Смік,DJ08934,6.0,0.685804
2024-08,Смік,DJ08934,4.0,1.0552648
2024-09,Смік,DJ08934,3.0,0.5438347
2024-10,Смік,DJ08934,0.0,0.42086688
2024-11,Смік,DJ08934,0.0,0.069788426
2024-12,Смік,DJ08934,0.0,0.4970481
2025-01,Смік,DJ08934,0.0,0.0
2025-02,Смік,DJ08934,1.0,0.0
2025-03,Смік,DJ08934,2.0,0.10871262
2025-04,Смік,DJ08934,1.0,0.099447
2025-05,Смік,DJ08934,2.0,0.0033339283
2025-06,Смік,DJ08934,1.0,0.0699724
2024-07,Акварель,DJ08952,6.0,2.094156
2024-08,Акварель,DJ08952,4.0,2.2521026
2024-09,Акварель,DJ08952,2.0,1.7622138
2024-10,Акварель,DJ08952,4.0,2.0234277
2024-11,Акварель,DJ08952,3.0,1.0635582
2024-12,Акварель,DJ08952,1.0,1.3916094
2025-01,Акварель,DJ08952,1.0,0.61475235
2025-02,Акварель,DJ08952,4.0,0.6244693
2025-03,Акварель,DJ08952,1.0,0.4609203
2025-04,Акварель,DJ08952,2.0,0.41048706
2025-05,Акварель,DJ08952,0.0,0.0
2025-06,Акварель,DJ08952,0.0,0.0
2024-07,Мегамаркет,DJ08952,0.0,0.0
2024-08,Мегамаркет,DJ08952,0.0,0.0
2024-09,Мегамаркет,DJ08952,0.0,0.0
2024-10,Мегамаркет,DJ08952,0.0,0.0
2024-11,Мегамаркет,DJ08952,0.0,0.0
2024-12,Мегамаркет,DJ08952,1.0,0.0
2025-01,Мегамаркет,DJ08952,2.0,0.0
2025-02,Мегамаркет,DJ08952,1.0,0.0
2025-03,Мегамаркет,DJ08952,0.0,0.0
2025-04,Мегамаркет,DJ08952,1.0,0.0
2025-05,Мегамаркет,DJ08952,0.0,0.0
2025-06,Мегамаркет,DJ08952,0.0,0.0
2024-07,Акварель,DJ08953,2.0,0.49138582
2024-08,Акварель,DJ08953,0.0,0.42504808
2024-09,Акварель,DJ08953,1.0,0.19084413
2024-10,Акварель,DJ08953,0.0,0.0
2024-11,Акварель,DJ08953,2.0,0.36161757
2024-12,Акварель,DJ08953,3.0,1.3657746
2025-01,Акварель,DJ08953,1.0,0.53574127
2025-02,Акварель,DJ08953,4.0,0.34153995
2025-03,Акварель,DJ08953,1.0,0.65917665
2025-04,Акварель,DJ08953,1.0,0.4758422
2025-05,Акварель,DJ08953,0.0,0.0
2025-06,Акварель,DJ08953,1.0,0.45956704
2024-07,Антошка,DJ08953,1.0,0.20731127
2024-08,Антошка,DJ08953,0.0,0.31000432
2024-09,Антошка,DJ08953,1.0,0.0948633
2024-10,Антошка,DJ08953,1.0,0.22655356
2024-11,Антошка,DJ08953,2.0,0.26536524
2024-12,Антошка,DJ08953,2.0,0.7256945
2025-01,Антошка,DJ08953,0.0,0.0
2025-02,Антошка,DJ08953,0.0,0.0
2025-03,Антошка,DJ08953,0.0,0.0
2025-04,Антошка,DJ08953,1.0,0.0
2025-05,Антошка,DJ08953,0.0,0.0
2025-06,Антошка,DJ08953,0.0,0.0
2024-07,БІ,DJ08953,3.0,0.61301255
2024-08,БІ,DJ08953,2.0,0.49591532
2024-09,БІ,DJ08953,1.0,0.4346735
2024-10,БІ,DJ08953,0.0,0.0
2024-11,БІ,DJ08953,3.0,0.47283584
2024-12,БІ,DJ08953,5.0,2.060887
2025-01,БІ,DJ08953,1.0,0.77304626
2025-02,БІ,DJ08953,5.0,0.5480765
2025-03,БІ,DJ08953,1.0,0.57639587
2025-04,БІ,DJ08953,2.0,0.28280511
2025-05,БІ,DJ08953,5.0,0.3858391
2025-06,БІ,DJ08953,4.0,0.5549233
2024-07,МайПлей,DJ08953,3.0,0.0090329265
2024-08,МайПлей,DJ08953,0.0,0.0
2024-09,МайПлей,DJ08953,1.0,0.0
2024-10,МайПлей,DJ08953,1.0,0.011505847
2024-11,МайПлей,DJ08953,0.0,0.0
2024-12,МайПлей,DJ08953,2.0,0.2261356
2025-01,МайПлей,DJ08953,0.0,0.0
2025-02,МайПлей,DJ08953,0.0,0.0
2025-03,МайПлей,DJ08953,1.0,0.0
2025-04,МайПлей,DJ08953,1.0,0.0
2025-05,МайПлей,DJ08953,1.0,0.0
2025-06,МайПлей,DJ08953,0.0,0.0
2024-07,Смік,DJ08953,4.0,0.31530228
2024-08,Смік,DJ08953,0.0,0.29495108
2024-09,Смік,DJ08953,5.0,0.12661085
2024-10,Смік,DJ08953,0.0,0.29551372
2024-11,Смік,DJ08953,0.0,0.0
2024-12,Смік,DJ08953,0.0,0.28666058
2025-01,Смік,DJ08953,0.0,0.0
2025-02,Смік,DJ08953,0.0,0.0
2025-03,Смік,DJ08953,0.0,0.0
2025-04,Смік,DJ08953,3.0,0.0
2025-05,Смік,DJ08953,0.0,0.0924267
2025-06,Смік,DJ08953,0.0,0.0
2024-07,ІМ-Розетка,DJ08966,5.0,0.38401958
2024-08,ІМ-Розетка,DJ08966,0.0,0.24232633
2024-09,ІМ-Розетка,DJ08966,0.0,0.0
2024-10,ІМ-Розетка,DJ08966,0.0,0.0
2024-11,ІМ-Розетка,DJ08966,0.0,0.0
2024-12,ІМ-Розетка,DJ08966,0.0,0.6819124
2025-01,ІМ-Розетка,DJ08966,0.0,0.0
2025-02,ІМ-Розетка,DJ08966,0.0,0.0
2025-03,ІМ-Розетка,DJ08966,0.0,0.0
2025-04,ІМ-Розетка,DJ08966,0.0,0.0
2025-05,ІМ-Розетка,DJ08966,2.0,0.0
2025-06,ІМ-Розетка,DJ08966,2.0,0.0
2024-07,Акварель,DJ08966,1.0,1.8183064
2024-08,Акварель,DJ08966,2.0,1.5144323
2024-09,Акварель,DJ08966,2.0,1.6351386
2024-10,Акварель,DJ08966,1.0,1.6935831
2024-11,Акварель,DJ08966,3.0,0.5722095
2024-12,Акварель,DJ08966,3.0,1.4622898
2025-01,Акварель,DJ08966,6.0,0.7075171
2025-02,Акварель,DJ08966,1.0,0.49013445
2025-03,Акварель,DJ08966,0.0,0.51965785
2025-04,Акварель,DJ08966,1.0,0.57663924
2025-05,Акварель,DJ08966,2.0,0.733775
2025-06,Акварель,DJ08966,1.0,0.57048446
2024-07,БІ,DJ08966,8.0,5.057675
2024-08,БІ,DJ08966,4.0,3.3485105
2024-09,БІ,DJ08966,8.0,2.6296499
2024-10,БІ,DJ08966,7.0,2.7663517
2024-11,БІ,DJ08966,8.0,1.2297976
2024-12,БІ,DJ08966,4.0,5.259
2025-01,БІ,DJ08966,4.0,1.0354238
2025-02,БІ,DJ08966,0.0,0.8142697
2025-03,БІ,DJ08966,1.0,0.29200187
2025-04,БІ,DJ08966,2.0,0.6614385
2025-05,БІ,DJ08966,1.0,0.57387596
2025-06,БІ,DJ08966,2.0,0.5360696
2024-07,МайПлей,DJ08966,0.0,0.05354451
2024-08,МайПлей,DJ08966,0.0,0.0
2024-09,МайПлей,DJ08966,1.0,0.0
2024-10,МайПлей,DJ08966,0.0,0.0
2024-11,МайПлей,DJ08966,0.0,0.0
2024-12,МайПлей,DJ08966,0.0,0.0
2025-01,МайПлей,DJ08966,0.0,0.0
2025-02,МайПлей,DJ08966,2.0,0.0
2025-03,МайПлей,DJ08966,3.0,0.0
2025-04,МайПлей,DJ08966,0.0,0.0
2025-05,МайПлей,DJ08966,0.0,0.0
2025-06,МайПлей,DJ08966,0.0,0.0
2024-07,СмартТойс,DJ08966,1.0,0.0020172053
2024-08,СмартТойс,DJ08966,1.0,0.13796677
2024-09,СмартТойс,DJ08966,2.0,0.027452873
2024-10,СмартТойс,DJ08966,0.0,0.0
2024-11,СмартТойс,DJ08966,0.0,0.0
2024-12,СмартТойс,DJ08966,0.0,0.0
2025-01,СмартТойс,DJ08966,1.0,0.0
2025-02,СмартТойс,DJ08966,0.0,0.0
2025-03,СмартТойс,DJ08966,0.0,0.0
2025-04,СмартТойс,DJ08966,11.0,0.0
2025-05,СмартТойс,DJ08966,0.0,0.0
2025-06,СмартТойс,DJ08966,3.0,0.0
2024-07,ІМ-Розетка,DJ08982,0.0,0.0
2024-08,ІМ-Розетка,DJ08982,3.0,0.34796166
2024-09,ІМ-Розетка,DJ08982,1.0,0.4037196
2024-10,ІМ-Розетка,DJ08982,1.0,0.12732375
2024-11,ІМ-Розетка,DJ08982,2.0,0.50339335
2024-12,ІМ-Розетка,DJ08982,6.0,3.347903
2025-01,ІМ-Розетка,DJ08982,2.0,0.8981117
2025-02,ІМ-Розетка,DJ08982,0.0,0.3589903
2025-03,ІМ-Розетка,DJ08982,1.0,0.19286948
2025-04,ІМ-Розетка,DJ08982,1.0,0.23358163
2025-05,ІМ-Розетка,DJ08982,1.0,0.1513192
2025-06,ІМ-Розетка,DJ08982,3.0,0.17735691
2024-07,Акварель,DJ08982,1.0,0.94020694
2024-08,Акварель,DJ08982,1.0,0.9898825
2024-09,Акварель,DJ08982,1.0,0.9366068
2024-10,Акварель,DJ08982,1.0,0.52716774
2024-11,Акварель,DJ08982,3.0,1.1898988
2024-12,Акварель,DJ08982,7.0,2.895862
2025-01,Акварель,DJ08982,5.0,1.4079808
2025-02,Акварель,DJ08982,2.0,0.85027534
2025-03,Акварель,DJ08982,3.0,0.860598
2025-04,Акварель,DJ08982,3.0,0.81289494
2025-05,Акварель,DJ08982,2.0,0.97222775
2025-06,Акварель,DJ08982,1.0,1.0273736
2024-07,БІ,DJ08982,13.0,5.5062757
2024-08,БІ,DJ08982,17.0,7.217559
2024-09,БІ,DJ08982,16.0,7.5894637
2024-10,БІ,DJ08982,12.0,5.4616103
2024-11,БІ,DJ08982,12.0,6.066305
2024-12,БІ,DJ08982,40.0,17.551548
2025-01,БІ,DJ08982,23.0,9.389238
2025-02,БІ,DJ08982,9.0,6.5802474
2025-03,БІ,DJ08982,7.0,4.244567
2025-04,БІ,DJ08982,6.0,3.8714478
2025-05,БІ,DJ08982,7.0,3.4699476
2025-06,БІ,DJ08982,11.0,3.1870527
2024-07,МайПлей,DJ08982,1.0,0.084917024
2024-08,МайПлей,DJ08982,4.0,0.140093
2024-09,МайПлей,DJ08982,1.0,0.16750635
2024-10,МайПлей,DJ08982,1.0,0.12350222
2024-11,МайПлей,DJ08982,2.0,0.18411721
2024-12,МайПлей,DJ08982,1.0,1.7597828
2025-01,МайПлей,DJ08982,1.0,0.21342261
2025-02,МайПлей,DJ08982,6.0,0.0
2025-03,МайПлей,DJ08982,2.0,0.19146203
2025-04,МайПлей,DJ08982,1.0,0.090264276
2025-05,МайПлей,DJ08982,0.0,0.10051314
2025-06,МайПлей,DJ08982,1.0,0.13207775
2024-07,ІМ-МауДау,DJ08997,0.0,0.0
2024-08,ІМ-МауДау,DJ08997,0.0,0.0
2024-09,ІМ-МауДау,DJ08997,0.0,0.0
2024-10,ІМ-МауДау,DJ08997,0.0,0.0
2024-11,ІМ-МауДау,DJ08997,0.0,0.0
2024-12,ІМ-МауДау,DJ08997,0.0,0.0
2025-01,ІМ-МауДау,DJ08997,0.0,0.0
2025-02,ІМ-МауДау,DJ08997,0.0,0.0
2025-03,ІМ-МауДау,DJ08997,1.0,0.0
2025-04,ІМ-МауДау,DJ08997,0.0,0.0
2025-05,ІМ-МауДау,DJ08997,0.0,0.0
2025-06,ІМ-МауДау,DJ08997,1.0,0.0
2024-07,ІМ-Розетка,DJ08997,1.0,0.108909704
2024-08,ІМ-Розетка,DJ08997,1.0,0.0
2024-09,ІМ-Розетка,DJ08997,0.0,0.0
2024-10,ІМ-Розетка,DJ08997,1.0,0.0
2024-11,ІМ-Розетка,DJ08997,1.0,0.1398903
2024-12,ІМ-Розетка,DJ08997,1.0,1.8505048
2025-01,ІМ-Розетка,DJ08997,0.0,0.100546196
2025-02,ІМ-Розетка,DJ08997,2.0,0.0
2025-03,ІМ-Розетка,DJ08997,0.0,0.0
2025-04,ІМ-Розетка,DJ08997,0.0,0.0
2025-05,ІМ-Розетка,DJ08997,0.0,0.0
2025-06,ІМ-Розетка,DJ08997,0.0,0.0
2024-07,Акварель,DJ08997,2.0,0.3071207
2024-08,Акварель,DJ08997,1.0,0.4900032
2024-09,Акварель,DJ08997,2.0,0.5048721
2024-10,Акварель,DJ08997,0.0,0.44923827
2024-11,Акварель,DJ08997,3.0,0.7202833
2024-12,Акварель,DJ08997,7.0,2.5356116
2025-01,Акварель,DJ08997,3.0,1.6616586
2025-02,Акварель,DJ08997,3.0,0.3291583
2025-03,Акварель,DJ08997,2.0,0.2375765
2025-04,Акварель,DJ08997,4.0,0.23188095
2025-05,Акварель,DJ08997,4.0,0.6350027
2025-06,Акварель,DJ08997,1.0,1.319809
2024-07,Антошка,DJ08997,0.0,0.0
2024-08,Антошка,DJ08997,1.0,0.0
2024-09,Антошка,DJ08997,0.0,0.0
2024-10,Антошка,DJ08997,1.0,0.0
2024-11,Антошка,DJ08997,1.0,0.0
2024-12,Антошка,DJ08997,2.0,0.46476313
2025-01,Антошка,DJ08997,0.0,0.0
2025-02,Антошка,DJ08997,1.0,0.0
2025-03,Антошка,DJ08997,0.0,0.0
2025-04,Антошка,DJ08997,1.0,0.0
2025-05,Антошка,DJ08997,1.0,0.0
2025-06,Антошка,DJ08997,0.0,0.0
2024-07,БІ,DJ08997,7.0,2.8524601
2024-08,БІ,DJ08997,3.0,3.71626
2024-09,БІ,DJ08997,6.0,2.9301612
2024-10,БІ,DJ08997,3.0,1.8023577
2024-11,БІ,DJ08997,7.0,1.9635669
2024-12,БІ,DJ08997,24.0,10.341931
2025-01,БІ,DJ08997,6.0,4.410347
2025-02,БІ,DJ08997,1.0,1.4015273
2025-03,БІ,DJ08997,2.0,0.7911005
2025-04,БІ,DJ08997,4.0,0.9296535
2025-05,БІ,DJ08997,4.0,0.90025276
2025-06,БІ,DJ08997,9.0,2.7488112
2024-07,МайПлей,DJ08997,1.0,0.0
2024-08,МайПлей,DJ08997,0.0,0.0
2024-09,МайПлей,DJ08997,2.0,0.0
2024-10,МайПлей,DJ08997,0.0,0.0
2024-11,МайПлей,DJ08997,0.0,0.0
2024-12,МайПлей,DJ08997,4.0,0.28130454
2025-01,МайПлей,DJ08997,0.0,0.0
2025-02,МайПлей,DJ08997,0.0,0.0
2025-03,МайПлей,DJ08997,0.0,0.0
2025-04,МайПлей,DJ08997,0.0,0.0
2025-05,МайПлей,DJ08997,0.0,0.0
2025-06,МайПлей,DJ08997,1.0,0.0
2024-07,Мегамаркет,DJ08997,0.0,0.0
2024-08,Мегамаркет,DJ08997,0.0,0.0
2024-09,Мегамаркет,DJ08997,0.0,0.0
2024-10,Мегамаркет,DJ08997,0.0,0.0
2024-11,Мегамаркет,DJ08997,0.0,0.0
2024-12,Мегамаркет,DJ08997,1.0,0.043850675
2025-01,Мегамаркет,DJ08997,1.0,0.0
2025-02,Мегамаркет,DJ08997,0.0,0.0
2025-03,Мегамаркет,DJ08997,0.0,0.0
2025-04,Мегамаркет,DJ08997,1.0,0.0
2025-05,Мегамаркет,DJ08997,1.0,0.0
2025-06,Мегамаркет,DJ08997,1.0,0.0
2024-07,Акварель,DJ09006,6.0,1.1339965
2024-08,Акварель,DJ09006,4.0,1.2733401
2024-09,Акварель,DJ09006,2.0,0.87226367
2024-10,Акварель,DJ09006,2.0,0.93224406
2024-11,Акварель,DJ09006,5.0,1.2588807
2024-12,Акварель,DJ09006,8.0,2.515978
2025-01,Акварель,DJ09006,2.0,1.2655048
2025-02,Акварель,DJ09006,3.0,1.3151544
2025-03,Акварель,DJ09006,1.0,0.81483066
2025-04,Акварель,DJ09006,0.0,0.0
2025-05,Акварель,DJ09006,3.0,0.59619504
2025-06,Акварель,DJ09006,4.0,0.7858451
2024-07,Антошка,DJ09006,0.0,0.39876267
2024-08,Антошка,DJ09006,1.0,0.16520892
2024-09,Антошка,DJ09006,2.0,0.181322
2024-10,Антошка,DJ09006,4.0,0.33667496
2024-11,Антошка,DJ09006,1.0,0.44850618
2024-12,Антошка,DJ09006,2.0,0.84381926
2025-01,Антошка,DJ09006,0.0,0.0
2025-02,Антошка,DJ09006,1.0,0.080323525
2025-03,Антошка,DJ09006,0.0,0.0
2025-04,Антошка,DJ09006,1.0,0.10631325
2025-05,Антошка,DJ09006,1.0,0.14083415
2025-06,Антошка,DJ09006,5.0,0.047766715
2024-07,БІ,DJ09006,2.0,1.3950351
2024-08,БІ,DJ09006,3.0,1.5484463
2024-09,БІ,DJ09006,5.0,0.95913666
2024-10,БІ,DJ09006,2.0,0.76560587
2024-11,БІ,DJ09006,3.0,1.0180014
2024-12,БІ,DJ09006,11.0,3.329861
2025-01,БІ,DJ09006,4.0,1.1245009
2025-02,БІ,DJ09006,2.0,0.78341854
2025-03,БІ,DJ09006,5.0,0.6559341
2025-04,БІ,DJ09006,5.0,0.6407021
2025-05,БІ,DJ09006,3.0,0.5770208
2025-06,БІ,DJ09006,1.0,0.6265027
2024-07,МайПлей,DJ09006,2.0,0.1673294
2024-08,МайПлей,DJ09006,1.0,0.03636722
2024-09,МайПлей,DJ09006,2.0,0.0
2024-10,МайПлей,DJ09006,3.0,0.06825421
2024-11,МайПлей,DJ09006,2.0,0.26339594
2024-12,МайПлей,DJ09006,2.0,0.84429586
2025-01,МайПлей,DJ09006,1.0,0.14363343
2025-02,МайПлей,DJ09006,0.0,0.0
2025-03,МайПлей,DJ09006,0.0,0.0
2025-04,МайПлей,DJ09006,1.0,0.0
2025-05,МайПлей,DJ09006,0.0,0.0
2025-06,МайПлей,DJ09006,2.0,0.008414364
2024-07,ІМ-Розетка,DJ09015,7.0,1.7597321
2024-08,ІМ-Розетка,DJ09015,5.0,2.639465
2024-09,ІМ-Розетка,DJ09015,5.0,1.4470243
2024-10,ІМ-Розетка,DJ09015,2.0,1.3436115
2024-11,ІМ-Розетка,DJ09015,12.0,2.2760575
2024-12,ІМ-Розетка,DJ09015,31.0,16.581388
2025-01,ІМ-Розетка,DJ09015,5.0,6.67675
2025-02,ІМ-Розетка,DJ09015,1.0,1.6016667
2025-03,ІМ-Розетка,DJ09015,0.0,0.9198359
2025-04,ІМ-Розетка,DJ09015,1.0,0.4853913
2025-05,ІМ-Розетка,DJ09015,0.0,0.5296973
2025-06,ІМ-Розетка,DJ09015,4.0,0.38309562
2024-07,Антошка,DJ09015,0.0,0.10178984
2024-08,Антошка,DJ09015,1.0,0.0
2024-09,Антошка,DJ09015,2.0,0.13976985
2024-10,Антошка,DJ09015,1.0,0.0
2024-11,Антошка,DJ09015,1.0,0.056508884
2024-12,Антошка,DJ09015,4.0,2.0505645
2025-01,Антошка,DJ09015,1.0,0.29026118
2025-02,Антошка,DJ09015,4.0,0.0
2025-03,Антошка,DJ09015,1.0,0.15559588
2025-04,Антошка,DJ09015,0.0,0.0
2025-05,Антошка,DJ09015,0.0,0.0
2025-06,Антошка,DJ09015,1.0,0.0
2024-07,БІ,DJ09015,19.0,6.603191
2024-08,БІ,DJ09015,17.0,10.251203
2024-09,БІ,DJ09015,18.0,9.217568
2024-10,БІ,DJ09015,7.0,7.8081656
2024-11,БІ,DJ09015,19.0,6.738792
2024-12,БІ,DJ09015,59.0,31.064297
2025-01,БІ,DJ09015,24.0,14.738466
2025-02,БІ,DJ09015,5.0,8.452802
2025-03,БІ,DJ09015,9.0,4.8688326
2025-04,БІ,DJ09015,15.0,4.2524643
2025-05,БІ,DJ09015,14.0,5.0999246
2025-06,БІ,DJ09015,9.0,5.132282
2024-07,Браін,DJ09015,0.0,0.0
2024-08,Браін,DJ09015,0.0,0.0
2024-09,Браін,DJ09015,0.0,0.0
2024-10,Браін,DJ09015,0.0,0.0
2024-11,Браін,DJ09015,0.0,0.0
2024-12,Браін,DJ09015,0.0,0.0
2025-01,Браін,DJ09015,1.0,0.0
2025-02,Браін,DJ09015,0.0,0.0
2025-03,Браін,DJ09015,4.0,0.0
2025-04,Браін,DJ09015,0.0,0.0
2025-05,Браін,DJ09015,1.0,0.0
2025-06,Браін,DJ09015,0.0,0.0
2024-07,МайПлей,DJ09015,1.0,0.0
2024-08,МайПлей,DJ09015,2.0,0.0
2024-09,МайПлей,DJ09015,1.0,0.0
2024-10,МайПлей,DJ09015,1.0,0.0
2024-11,МайПлей,DJ09015,2.0,0.0
2024-12,МайПлей,DJ09015,2.0,1.1840333
2025-01,МайПлей,DJ09015,1.0,0.30159658
2025-02,МайПлей,DJ09015,0.0,0.0
2025-03,МайПлей,DJ09015,0.0,0.0
2025-04,МайПлей,DJ09015,3.0,0.0
2025-05,МайПлей,DJ09015,0.0,0.0
2025-06,МайПлей,DJ09015,0.0,0.0
2024-07,Супрун ФОП,DJ09015,0.0,0.0
2024-08,Супрун ФОП,DJ09015,0.0,0.0
2024-09,Супрун ФОП,DJ09015,1.0,0.0
2024-10,Супрун ФОП,DJ09015,0.0,0.0
2024-11,Супрун ФОП,DJ09015,0.0,0.0
2024-12,Супрун ФОП,DJ09015,0.0,0.0
2025-01,Супрун ФОП,DJ09015,0.0,0.0
2025-02,Супрун ФОП,DJ09015,0.0,0.0
2025-03,Супрун ФОП,DJ09015,0.0,0.0
2025-04,Супрун ФОП,DJ09015,1.0,0.0
2025-05,Супрун ФОП,DJ09015,0.0,0.0
2025-06,Супрун ФОП,DJ09015,0.0,0.0
2024-07,Акварель,DJ09055,2.0,0.41855705
2024-08,Акварель,DJ09055,1.0,0.3237284
2024-09,Акварель,DJ09055,2.0,0.27473095
2024-10,Акварель,DJ09055,0.0,0.0
2024-11,Акварель,DJ09055,1.0,0.28917697
2024-12,Акварель,DJ09055,2.0,0.589784
2025-01,Акварель,DJ09055,1.0,0.12586598
2025-02,Акварель,DJ09055,0.0,0.0
2025-03,Акварель,DJ09055,0.0,0.0
2025-04,Акварель,DJ09055,0.0,0.0
2025-05,Акварель,DJ09055,2.0,0.0
2025-06,Акварель,DJ09055,0.0,0.0
2024-07,Віват Канцелярія,DJ09055,0.0,0.0
2024-08,Віват Канцелярія,DJ09055,0.0,0.0
2024-09,Віват Канцелярія,DJ09055,0.0,0.0
2024-10,Віват Канцелярія,DJ09055,1.0,0.0
2024-11,Віват Канцелярія,DJ09055,0.0,0.0
2024-12,Віват Канцелярія,DJ09055,0.0,0.028923586
2025-01,Віват Канцелярія,DJ09055,0.0,0.0
2025-02,Віват Канцелярія,DJ09055,0.0,0.0
2025-03,Віват Канцелярія,DJ09055,0.0,0.0
2025-04,Віват Канцелярія,DJ09055,0.0,0.0
2025-05,Віват Канцелярія,DJ09055,0.0,0.0
2025-06,Віват Канцелярія,DJ09055,0.0,0.0
2024-07,ІМ-Розетка,DJ09056,9.0,1.9977
2024-08,ІМ-Розетка,DJ09056,7.0,2.5609102
2024-09,ІМ-Розетка,DJ09056,7.0,1.6908779
2024-10,ІМ-Розетка,DJ09056,6.0,2.3220348
2024-11,ІМ-Розетка,DJ09056,4.0,2.2857032
2024-12,ІМ-Розетка,DJ09056,14.0,7.8755794
2025-01,ІМ-Розетка,DJ09056,2.0,2.4182732
2025-02,ІМ-Розетка,DJ09056,5.0,1.4316481
2025-03,ІМ-Розетка,DJ09056,3.0,1.6062841
2025-04,ІМ-Розетка,DJ09056,3.0,0.69331384
2025-05,ІМ-Розетка,DJ09056,1.0,0.86446846
2025-06,ІМ-Розетка,DJ09056,1.0,0.7146733
2024-07,Акварель,DJ09056,3.0,1.3185372
2024-08,Акварель,DJ09056,9.0,1.7249271
2024-09,Акварель,DJ09056,3.0,2.027841
2024-10,Акварель,DJ09056,3.0,2.054804
2024-11,Акварель,DJ09056,3.0,2.2075596
2024-12,Акварель,DJ09056,6.0,5.270423
2025-01,Акварель,DJ09056,3.0,1.6904093
2025-02,Акварель,DJ09056,2.0,1.5471885
2025-03,Акварель,DJ09056,5.0,1.1114687
2025-04,Акварель,DJ09056,4.0,1.0069202
2025-05,Акварель,DJ09056,4.0,0.9087757
2025-06,Акварель,DJ09056,0.0,1.0583335
2024-07,Антошка,DJ09056,4.0,0.4308669
2024-08,Антошка,DJ09056,2.0,0.3995084
2024-09,Антошка,DJ09056,2.0,0.30206805
2024-10,Антошка,DJ09056,0.0,0.4160192
2024-11,Антошка,DJ09056,0.0,0.322387
2024-12,Антошка,DJ09056,1.0,1.2195119
2025-01,Антошка,DJ09056,1.0,0.17292888
2025-02,Антошка,DJ09056,4.0,0.16047776
2025-03,Антошка,DJ09056,3.0,0.34466434
2025-04,Антошка,DJ09056,1.0,0.14139888
2025-05,Антошка,DJ09056,2.0,0.1460226
2025-06,Антошка,DJ09056,1.0,0.0
2024-07,БІ,DJ09056,18.0,5.447788
2024-08,БІ,DJ09056,19.0,6.881306
2024-09,БІ,DJ09056,15.0,6.8939924
2024-10,БІ,DJ09056,15.0,7.0546174
2024-11,БІ,DJ09056,12.0,6.737098
2024-12,БІ,DJ09056,36.0,16.4826
2025-01,БІ,DJ09056,10.0,8.434265
2025-02,БІ,DJ09056,19.0,8.150011
2025-03,БІ,DJ09056,24.0,10.262203
2025-04,БІ,DJ09056,12.0,6.102439
2025-05,БІ,DJ09056,4.0,5.7561913
2025-06,БІ,DJ09056,14.0,3.084774
2024-07,МайПлей,DJ09056,0.0,0.040874757
2024-08,МайПлей,DJ09056,1.0,0.0
2024-09,МайПлей,DJ09056,0.0,0.0
2024-10,МайПлей,DJ09056,2.0,0.0
2024-11,МайПлей,DJ09056,0.0,0.0
2024-12,МайПлей,DJ09056,1.0,0.311653
2025-01,МайПлей,DJ09056,0.0,0.0
2025-02,МайПлей,DJ09056,0.0,0.0
2025-03,МайПлей,DJ09056,0.0,0.0
2025-04,МайПлей,DJ09056,2.0,0.0
2025-05,МайПлей,DJ09056,2.0,0.0
2025-06,МайПлей,DJ09056,2.0,0.0
2024-07,Мегамаркет,DJ09056,0.0,0.054397155
2024-08,Мегамаркет,DJ09056,0.0,0.045665167
2024-09,Мегамаркет,DJ09056,1.0,0.0
2024-10,Мегамаркет,DJ09056,1.0,0.0
2024-11,Мегамаркет,DJ09056,1.0,0.052177917
2024-12,Мегамаркет,DJ09056,0.0,0.17781627
2025-01,Мегамаркет,DJ09056,0.0,0.0
2025-02,Мегамаркет,DJ09056,0.0,0.0
2025-03,Мегамаркет,DJ09056,0.0,0.0
2025-04,Мегамаркет,DJ09056,0.0,0.0
2025-05,Мегамаркет,DJ09056,0.0,0.0
2025-06,Мегамаркет,DJ09056,0.0,0.0
2024-07,ІМ-Розетка,DJ09063,0.0,0.0
2024-08,ІМ-Розетка,DJ09063,0.0,0.0
2024-09,ІМ-Розетка,DJ09063,0.0,0.0
2024-10,ІМ-Розетка,DJ09063,1.0,0.0
2024-11,ІМ-Розетка,DJ09063,1.0,0.047213785
2024-12,ІМ-Розетка,DJ09063,3.0,1.7177367
2025-01,ІМ-Розетка,DJ09063,0.0,0.14799589
2025-02,ІМ-Розетка,DJ09063,0.0,0.0
2025-03,ІМ-Розетка,DJ09063,0.0,0.0
2025-04,ІМ-Розетка,DJ09063,0.0,0.0
2025-05,ІМ-Розетка,DJ09063,2.0,0.0
2025-06,ІМ-Розетка,DJ09063,1.0,0.0
2024-07,Акварель,DJ09063,5.0,1.4714968
2024-08,Акварель,DJ09063,4.0,1.5466042
2024-09,Акварель,DJ09063,4.0,1.4252626
2024-10,Акварель,DJ09063,5.0,2.1505058
2024-11,Акварель,DJ09063,8.0,2.1901267
2024-12,Акварель,DJ09063,5.0,3.5036452
2025-01,Акварель,DJ09063,4.0,2.021323
2025-02,Акварель,DJ09063,9.0,1.8563296
2025-03,Акварель,DJ09063,3.0,1.9411922
2025-04,Акварель,DJ09063,7.0,1.5156673
2025-05,Акварель,DJ09063,1.0,1.6468134
2025-06,Акварель,DJ09063,2.0,1.6788824
2024-07,Антошка,DJ09063,5.0,1.6873347
2024-08,Антошка,DJ09063,6.0,1.5952392
2024-09,Антошка,DJ09063,3.0,1.4901961
2024-10,Антошка,DJ09063,9.0,2.3343658
2024-11,Антошка,DJ09063,5.0,2.1511142
2024-12,Антошка,DJ09063,7.0,3.4440799
2025-01,Антошка,DJ09063,1.0,0.9905684
2025-02,Антошка,DJ09063,3.0,1.2562913
2025-03,Антошка,DJ09063,5.0,1.0915794
2025-04,Антошка,DJ09063,2.0,0.98856807
2025-05,Антошка,DJ09063,6.0,1.0110364
2025-06,Антошка,DJ09063,0.0,1.052547
2024-07,БІ,DJ09063,1.0,0.9096922
2024-08,БІ,DJ09063,2.0,0.7074125
2024-09,БІ,DJ09063,1.0,0.7257325
2024-10,БІ,DJ09063,7.0,1.0161273
2024-11,БІ,DJ09063,3.0,1.131892
2024-12,БІ,DJ09063,6.0,2.4740002
2025-01,БІ,DJ09063,2.0,0.9250533
2025-02,БІ,DJ09063,5.0,0.81109864
2025-03,БІ,DJ09063,2.0,0.6001878
2025-04,БІ,DJ09063,2.0,0.38688228
2025-05,БІ,DJ09063,0.0,0.19102302
2025-06,БІ,DJ09063,0.0,0.37552232
2024-07,МайПлей,DJ09063,0.0,0.0
2024-08,МайПлей,DJ09063,3.0,0.0
2024-09,МайПлей,DJ09063,1.0,0.016585307
2024-10,МайПлей,DJ09063,1.0,0.097300105
2024-11,МайПлей,DJ09063,0.0,0.014892168
2024-12,МайПлей,DJ09063,2.0,0.19553119
2025-01,МайПлей,DJ09063,0.0,0.0
2025-02,МайПлей,DJ09063,0.0,0.0
2025-03,МайПлей,DJ09063,0.0,0.0
2025-04,МайПлей,DJ09063,1.0,0.0
2025-05,МайПлей,DJ09063,0.0,0.0
2025-06,МайПлей,DJ09063,0.0,0.0
2024-07,Мегамаркет,DJ09063,0.0,0.0
2024-08,Мегамаркет,DJ09063,0.0,0.0
2024-09,Мегамаркет,DJ09063,0.0,0.0
2024-10,Мегамаркет,DJ09063,1.0,0.0
2024-11,Мегамаркет,DJ09063,1.0,0.0
2024-12,Мегамаркет,DJ09063,0.0,0.14385973
2025-01,Мегамаркет,DJ09063,0.0,0.0
2025-02,Мегамаркет,DJ09063,0.0,0.0
2025-03,Мегамаркет,DJ09063,0.0,0.0
2025-04,Мегамаркет,DJ09063,1.0,0.0
2025-05,Мегамаркет,DJ09063,0.0,0.0
2025-06,Мегамаркет,DJ09063,0.0,0.0
2024-07,Смік,DJ09063,0.0,0.0
2024-08,Смік,DJ09063,0.0,0.0
2024-09,Смік,DJ09063,0.0,0.0
2024-10,Смік,DJ09063,0.0,0.0
2024-11,Смік,DJ09063,0.0,0.0
2024-12,Смік,DJ09063,0.0,0.0
2025-01,Смік,DJ09063,0.0,0.0
2025-02,Смік,DJ09063,0.0,0.0
2025-03,Смік,DJ09063,0.0,0.041626286
2025-04,Смік,DJ09063,1.0,0.110519186
2025-05,Смік,DJ09063,1.0,0.0124363145
2025-06,Смік,DJ09063,0.0,0.0
2024-07,ІМ-МауДау,DJ09064,0.0,0.0
2024-08,ІМ-МауДау,DJ09064,0.0,0.0
2024-09,ІМ-МауДау,DJ09064,0.0,0.0
2024-10,ІМ-МауДау,DJ09064,0.0,0.0
2024-11,ІМ-МауДау,DJ09064,0.0,0.0
2024-12,ІМ-МауДау,DJ09064,0.0,0.0
2025-01,ІМ-МауДау,DJ09064,0.0,0.0
2025-02,ІМ-МауДау,DJ09064,2.0,0.0
2025-03,ІМ-МауДау,DJ09064,1.0,0.0
2025-04,ІМ-МауДау,DJ09064,0.0,0.0
2025-05,ІМ-МауДау,DJ09064,0.0,0.0
2025-06,ІМ-МауДау,DJ09064,1.0,0.0
2024-07,ІМ-Розетка,DJ09064,0.0,0.0
2024-08,ІМ-Розетка,DJ09064,0.0,0.0
2024-09,ІМ-Розетка,DJ09064,0.0,0.0
2024-10,ІМ-Розетка,DJ09064,1.0,0.0
2024-11,ІМ-Розетка,DJ09064,2.0,0.099488154
2024-12,ІМ-Розетка,DJ09064,0.0,1.6559253
2025-01,ІМ-Розетка,DJ09064,1.0,0.0
2025-02,ІМ-Розетка,DJ09064,1.0,0.0
2025-03,ІМ-Розетка,DJ09064,0.0,0.0
2025-04,ІМ-Розетка,DJ09064,2.0,0.0
2025-05,ІМ-Розетка,DJ09064,0.0,0.0
2025-06,ІМ-Розетка,DJ09064,1.0,0.0
2024-07,Акварель,DJ09064,7.0,1.9257244
2024-08,Акварель,DJ09064,4.0,2.6706657
2024-09,Акварель,DJ09064,7.0,1.8303335
2024-10,Акварель,DJ09064,4.0,2.0166564
2024-11,Акварель,DJ09064,4.0,2.7802913
2024-12,Акварель,DJ09064,13.0,5.783184
2025-01,Акварель,DJ09064,10.0,2.8131702
2025-02,Акварель,DJ09064,6.0,3.3926117
2025-03,Акварель,DJ09064,7.0,3.372062
2025-04,Акварель,DJ09064,6.0,2.0643425
2025-05,Акварель,DJ09064,4.0,2.3474002
2025-06,Акварель,DJ09064,6.0,2.4147224
2024-07,Антошка,DJ09064,20.0,6.5877404
2024-08,Антошка,DJ09064,6.0,6.0271883
2024-09,Антошка,DJ09064,5.0,3.3398364
2024-10,Антошка,DJ09064,9.0,2.8760946
2024-11,Антошка,DJ09064,10.0,3.0944679
2024-12,Антошка,DJ09064,22.0,9.230014
2025-01,Антошка,DJ09064,14.0,4.8675632
2025-02,Антошка,DJ09064,12.0,5.444719
2025-03,Антошка,DJ09064,20.0,6.760494
2025-04,Антошка,DJ09064,13.0,4.348415
2025-05,Антошка,DJ09064,10.0,4.0183764
2025-06,Антошка,DJ09064,8.0,3.6827786
2024-07,БІ,DJ09064,18.0,12.629525
2024-08,БІ,DJ09064,17.0,8.500015
2024-09,БІ,DJ09064,17.0,7.0505705
2024-10,БІ,DJ09064,22.0,8.23447
2024-11,БІ,DJ09064,21.0,9.611499
2024-12,БІ,DJ09064,68.0,24.40818
2025-01,БІ,DJ09064,26.0,14.76648
2025-02,БІ,DJ09064,30.0,12.405566
2025-03,БІ,DJ09064,29.0,14.935418
2025-04,БІ,DJ09064,22.0,7.788125
2025-05,БІ,DJ09064,13.0,7.881119
2025-06,БІ,DJ09064,21.0,6.8721795
2024-07,Епіцентр,DJ09064,0.0,0.0
2024-08,Епіцентр,DJ09064,0.0,0.0
2024-09,Епіцентр,DJ09064,0.0,0.0
2024-10,Епіцентр,DJ09064,0.0,0.0
2024-11,Епіцентр,DJ09064,0.0,0.0
2024-12,Епіцентр,DJ09064,0.0,0.52868724
2025-01,Епіцентр,DJ09064,0.0,0.0
2025-02,Епіцентр,DJ09064,0.0,0.0
2025-03,Епіцентр,DJ09064,1.0,0.0
2025-04,Епіцентр,DJ09064,0.0,0.0
2025-05,Епіцентр,DJ09064,0.0,0.0
2025-06,Епіцентр,DJ09064,0.0,0.44323817
2024-07,МайПлей,DJ09064,2.0,0.5136714
2024-08,МайПлей,DJ09064,0.0,0.058197778
2024-09,МайПлей,DJ09064,3.0,0.0
2024-10,МайПлей,DJ09064,0.0,0.090307035
2024-11,МайПлей,DJ09064,0.0,0.042936992
2024-12,МайПлей,DJ09064,5.0,0.7666963
2025-01,МайПлей,DJ09064,3.0,0.50371975
2025-02,МайПлей,DJ09064,1.0,0.470607
2025-03,МайПлей,DJ09064,1.0,0.28414175
2025-04,МайПлей,DJ09064,0.0,0.0
2025-05,МайПлей,DJ09064,0.0,0.0
2025-06,МайПлей,DJ09064,1.0,0.0
2024-07,Мегамаркет,DJ09064,1.0,0.0
2024-08,Мегамаркет,DJ09064,3.0,0.009344094
2024-09,Мегамаркет,DJ09064,0.0,0.0
2024-10,Мегамаркет,DJ09064,0.0,0.0
2024-11,Мегамаркет,DJ09064,0.0,0.0
2024-12,Мегамаркет,DJ09064,0.0,0.4152767
2025-01,Мегамаркет,DJ09064,0.0,0.0
2025-02,Мегамаркет,DJ09064,0.0,0.0
2025-03,Мегамаркет,DJ09064,0.0,0.0
2025-04,Мегамаркет,DJ09064,1.0,0.0
2025-05,Мегамаркет,DJ09064,1.0,0.0
2025-06,Мегамаркет,DJ09064,0.0,0.0
2024-07,ІМ-Розетка,DJ09065,0.0,0.0
2024-08,ІМ-Розетка,DJ09065,0.0,0.0
2024-09,ІМ-Розетка,DJ09065,0.0,0.0
2024-10,ІМ-Розетка,DJ09065,0.0,0.0
2024-11,ІМ-Розетка,DJ09065,1.0,0.0
2024-12,ІМ-Розетка,DJ09065,1.0,2.0245323
2025-01,ІМ-Розетка,DJ09065,0.0,0.046121217
2025-02,ІМ-Розетка,DJ09065,1.0,0.0
2025-03,ІМ-Розетка,DJ09065,1.0,0.0
2025-04,ІМ-Розетка,DJ09065,1.0,0.0
2025-05,ІМ-Розетка,DJ09065,0.0,0.0
2025-06,ІМ-Розетка,DJ09065,0.0,0.0
2024-07,Акварель,DJ09065,2.0,1.5236547
2024-08,Акварель,DJ09065,4.0,1.5496533
2024-09,Акварель,DJ09065,4.0,1.3996766
2024-10,Акварель,DJ09065,2.0,1.684008
2024-11,Акварель,DJ09065,3.0,1.6823207
2024-12,Акварель,DJ09065,12.0,3.824813
2025-01,Акварель,DJ09065,4.0,2.1620584
2025-02,Акварель,DJ09065,5.0,2.2059243
2025-03,Акварель,DJ09065,5.0,1.8664501
2025-04,Акварель,DJ09065,2.0,1.7133034
2025-05,Акварель,DJ09065,5.0,1.5392373
2025-06,Акварель,DJ09065,3.0,1.7085387
2024-07,Антошка,DJ09065,4.0,0.31549954
2024-08,Антошка,DJ09065,1.0,0.28781867
2024-09,Антошка,DJ09065,2.0,0.38995302
2024-10,Антошка,DJ09065,0.0,0.27874154
2024-11,Антошка,DJ09065,1.0,0.21449299
2024-12,Антошка,DJ09065,2.0,0.8924112
2025-01,Антошка,DJ09065,2.0,0.0982168
2025-02,Антошка,DJ09065,4.0,0.3217013
2025-03,Антошка,DJ09065,0.0,0.19395754
2025-04,Антошка,DJ09065,1.0,0.11517355
2025-05,Антошка,DJ09065,1.0,0.0
2025-06,Антошка,DJ09065,0.0,0.0
2024-07,БІ,DJ09065,7.0,3.22194
2024-08,БІ,DJ09065,3.0,2.7476075
2024-09,БІ,DJ09065,7.0,2.8377867
2024-10,БІ,DJ09065,3.0,2.2711935
2024-11,БІ,DJ09065,4.0,3.1617692
2024-12,БІ,DJ09065,10.0,5.617681
2025-01,БІ,DJ09065,10.0,2.4267433
2025-02,БІ,DJ09065,9.0,3.3974643
2025-03,БІ,DJ09065,9.0,3.550782
2025-04,БІ,DJ09065,3.0,1.5427058
2025-05,БІ,DJ09065,3.0,2.1017475
2025-06,БІ,DJ09065,1.0,1.8535769
2024-07,МайПлей,DJ09065,2.0,0.23656544
2024-08,МайПлей,DJ09065,3.0,0.22142889
2024-09,МайПлей,DJ09065,3.0,0.32725713
2024-10,МайПлей,DJ09065,1.0,0.23113033
2024-11,МайПлей,DJ09065,0.0,0.09645025
2024-12,МайПлей,DJ09065,1.0,0.5248393
2025-01,МайПлей,DJ09065,1.0,0.038878646
2025-02,МайПлей,DJ09065,1.0,0.33134234
2025-03,МайПлей,DJ09065,0.0,0.18022463
2025-04,МайПлей,DJ09065,0.0,0.0
2025-05,МайПлей,DJ09065,0.0,0.0
2025-06,МайПлей,DJ09065,1.0,0.0
2024-07,Смік,DJ09065,0.0,0.0
2024-08,Смік,DJ09065,0.0,0.0
2024-09,Смік,DJ09065,0.0,0.0
2024-10,Смік,DJ09065,0.0,0.0
2024-11,Смік,DJ09065,0.0,0.0
2024-12,Смік,DJ09065,0.0,0.0
2025-01,Смік,DJ09065,0.0,0.0
2025-02,Смік,DJ09065,0.0,0.0
2025-03,Смік,DJ09065,1.0,0.117613055
2025-04,Смік,DJ09065,2.0,0.38354614
2025-05,Смік,DJ09065,4.0,0.11567138
2025-06,Смік,DJ09065,0.0,0.0
2024-07,ІМ-МауДау,DJ09066,0.0,0.0
2024-08,ІМ-МауДау,DJ09066,0.0,0.0
2024-09,ІМ-МауДау,DJ09066,0.0,0.0
2024-10,ІМ-МауДау,DJ09066,0.0,0.0
2024-11,ІМ-МауДау,DJ09066,0.0,0.0
2024-12,ІМ-МауДау,DJ09066,0.0,0.0
2025-01,ІМ-МауДау,DJ09066,0.0,0.0
2025-02,ІМ-МауДау,DJ09066,0.0,0.0
2025-03,ІМ-МауДау,DJ09066,0.0,0.0
2025-04,ІМ-МауДау,DJ09066,0.0,0.0
2025-05,ІМ-МауДау,DJ09066,0.0,0.0
2025-06,ІМ-МауДау,DJ09066,0.0,0.0
2024-07,ІМ-Розетка,DJ09066,0.0,0.0
2024-08,ІМ-Розетка,DJ09066,0.0,0.0
2024-09,ІМ-Розетка,DJ09066,0.0,0.0
2024-10,ІМ-Розетка,DJ09066,0.0,0.0
2024-11,ІМ-Розетка,DJ09066,1.0,0.0
2024-12,ІМ-Розетка,DJ09066,0.0,0.027199367
2025-01,ІМ-Розетка,DJ09066,0.0,0.0
2025-02,ІМ-Розетка,DJ09066,0.0,0.0
2025-03,ІМ-Розетка,DJ09066,0.0,0.0
2025-04,ІМ-Розетка,DJ09066,1.0,0.0
2025-05,ІМ-Розетка,DJ09066,0.0,0.0
2025-06,ІМ-Розетка,DJ09066,0.0,0.0
2024-07,Акварель,DJ09066,6.0,1.9238151
2024-08,Акварель,DJ09066,4.0,2.0486603
2024-09,Акварель,DJ09066,3.0,1.6843698
2024-10,Акварель,DJ09066,3.0,2.1774297
2024-11,Акварель,DJ09066,3.0,1.8823334
2024-12,Акварель,DJ09066,11.0,4.757239
2025-01,Акварель,DJ09066,4.0,1.9380124
2025-02,Акварель,DJ09066,4.0,2.1990335
2025-03,Акварель,DJ09066,6.0,1.7686
2025-04,Акварель,DJ09066,5.0,1.6191636
2025-05,Акварель,DJ09066,5.0,1.7024562
2025-06,Акварель,DJ09066,10.0,3.19982
2024-07,Антошка,DJ09066,10.0,1.5600864
2024-08,Антошка,DJ09066,5.0,1.9060593
2024-09,Антошка,DJ09066,5.0,1.6167597
2024-10,Антошка,DJ09066,2.0,1.4895318
2024-11,Антошка,DJ09066,5.0,1.2510487
2024-12,Антошка,DJ09066,8.0,4.017964
2025-01,Антошка,DJ09066,4.0,1.5669595
2025-02,Антошка,DJ09066,9.0,2.4363384
2025-03,Антошка,DJ09066,5.0,2.507833
2025-04,Антошка,DJ09066,4.0,1.0992163
2025-05,Антошка,DJ09066,8.0,1.6815735
2025-06,Антошка,DJ09066,8.0,2.9564047
2024-07,БІ,DJ09066,2.0,2.988635
2024-08,БІ,DJ09066,5.0,2.6445909
2024-09,БІ,DJ09066,4.0,2.034408
2024-10,БІ,DJ09066,4.0,2.025599
2024-11,БІ,DJ09066,7.0,2.482335
2024-12,БІ,DJ09066,19.0,5.7473183
2025-01,БІ,DJ09066,4.0,2.2421777
2025-02,БІ,DJ09066,7.0,2.70957
2025-03,БІ,DJ09066,6.0,2.102465
2025-04,БІ,DJ09066,3.0,1.4944643
2025-05,БІ,DJ09066,1.0,1.8932662
2025-06,БІ,DJ09066,9.0,2.624673
2024-07,МайПлей,DJ09066,5.0,0.20907402
2024-08,МайПлей,DJ09066,0.0,0.17913623
2024-09,МайПлей,DJ09066,0.0,0.0
2024-10,МайПлей,DJ09066,2.0,0.0
2024-11,МайПлей,DJ09066,2.0,0.0
2024-12,МайПлей,DJ09066,0.0,0.6746454
2025-01,МайПлей,DJ09066,1.0,0.08658598
2025-02,МайПлей,DJ09066,0.0,0.05431901
2025-03,МайПлей,DJ09066,1.0,0.0
2025-04,МайПлей,DJ09066,1.0,0.0
2025-05,МайПлей,DJ09066,1.0,0.0
2025-06,МайПлей,DJ09066,3.0,0.07392252
2024-07,СмартТойс,DJ09066,0.0,0.0
2024-08,СмартТойс,DJ09066,0.0,0.0
2024-09,СмартТойс,DJ09066,0.0,0.0
2024-10,СмартТойс,DJ09066,0.0,0.0
2024-11,СмартТойс,DJ09066,0.0,0.0
2024-12,СмартТойс,DJ09066,0.0,0.0
2025-01,СмартТойс,DJ09066,0.0,0.0
2025-02,СмартТойс,DJ09066,0.0,0.0
2025-03,СмартТойс,DJ09066,0.0,0.0
2025-04,СмартТойс,DJ09066,0.0,0.0
2025-05,СмартТойс,DJ09066,1.0,0.0
2025-06,СмартТойс,DJ09066,1.0,0.0
2024-07,ІМ-Розетка,DJ09071,0.0,0.0
2024-08,ІМ-Розетка,DJ09071,0.0,0.0
2024-09,ІМ-Розетка,DJ09071,0.0,0.0
2024-10,ІМ-Розетка,DJ09071,0.0,0.0
2024-11,ІМ-Розетка,DJ09071,2.0,0.0025676615
2024-12,ІМ-Розетка,DJ09071,6.0,1.7531189
2025-01,ІМ-Розетка,DJ09071,2.0,0.8430306
2025-02,ІМ-Розетка,DJ09071,0.0,0.0
2025-03,ІМ-Розетка,DJ09071,2.0,0.060604557
2025-04,ІМ-Розетка,DJ09071,1.0,0.0937514
2025-05,ІМ-Розетка,DJ09071,1.0,0.14000234
2025-06,ІМ-Розетка,DJ09071,2.0,0.06880633
2024-07,Акварель,DJ09071,1.0,0.34743962
2024-08,Акварель,DJ09071,0.0,0.41339532
2024-09,Акварель,DJ09071,2.0,0.05947326
2024-10,Акварель,DJ09071,0.0,0.30400902
2024-11,Акварель,DJ09071,3.0,0.36258507
2024-12,Акварель,DJ09071,3.0,1.5610149
2025-01,Акварель,DJ09071,3.0,0.5923615
2025-02,Акварель,DJ09071,2.0,0.52686596
2025-03,Акварель,DJ09071,0.0,0.0
2025-04,Акварель,DJ09071,1.0,0.2938098
2025-05,Акварель,DJ09071,1.0,0.44024703
2025-06,Акварель,DJ09071,1.0,0.5860247
2024-07,Антошка,DJ09071,3.0,0.5315119
2024-08,Антошка,DJ09071,5.0,0.533727
2024-09,Антошка,DJ09071,2.0,0.7013758
2024-10,Антошка,DJ09071,2.0,0.6873726
2024-11,Антошка,DJ09071,5.0,0.8398691
2024-12,Антошка,DJ09071,8.0,2.0448358
2025-01,Антошка,DJ09071,4.0,1.1047435
2025-02,Антошка,DJ09071,1.0,0.6719171
2025-03,Антошка,DJ09071,1.0,0.37426832
2025-04,Антошка,DJ09071,1.0,0.248709
2025-05,Антошка,DJ09071,0.0,0.0
2025-06,Антошка,DJ09071,2.0,0.44297975
2024-07,БІ,DJ09071,4.0,2.5504677
2024-08,БІ,DJ09071,5.0,1.7295169
2024-09,БІ,DJ09071,10.0,1.5959177
2024-10,БІ,DJ09071,10.0,2.757724
2024-11,БІ,DJ09071,6.0,3.483444
2024-12,БІ,DJ09071,15.0,7.208283
2025-01,БІ,DJ09071,7.0,2.7908096
2025-02,БІ,DJ09071,2.0,1.6789988
2025-03,БІ,DJ09071,3.0,1.17189
2025-04,БІ,DJ09071,2.0,0.8614153
2025-05,БІ,DJ09071,5.0,0.79744995
2025-06,БІ,DJ09071,2.0,1.8563936
2024-07,МайПлей,DJ09071,1.0,0.0
2024-08,МайПлей,DJ09071,0.0,0.0
2024-09,МайПлей,DJ09071,0.0,0.0
2024-10,МайПлей,DJ09071,0.0,0.0
2024-11,МайПлей,DJ09071,1.0,0.0
2024-12,МайПлей,DJ09071,1.0,0.16057965
2025-01,МайПлей,DJ09071,1.0,0.0
2025-02,МайПлей,DJ09071,0.0,0.0
2025-03,МайПлей,DJ09071,1.0,0.0
2025-04,МайПлей,DJ09071,0.0,0.0
2025-05,МайПлей,DJ09071,0.0,0.0
2025-06,МайПлей,DJ09071,0.0,0.0
2024-07,Смік,DJ09071,0.0,0.0
2024-08,Смік,DJ09071,1.0,0.0
2024-09,Смік,DJ09071,1.0,0.0
2024-10,Смік,DJ09071,0.0,0.0
2024-11,Смік,DJ09071,1.0,0.0
2024-12,Смік,DJ09071,0.0,0.0
2025-01,Смік,DJ09071,1.0,0.0
2025-02,Смік,DJ09071,0.0,0.0
2025-03,Смік,DJ09071,0.0,0.0
2025-04,Смік,DJ09071,0.0,0.0
2025-05,Смік,DJ09071,0.0,0.0
2025-06,Смік,DJ09071,2.0,0.0
2024-07,ІМ-Розетка,DJ09072,0.0,0.0
2024-08,ІМ-Розетка,DJ09072,2.0,0.10838681
2024-09,ІМ-Розетка,DJ09072,1.0,0.335948
2024-10,ІМ-Розетка,DJ09072,0.0,0.018484859
2024-11,ІМ-Розетка,DJ09072,0.0,0.020991167
2024-12,ІМ-Розетка,DJ09072,0.0,1.3518054
2025-01,ІМ-Розетка,DJ09072,1.0,0.0
2025-02,ІМ-Розетка,DJ09072,0.0,0.0
2025-03,ІМ-Розетка,DJ09072,0.0,0.0
2025-04,ІМ-Розетка,DJ09072,0.0,0.0
2025-05,ІМ-Розетка,DJ09072,3.0,0.0
2025-06,ІМ-Розетка,DJ09072,2.0,0.3568047
2024-07,Акварель,DJ09072,3.0,0.45591792
2024-08,Акварель,DJ09072,6.0,0.6481358
2024-09,Акварель,DJ09072,1.0,0.74800366
2024-10,Акварель,DJ09072,0.0,0.78758436
2024-11,Акварель,DJ09072,3.0,0.44668716
2024-12,Акварель,DJ09072,5.0,1.5620266
2025-01,Акварель,DJ09072,0.0,0.76188374
2025-02,Акварель,DJ09072,2.0,0.42344132
2025-03,Акварель,DJ09072,2.0,0.45710346
2025-04,Акварель,DJ09072,1.0,0.56979865
2025-05,Акварель,DJ09072,3.0,0.7374001
2025-06,Акварель,DJ09072,0.0,0.0
2024-07,Антошка,DJ09072,1.0,0.0
2024-08,Антошка,DJ09072,0.0,0.0
2024-09,Антошка,DJ09072,0.0,0.0
2024-10,Антошка,DJ09072,0.0,0.0
2024-11,Антошка,DJ09072,0.0,0.0
2024-12,Антошка,DJ09072,1.0,0.0
2025-01,Антошка,DJ09072,0.0,0.0
2025-02,Антошка,DJ09072,0.0,0.0
2025-03,Антошка,DJ09072,0.0,0.0
2025-04,Антошка,DJ09072,0.0,0.0
2025-05,Антошка,DJ09072,0.0,0.0
2025-06,Антошка,DJ09072,0.0,0.0
2024-07,БІ,DJ09072,2.0,0.41152066
2024-08,БІ,DJ09072,2.0,0.42093834
2024-09,БІ,DJ09072,0.0,0.17521092
2024-10,БІ,DJ09072,1.0,0.047532607
2024-11,БІ,DJ09072,1.0,0.34353137
2024-12,БІ,DJ09072,7.0,0.88479406
2025-01,БІ,DJ09072,6.0,0.8828776
2025-02,БІ,DJ09072,6.0,0.86343634
2025-03,БІ,DJ09072,3.0,0.6923789
2025-04,БІ,DJ09072,3.0,0.5103446
2025-05,БІ,DJ09072,2.0,0.46539047
2025-06,БІ,DJ09072,2.0,0.17054234
2024-07,МайПлей,DJ09072,0.0,0.0
2024-08,МайПлей,DJ09072,1.0,0.0
2024-09,МайПлей,DJ09072,1.0,0.0
2024-10,МайПлей,DJ09072,1.0,0.0
2024-11,МайПлей,DJ09072,1.0,0.0
2024-12,МайПлей,DJ09072,0.0,0.13958779
2025-01,МайПлей,DJ09072,1.0,0.0
2025-02,МайПлей,DJ09072,0.0,0.0
2025-03,МайПлей,DJ09072,0.0,0.0
2025-04,МайПлей,DJ09072,0.0,0.0
2025-05,МайПлей,DJ09072,0.0,0.0
2025-06,МайПлей,DJ09072,0.0,0.0
2024-07,Смік,DJ09072,1.0,0.0
2024-08,Смік,DJ09072,4.0,0.0
2024-09,Смік,DJ09072,3.0,0.09954347
2024-10,Смік,DJ09072,1.0,0.07526035
2024-11,Смік,DJ09072,1.0,0.0
2024-12,Смік,DJ09072,0.0,0.20710045
2025-01,Смік,DJ09072,0.0,0.0
2025-02,Смік,DJ09072,3.0,0.0
2025-03,Смік,DJ09072,1.0,0.0
2025-04,Смік,DJ09072,0.0,0.0
2025-05,Смік,DJ09072,2.0,0.0
2025-06,Смік,DJ09072,3.0,0.0
2024-07,ІМ-Розетка,DJ09073,2.0,0.3848045
2024-08,ІМ-Розетка,DJ09073,1.0,0.2810426
2024-09,ІМ-Розетка,DJ09073,0.0,0.0
2024-10,ІМ-Розетка,DJ09073,0.0,0.0
2024-11,ІМ-Розетка,DJ09073,1.0,0.027216021
2024-12,ІМ-Розетка,DJ09073,1.0,1.4110634
2025-01,ІМ-Розетка,DJ09073,0.0,0.0
2025-02,ІМ-Розетка,DJ09073,0.0,0.0
2025-03,ІМ-Розетка,DJ09073,0.0,0.0
2025-04,ІМ-Розетка,DJ09073,2.0,0.0
2025-05,ІМ-Розетка,DJ09073,2.0,0.16974926
2025-06,ІМ-Розетка,DJ09073,1.0,0.1468739
2024-07,Акварель,DJ09073,1.0,0.31093064
2024-08,Акварель,DJ09073,1.0,0.3782331
2024-09,Акварель,DJ09073,2.0,0.325997
2024-10,Акварель,DJ09073,2.0,0.45734346
2024-11,Акварель,DJ09073,1.0,0.2966634
2024-12,Акварель,DJ09073,5.0,1.196936
2025-01,Акварель,DJ09073,1.0,0.68359244
2025-02,Акварель,DJ09073,0.0,0.0
2025-03,Акварель,DJ09073,1.0,0.19786963
2025-04,Акварель,DJ09073,2.0,0.30366886
2025-05,Акварель,DJ09073,0.0,0.0
2025-06,Акварель,DJ09073,3.0,0.33920535
2024-07,Антошка,DJ09073,0.0,0.0
2024-08,Антошка,DJ09073,1.0,0.0
2024-09,Антошка,DJ09073,0.0,0.0
2024-10,Антошка,DJ09073,0.0,0.0
2024-11,Антошка,DJ09073,1.0,0.0
2024-12,Антошка,DJ09073,2.0,0.36679566
2025-01,Антошка,DJ09073,0.0,0.0
2025-02,Антошка,DJ09073,0.0,0.0
2025-03,Антошка,DJ09073,1.0,0.07651257
2025-04,Антошка,DJ09073,1.0,0.0071035204
2025-05,Антошка,DJ09073,1.0,0.02921095
2025-06,Антошка,DJ09073,0.0,0.0
2024-07,БІ,DJ09073,5.0,0.3746032
2024-08,БІ,DJ09073,0.0,0.74172944
2024-09,БІ,DJ09073,1.0,0.4282515
2024-10,БІ,DJ09073,2.0,0.36386484
2024-11,БІ,DJ09073,1.0,0.5538156
2024-12,БІ,DJ09073,5.0,1.5515195
2025-01,БІ,DJ09073,2.0,0.765925
2025-02,БІ,DJ09073,2.0,0.6114324
2025-03,БІ,DJ09073,1.0,0.20273753
2025-04,БІ,DJ09073,0.0,0.0
2025-05,БІ,DJ09073,3.0,0.22935036
2025-06,БІ,DJ09073,3.0,0.41966546
2024-07,МайПлей,DJ09073,0.0,0.0
2024-08,МайПлей,DJ09073,1.0,0.0
2024-09,МайПлей,DJ09073,1.0,0.0
2024-10,МайПлей,DJ09073,0.0,0.0
2024-11,МайПлей,DJ09073,0.0,0.0
2024-12,МайПлей,DJ09073,3.0,0.27484053
2025-01,МайПлей,DJ09073,1.0,0.047339506
2025-02,МайПлей,DJ09073,0.0,0.0
2025-03,МайПлей,DJ09073,0.0,0.0
2025-04,МайПлей,DJ09073,1.0,0.0
2025-05,МайПлей,DJ09073,2.0,0.0
2025-06,МайПлей,DJ09073,1.0,0.062532715
2024-07,ІМ-МауДау,DJ09074,2.0,0.0
2024-08,ІМ-МауДау,DJ09074,3.0,0.24230264
2024-09,ІМ-МауДау,DJ09074,0.0,0.0
2024-10,ІМ-МауДау,DJ09074,0.0,0.0
2024-11,ІМ-МауДау,DJ09074,0.0,0.0
2024-12,ІМ-МауДау,DJ09074,0.0,0.0
2025-01,ІМ-МауДау,DJ09074,0.0,0.0
2025-02,ІМ-МауДау,DJ09074,0.0,0.0
2025-03,ІМ-МауДау,DJ09074,0.0,0.0
2025-04,ІМ-МауДау,DJ09074,1.0,0.0
2025-05,ІМ-МауДау,DJ09074,1.0,0.0
2025-06,ІМ-МауДау,DJ09074,1.0,0.0
2024-07,ІМ-Розетка,DJ09074,2.0,0.33648112
2024-08,ІМ-Розетка,DJ09074,1.0,0.8385019
2024-09,ІМ-Розетка,DJ09074,2.0,0.1625004
2024-10,ІМ-Розетка,DJ09074,1.0,0.11840078
2024-11,ІМ-Розетка,DJ09074,4.0,0.5715409
2024-12,ІМ-Розетка,DJ09074,4.0,3.0646098
2025-01,ІМ-Розетка,DJ09074,1.0,0.63684833
2025-02,ІМ-Розетка,DJ09074,2.0,0.21580003
2025-03,ІМ-Розетка,DJ09074,3.0,0.26906046
2025-04,ІМ-Розетка,DJ09074,3.0,0.1881996
2025-05,ІМ-Розетка,DJ09074,3.0,0.197695
2025-06,ІМ-Розетка,DJ09074,1.0,0.13574336
2024-07,Акварель,DJ09074,7.0,1.4966756
2024-08,Акварель,DJ09074,13.0,2.4895682
2024-09,Акварель,DJ09074,4.0,3.503395
2024-10,Акварель,DJ09074,10.0,3.2466574
2024-11,Акварель,DJ09074,5.0,4.125965
2024-12,Акварель,DJ09074,16.0,6.6949244
2025-01,Акварель,DJ09074,6.0,4.278803
2025-02,Акварель,DJ09074,8.0,2.6740928
2025-03,Акварель,DJ09074,7.0,3.0689673
2025-04,Акварель,DJ09074,4.0,2.8502226
2025-05,Акварель,DJ09074,9.0,2.615199
2025-06,Акварель,DJ09074,3.0,2.6234434
2024-07,Антошка,DJ09074,4.0,1.128067
2024-08,Антошка,DJ09074,1.0,0.96004885
2024-09,Антошка,DJ09074,2.0,0.748809
2024-10,Антошка,DJ09074,0.0,0.7339474
2024-11,Антошка,DJ09074,4.0,0.5905188
2024-12,Антошка,DJ09074,6.0,2.022122
2025-01,Антошка,DJ09074,3.0,0.4644801
2025-02,Антошка,DJ09074,0.0,0.3297798
2025-03,Антошка,DJ09074,2.0,0.22205092
2025-04,Антошка,DJ09074,0.0,0.13788918
2025-05,Антошка,DJ09074,0.0,0.20808834
2025-06,Антошка,DJ09074,0.0,0.28685546
2024-07,БІ,DJ09074,11.0,6.00699
2024-08,БІ,DJ09074,19.0,5.9503613
2024-09,БІ,DJ09074,9.0,6.221955
2024-10,БІ,DJ09074,13.0,5.6355653
2024-11,БІ,DJ09074,14.0,6.030518
2024-12,БІ,DJ09074,23.0,12.949131
2025-01,БІ,DJ09074,8.0,6.1302047
2025-02,БІ,DJ09074,14.0,4.723553
2025-03,БІ,DJ09074,9.0,4.758459
2025-04,БІ,DJ09074,16.0,4.203497
2025-05,БІ,DJ09074,9.0,4.7261314
2025-06,БІ,DJ09074,20.0,4.592319
2024-07,МайПлей,DJ09074,2.0,0.47598147
2024-08,МайПлей,DJ09074,6.0,0.5556751
2024-09,МайПлей,DJ09074,5.0,0.5985942
2024-10,МайПлей,DJ09074,2.0,0.7464246
2024-11,МайПлей,DJ09074,1.0,0.45063633
2024-12,МайПлей,DJ09074,0.0,1.1096599
2025-01,МайПлей,DJ09074,1.0,0.33759883
2025-02,МайПлей,DJ09074,3.0,0.0
2025-03,МайПлей,DJ09074,1.0,0.1719441
2025-04,МайПлей,DJ09074,0.0,0.099458665
2025-05,МайПлей,DJ09074,2.0,0.02357801
2025-06,МайПлей,DJ09074,2.0,0.10664241
2024-07,ІМ-МауДау,DJ09075,0.0,0.0
2024-08,ІМ-МауДау,DJ09075,3.0,0.0
2024-09,ІМ-МауДау,DJ09075,1.0,0.009782347
2024-10,ІМ-МауДау,DJ09075,0.0,0.0
2024-11,ІМ-МауДау,DJ09075,0.0,0.0
2024-12,ІМ-МауДау,DJ09075,1.0,0.15025198
2025-01,ІМ-МауДау,DJ09075,0.0,0.0
2025-02,ІМ-МауДау,DJ09075,0.0,0.0
2025-03,ІМ-МауДау,DJ09075,0.0,0.0
2025-04,ІМ-МауДау,DJ09075,0.0,0.0
2025-05,ІМ-МауДау,DJ09075,0.0,0.0
2025-06,ІМ-МауДау,DJ09075,0.0,0.0
2024-07,ІМ-Розетка,DJ09075,1.0,0.0
2024-08,ІМ-Розетка,DJ09075,1.0,0.0
2024-09,ІМ-Розетка,DJ09075,0.0,0.0
2024-10,ІМ-Розетка,DJ09075,0.0,0.0
2024-11,ІМ-Розетка,DJ09075,0.0,0.0
2024-12,ІМ-Розетка,DJ09075,2.0,1.0235282
2025-01,ІМ-Розетка,DJ09075,0.0,0.33424222
2025-02,ІМ-Розетка,DJ09075,0.0,0.0
2025-03,ІМ-Розетка,DJ09075,1.0,0.0
2025-04,ІМ-Розетка,DJ09075,0.0,0.0
2025-05,ІМ-Розетка,DJ09075,1.0,0.0
2025-06,ІМ-Розетка,DJ09075,0.0,0.0
2024-07,Акварель,DJ09075,4.0,2.0392227
2024-08,Акварель,DJ09075,7.0,2.9777482
2024-09,Акварель,DJ09075,5.0,2.7102015
2024-10,Акварель,DJ09075,5.0,2.86159
2024-11,Акварель,DJ09075,8.0,2.8012784
2024-12,Акварель,DJ09075,10.0,5.611245
2025-01,Акварель,DJ09075,8.0,3.1312737
2025-02,Акварель,DJ09075,7.0,3.02653
2025-03,Акварель,DJ09075,6.0,2.874099
2025-04,Акварель,DJ09075,7.0,3.0082426
2025-05,Акварель,DJ09075,3.0,2.70769
2025-06,Акварель,DJ09075,4.0,3.1847312
2024-07,Антошка,DJ09075,4.0,0.9025677
2024-08,Антошка,DJ09075,1.0,0.7245067
2024-09,Антошка,DJ09075,0.0,0.5299561
2024-10,Антошка,DJ09075,2.0,0.6064028
2024-11,Антошка,DJ09075,0.0,0.3702474
2024-12,Антошка,DJ09075,1.0,1.5106962
2025-01,Антошка,DJ09075,1.0,0.05804534
2025-02,Антошка,DJ09075,0.0,0.005866982
2025-03,Антошка,DJ09075,0.0,0.09070151
2025-04,Антошка,DJ09075,1.0,0.046617296
2025-05,Антошка,DJ09075,0.0,0.0
2025-06,Антошка,DJ09075,0.0,0.10114894
2024-07,БІ,DJ09075,14.0,5.333156
2024-08,БІ,DJ09075,14.0,7.1498466
2024-09,БІ,DJ09075,23.0,5.615567
2024-10,БІ,DJ09075,14.0,7.861962
2024-11,БІ,DJ09075,16.0,7.0710363
2024-12,БІ,DJ09075,32.0,14.866977
2025-01,БІ,DJ09075,14.0,7.85037
2025-02,БІ,DJ09075,11.0,6.3691053
2025-03,БІ,DJ09075,7.0,5.6654096
2025-04,БІ,DJ09075,9.0,3.7788055
2025-05,БІ,DJ09075,11.0,3.978624
2025-06,БІ,DJ09075,11.0,4.902399
2024-07,МайПлей,DJ09075,3.0,0.59631777
2024-08,МайПлей,DJ09075,1.0,0.676924
2024-09,МайПлей,DJ09075,4.0,0.48524043
2024-10,МайПлей,DJ09075,1.0,0.5407222
2024-11,МайПлей,DJ09075,1.0,0.44338268
2024-12,МайПлей,DJ09075,4.0,1.4868673
2025-01,МайПлей,DJ09075,0.0,0.6135037
2025-02,МайПлей,DJ09075,2.0,0.38855377
2025-03,МайПлей,DJ09075,0.0,0.3011031
2025-04,МайПлей,DJ09075,2.0,0.28109446
2025-05,МайПлей,DJ09075,3.0,0.34531754
2025-06,МайПлей,DJ09075,1.0,0.4525289
2024-07,Акварель,DJ09102,1.0,1.0728228
2024-08,Акварель,DJ09102,0.0,0.7888969
2024-09,Акварель,DJ09102,0.0,0.6192813
2024-10,Акварель,DJ09102,0.0,0.588911
2024-11,Акварель,DJ09102,1.0,0.0
2024-12,Акварель,DJ09102,2.0,0.57370204
2025-01,Акварель,DJ09102,0.0,0.0
2025-02,Акварель,DJ09102,0.0,0.0
2025-03,Акварель,DJ09102,0.0,0.0
2025-04,Акварель,DJ09102,1.0,0.0
2025-05,Акварель,DJ09102,0.0,0.0
2025-06,Акварель,DJ09102,0.0,0.0
2024-07,ІМ-Кідіс,DJ09108,0.0,0.0
2024-08,ІМ-Кідіс,DJ09108,1.0,0.0
2024-09,ІМ-Кідіс,DJ09108,0.0,0.0
2024-10,ІМ-Кідіс,DJ09108,0.0,0.0
2024-11,ІМ-Кідіс,DJ09108,2.0,0.04652828
2024-12,ІМ-Кідіс,DJ09108,0.0,0.5425519
2025-01,ІМ-Кідіс,DJ09108,1.0,0.0
2025-02,ІМ-Кідіс,DJ09108,0.0,0.0
2025-03,ІМ-Кідіс,DJ09108,1.0,0.0
2025-04,ІМ-Кідіс,DJ09108,1.0,0.0
2025-05,ІМ-Кідіс,DJ09108,1.0,0.0
2025-06,ІМ-Кідіс,DJ09108,3.0,0.0
2024-07,ІМ-Розетка,DJ09108,3.0,0.9510658
2024-08,ІМ-Розетка,DJ09108,3.0,1.0347581
2024-09,ІМ-Розетка,DJ09108,1.0,0.6015469
2024-10,ІМ-Розетка,DJ09108,1.0,0.69866097
2024-11,ІМ-Розетка,DJ09108,10.0,1.3820205
2024-12,ІМ-Розетка,DJ09108,28.0,10.310011
2025-01,ІМ-Розетка,DJ09108,2.0,2.0626764
2025-02,ІМ-Розетка,DJ09108,0.0,0.0
2025-03,ІМ-Розетка,DJ09108,0.0,0.0
2025-04,ІМ-Розетка,DJ09108,0.0,0.0
2025-05,ІМ-Розетка,DJ09108,1.0,0.6774606
2025-06,ІМ-Розетка,DJ09108,15.0,1.2719803
2024-07,Акварель,DJ09108,2.0,0.43887886
2024-08,Акварель,DJ09108,0.0,0.27063677
2024-09,Акварель,DJ09108,1.0,0.18447277
2024-10,Акварель,DJ09108,2.0,0.45712528
2024-11,Акварель,DJ09108,3.0,0.81326175
2024-12,Акварель,DJ09108,7.0,3.141308
2025-01,Акварель,DJ09108,2.0,1.3651367
2025-02,Акварель,DJ09108,4.0,0.2572636
2025-03,Акварель,DJ09108,3.0,0.43230024
2025-04,Акварель,DJ09108,7.0,1.7362854
2025-05,Акварель,DJ09108,5.0,1.1676658
2025-06,Акварель,DJ09108,2.0,1.0151539
2024-07,БІ,DJ09108,35.0,13.951813
2024-08,БІ,DJ09108,34.0,16.709347
2024-09,БІ,DJ09108,23.0,14.411395
2024-10,БІ,DJ09108,44.0,16.111488
2024-11,БІ,DJ09108,68.0,25.106613
2024-12,БІ,DJ09108,182.0,60.93877
2025-01,БІ,DJ09108,65.0,25.508415
2025-02,БІ,DJ09108,19.0,15.989052
2025-03,БІ,DJ09108,26.0,20.01554
2025-04,БІ,DJ09108,30.0,13.435371
2025-05,БІ,DJ09108,37.0,14.683815
2025-06,БІ,DJ09108,49.0,13.969166
2024-07,Браін,DJ09108,15.0,0.40956643
2024-08,Браін,DJ09108,0.0,0.518962
2024-09,Браін,DJ09108,0.0,0.0
2024-10,Браін,DJ09108,10.0,0.4543433
2024-11,Браін,DJ09108,1.0,0.9506102
2024-12,Браін,DJ09108,1.0,2.4919593
2025-01,Браін,DJ09108,0.0,0.0
2025-02,Браін,DJ09108,0.0,0.0
2025-03,Браін,DJ09108,3.0,0.51894647
2025-04,Браін,DJ09108,2.0,0.52383363
2025-05,Браін,DJ09108,1.0,0.52628964
2025-06,Браін,DJ09108,1.0,0.34445533
2024-07,Країна Казок,DJ09108,0.0,0.0
2024-08,Країна Казок,DJ09108,0.0,0.0
2024-09,Країна Казок,DJ09108,1.0,0.0
2024-10,Країна Казок,DJ09108,0.0,0.0
2024-11,Країна Казок,DJ09108,0.0,0.0
2024-12,Країна Казок,DJ09108,0.0,0.0
2025-01,Країна Казок,DJ09108,0.0,0.0
2025-02,Країна Казок,DJ09108,0.0,0.0
2025-03,Країна Казок,DJ09108,1.0,0.0
2025-04,Країна Казок,DJ09108,0.0,0.0
2025-05,Країна Казок,DJ09108,0.0,0.0
2025-06,Країна Казок,DJ09108,1.0,0.0
2024-07,МайПлей,DJ09108,4.0,0.2593476
2024-08,МайПлей,DJ09108,0.0,0.38079435
2024-09,МайПлей,DJ09108,2.0,0.09862488
2024-10,МайПлей,DJ09108,2.0,0.16387537
2024-11,МайПлей,DJ09108,2.0,0.52769816
2024-12,МайПлей,DJ09108,5.0,2.1459727
2025-01,МайПлей,DJ09108,0.0,0.0
2025-02,МайПлей,DJ09108,3.0,0.0
2025-03,МайПлей,DJ09108,1.0,0.0
2025-04,МайПлей,DJ09108,3.0,0.24428958
2025-05,МайПлей,DJ09108,2.0,0.22067305
2025-06,МайПлей,DJ09108,0.0,0.12918359
2024-07,Мегамаркет,DJ09108,0.0,0.0
2024-08,Мегамаркет,DJ09108,0.0,0.0
2024-09,Мегамаркет,DJ09108,0.0,0.0
2024-10,Мегамаркет,DJ09108,2.0,0.24223109
2024-11,Мегамаркет,DJ09108,1.0,0.041144826
2024-12,Мегамаркет,DJ09108,3.0,1.061414
2025-01,Мегамаркет,DJ09108,3.0,0.45546782
2025-02,Мегамаркет,DJ09108,0.0,0.0
2025-03,Мегамаркет,DJ09108,0.0,0.0016554871
2025-04,Мегамаркет,DJ09108,0.0,0.0
2025-05,Мегамаркет,DJ09108,0.0,0.0
2025-06,Мегамаркет,DJ09108,4.0,0.0
2024-07,Акварель,DJ09210,0.0,0.02342202
2024-08,Акварель,DJ09210,0.0,0.0127535425
2024-09,Акварель,DJ09210,0.0,0.0
2024-10,Акварель,DJ09210,0.0,0.0
2024-11,Акварель,DJ09210,1.0,0.1598567
2024-12,Акварель,DJ09210,0.0,0.0
2025-01,Акварель,DJ09210,0.0,0.0
2025-02,Акварель,DJ09210,0.0,0.0
2025-03,Акварель,DJ09210,0.0,0.0
2025-04,Акварель,DJ09210,0.0,0.0
2025-05,Акварель,DJ09210,2.0,0.018027235
2025-06,Акварель,DJ09210,0.0,0.0
2024-07,БІ,DJ09216,7.0,1.7532291
2024-08,БІ,DJ09216,4.0,1.9078197
2024-09,БІ,DJ09216,3.0,1.6739329
2024-10,БІ,DJ09216,1.0,1.5936373
2024-11,БІ,DJ09216,1.0,0.38201973
2024-12,БІ,DJ09216,3.0,1.6556796
2025-01,БІ,DJ09216,1.0,0.5406464
2025-02,БІ,DJ09216,0.0,0.0
2025-03,БІ,DJ09216,2.0,0.06579748
2025-04,БІ,DJ09216,0.0,0.0
2025-05,БІ,DJ09216,3.0,0.22650684
2025-06,БІ,DJ09216,1.0,0.57161075
2024-07,ІМ-Розетка,DJ09230,1.0,0.18501538
2024-08,ІМ-Розетка,DJ09230,0.0,0.0021664689
2024-09,ІМ-Розетка,DJ09230,2.0,0.5040048
2024-10,ІМ-Розетка,DJ09230,1.0,1.2567267
2024-11,ІМ-Розетка,DJ09230,5.0,0.9593377
2024-12,ІМ-Розетка,DJ09230,1.0,4.577769
2025-01,ІМ-Розетка,DJ09230,0.0,0.0
2025-02,ІМ-Розетка,DJ09230,3.0,0.079418994
2025-03,ІМ-Розетка,DJ09230,0.0,0.5953738
2025-04,ІМ-Розетка,DJ09230,2.0,0.3059677
2025-05,ІМ-Розетка,DJ09230,1.0,0.24533561
2025-06,ІМ-Розетка,DJ09230,0.0,0.35609686
2024-07,Акварель,DJ09230,18.0,4.4965987
2024-08,Акварель,DJ09230,11.0,6.932766
2024-09,Акварель,DJ09230,14.0,6.1403084
2024-10,Акварель,DJ09230,54.0,8.37936
2024-11,Акварель,DJ09230,22.0,12.7217655
2024-12,Акварель,DJ09230,37.0,27.312002
2025-01,Акварель,DJ09230,11.0,9.224606
2025-02,Акварель,DJ09230,7.0,4.798896
2025-03,Акварель,DJ09230,9.0,5.8295264
2025-04,Акварель,DJ09230,17.0,6.2349734
2025-05,Акварель,DJ09230,29.0,6.846688
2025-06,Акварель,DJ09230,20.0,8.960544
2024-07,Антошка,DJ09230,7.0,1.0471691
2024-08,Антошка,DJ09230,1.0,1.1043258
2024-09,Антошка,DJ09230,1.0,0.76225007
2024-10,Антошка,DJ09230,6.0,0.72634304
2024-11,Антошка,DJ09230,1.0,0.14550768
2024-12,Антошка,DJ09230,0.0,0.6105534
2025-01,Антошка,DJ09230,0.0,0.0
2025-02,Антошка,DJ09230,0.0,0.0
2025-03,Антошка,DJ09230,0.0,0.0
2025-04,Антошка,DJ09230,0.0,0.0
2025-05,Антошка,DJ09230,0.0,0.0
2025-06,Антошка,DJ09230,0.0,0.0
2024-07,БІ,DJ09230,16.0,12.193727
2024-08,БІ,DJ09230,23.0,10.065722
2024-09,БІ,DJ09230,24.0,10.687648
2024-10,БІ,DJ09230,83.0,19.620745
2024-11,БІ,DJ09230,26.0,16.440052
2024-12,БІ,DJ09230,39.0,34.128025
2025-01,БІ,DJ09230,17.0,9.452073
2025-02,БІ,DJ09230,14.0,7.2687573
2025-03,БІ,DJ09230,7.0,9.156949
2025-04,БІ,DJ09230,7.0,5.0773892
2025-05,БІ,DJ09230,14.0,6.12833
2025-06,БІ,DJ09230,17.0,6.092423
2024-07,МайПлей,DJ09230,2.0,0.7101814
2024-08,МайПлей,DJ09230,2.0,0.5160123
2024-09,МайПлей,DJ09230,1.0,0.3228906
2024-10,МайПлей,DJ09230,6.0,0.31882375
2024-11,МайПлей,DJ09230,0.0,0.37800944
2024-12,МайПлей,DJ09230,3.0,1.2811426
2025-01,МайПлей,DJ09230,0.0,0.0
2025-02,МайПлей,DJ09230,0.0,0.039155535
2025-03,МайПлей,DJ09230,0.0,0.09875782
2025-04,МайПлей,DJ09230,0.0,0.58809865
2025-05,МайПлей,DJ09230,0.0,0.21979795
2025-06,МайПлей,DJ09230,2.0,0.066969424
2024-07,Мегамаркет,DJ09230,1.0,0.310006
2024-08,Мегамаркет,DJ09230,2.0,0.53278226
2024-09,Мегамаркет,DJ09230,0.0,0.0
2024-10,Мегамаркет,DJ09230,3.0,0.6372137
2024-11,Мегамаркет,DJ09230,0.0,0.2883235
2024-12,Мегамаркет,DJ09230,0.0,0.66458184
2025-01,Мегамаркет,DJ09230,0.0,0.0
2025-02,Мегамаркет,DJ09230,0.0,0.0
2025-03,Мегамаркет,DJ09230,1.0,0.010763943
2025-04,Мегамаркет,DJ09230,0.0,0.038724814
2025-05,Мегамаркет,DJ09230,0.0,0.019631276
2025-06,Мегамаркет,DJ09230,0.0,0.0
2024-07,Смік,DJ09230,4.0,0.25514987
2024-08,Смік,DJ09230,2.0,0.41336
2024-09,Смік,DJ09230,2.0,0.13685304
2024-10,Смік,DJ09230,0.0,0.09402068
2024-11,Смік,DJ09230,0.0,0.09285628
2024-12,Смік,DJ09230,2.0,0.4544189
2025-01,Смік,DJ09230,0.0,0.0
2025-02,Смік,DJ09230,0.0,0.0
2025-03,Смік,DJ09230,0.0,0.18359794
2025-04,Смік,DJ09230,0.0,0.24539173
2025-05,Смік,DJ09230,2.0,0.045110453
2025-06,Смік,DJ09230,4.0,0.030184845
2024-07,ІМ-Розетка,DJ09231,1.0,0.98398656
2024-08,ІМ-Розетка,DJ09231,1.0,0.39540145
2024-09,ІМ-Розетка,DJ09231,1.0,0.50928074
2024-10,ІМ-Розетка,DJ09231,1.0,0.76677924
2024-11,ІМ-Розетка,DJ09231,4.0,1.4898485
2024-12,ІМ-Розетка,DJ09231,3.0,4.7520814
2025-01,ІМ-Розетка,DJ09231,1.0,0.84360343
2025-02,ІМ-Розетка,DJ09231,1.0,0.21008757
2025-03,ІМ-Розетка,DJ09231,0.0,0.40807274
2025-04,ІМ-Розетка,DJ09231,2.0,0.29822314
2025-05,ІМ-Розетка,DJ09231,0.0,0.21987866
2025-06,ІМ-Розетка,DJ09231,1.0,0.26707757
2024-07,Акварель,DJ09231,19.0,3.4393864
2024-08,Акварель,DJ09231,8.0,6.4391727
2024-09,Акварель,DJ09231,12.0,5.094562
2024-10,Акварель,DJ09231,71.0,8.474689
2024-11,Акварель,DJ09231,27.0,13.83203
2024-12,Акварель,DJ09231,36.0,25.493858
2025-01,Акварель,DJ09231,9.0,7.934383
2025-02,Акварель,DJ09231,6.0,4.009632
2025-03,Акварель,DJ09231,20.0,5.2937055
2025-04,Акварель,DJ09231,13.0,8.100084
2025-05,Акварель,DJ09231,31.0,7.2396474
2025-06,Акварель,DJ09231,22.0,9.699774
2024-07,Антошка,DJ09231,1.0,0.15571752
2024-08,Антошка,DJ09231,2.0,0.218227
2024-09,Антошка,DJ09231,1.0,0.0
2024-10,Антошка,DJ09231,0.0,0.21804969
2024-11,Антошка,DJ09231,3.0,0.13088499
2024-12,Антошка,DJ09231,1.0,0.5215215
2025-01,Антошка,DJ09231,0.0,0.0
2025-02,Антошка,DJ09231,0.0,0.0
2025-03,Антошка,DJ09231,0.0,0.0
2025-04,Антошка,DJ09231,0.0,0.0
2025-05,Антошка,DJ09231,0.0,0.0
2025-06,Антошка,DJ09231,0.0,0.0
2024-07,БІ,DJ09231,13.0,9.866946
2024-08,БІ,DJ09231,19.0,9.145756
2024-09,БІ,DJ09231,18.0,8.114126
2024-10,БІ,DJ09231,71.0,17.937868
2024-11,БІ,DJ09231,32.0,15.309987
2024-12,БІ,DJ09231,27.0,33.241844
2025-01,БІ,DJ09231,18.0,8.500634
2025-02,БІ,DJ09231,8.0,6.4509606
2025-03,БІ,DJ09231,11.0,6.489947
2025-04,БІ,DJ09231,11.0,6.4806333
2025-05,БІ,DJ09231,11.0,7.1448836
2025-06,БІ,DJ09231,19.0,6.27025
2024-07,Еліпс,DJ09231,0.0,0.0
2024-08,Еліпс,DJ09231,0.0,0.0
2024-09,Еліпс,DJ09231,0.0,0.0
2024-10,Еліпс,DJ09231,8.0,0.11377637
2024-11,Еліпс,DJ09231,0.0,0.0
2024-12,Еліпс,DJ09231,0.0,0.0
2025-01,Еліпс,DJ09231,0.0,0.0
2025-02,Еліпс,DJ09231,0.0,0.0
2025-03,Еліпс,DJ09231,0.0,0.0
2025-04,Еліпс,DJ09231,1.0,0.09926399
2025-05,Еліпс,DJ09231,2.0,0.0
2025-06,Еліпс,DJ09231,0.0,0.0
2024-07,МайПлей,DJ09231,2.0,0.6020044
2024-08,МайПлей,DJ09231,3.0,0.66661274
2024-09,МайПлей,DJ09231,4.0,0.86955583
2024-10,МайПлей,DJ09231,5.0,1.0372487
2024-11,МайПлей,DJ09231,5.0,0.8702975
2024-12,МайПлей,DJ09231,2.0,2.2912102
2025-01,МайПлей,DJ09231,1.0,0.41937068
2025-02,МайПлей,DJ09231,1.0,0.056062374
2025-03,МайПлей,DJ09231,1.0,0.13307902
2025-04,МайПлей,DJ09231,0.0,0.5839665
2025-05,МайПлей,DJ09231,1.0,0.415912
2025-06,МайПлей,DJ09231,0.0,0.31804547
2024-07,ІМ-МауДау,DJ09232,0.0,0.0
2024-08,ІМ-МауДау,DJ09232,0.0,0.0
2024-09,ІМ-МауДау,DJ09232,0.0,0.0
2024-10,ІМ-МауДау,DJ09232,0.0,0.0
2024-11,ІМ-МауДау,DJ09232,0.0,0.0
2024-12,ІМ-МауДау,DJ09232,1.0,0.0
2025-01,ІМ-МауДау,DJ09232,0.0,0.0
2025-02,ІМ-МауДау,DJ09232,0.0,0.0
2025-03,ІМ-МауДау,DJ09232,0.0,0.0
2025-04,ІМ-МауДау,DJ09232,0.0,0.0
2025-05,ІМ-МауДау,DJ09232,1.0,0.0
2025-06,ІМ-МауДау,DJ09232,0.0,0.0
2024-07,ІМ-Розетка,DJ09232,1.0,0.09513919
2024-08,ІМ-Розетка,DJ09232,2.0,0.5953605
2024-09,ІМ-Розетка,DJ09232,0.0,0.12052424
2024-10,ІМ-Розетка,DJ09232,1.0,0.25811657
2024-11,ІМ-Розетка,DJ09232,2.0,0.8537289
2024-12,ІМ-Розетка,DJ09232,5.0,3.1786506
2025-01,ІМ-Розетка,DJ09232,3.0,0.75211203
2025-02,ІМ-Розетка,DJ09232,1.0,0.53377926
2025-03,ІМ-Розетка,DJ09232,2.0,0.32684985
2025-04,ІМ-Розетка,DJ09232,2.0,0.3716245
2025-05,ІМ-Розетка,DJ09232,2.0,0.13807164
2025-06,ІМ-Розетка,DJ09232,0.0,0.17764649
2024-07,Акварель,DJ09232,5.0,2.5267463
2024-08,Акварель,DJ09232,9.0,4.6942596
2024-09,Акварель,DJ09232,7.0,3.2709534
2024-10,Акварель,DJ09232,36.0,4.705585
2024-11,Акварель,DJ09232,16.0,8.866735
2024-12,Акварель,DJ09232,27.0,15.048191
2025-01,Акварель,DJ09232,8.0,7.103201
2025-02,Акварель,DJ09232,8.0,3.9897122
2025-03,Акварель,DJ09232,8.0,4.9741254
2025-04,Акварель,DJ09232,9.0,4.1454206
2025-05,Акварель,DJ09232,18.0,4.9176607
2025-06,Акварель,DJ09232,23.0,5.524917
2024-07,Антошка,DJ09232,5.0,0.7246707
2024-08,Антошка,DJ09232,2.0,0.74998707
2024-09,Антошка,DJ09232,1.0,0.56612146
2024-10,Антошка,DJ09232,2.0,0.61653966
2024-11,Антошка,DJ09232,2.0,0.473147
2024-12,Антошка,DJ09232,1.0,1.2148947
2025-01,Антошка,DJ09232,0.0,0.0
2025-02,Антошка,DJ09232,0.0,0.021113008
2025-03,Антошка,DJ09232,0.0,0.0
2025-04,Антошка,DJ09232,0.0,0.0
2025-05,Антошка,DJ09232,0.0,0.0
2025-06,Антошка,DJ09232,0.0,0.0
2024-07,БІ,DJ09232,10.0,5.0910206
2024-08,БІ,DJ09232,3.0,4.83311
2024-09,БІ,DJ09232,5.0,2.8977184
2024-10,БІ,DJ09232,8.0,3.148979
2024-11,БІ,DJ09232,10.0,4.0910997
2024-12,БІ,DJ09232,37.0,19.890146
2025-01,БІ,DJ09232,17.0,6.6704383
2025-02,БІ,DJ09232,9.0,4.5870614
2025-03,БІ,DJ09232,16.0,4.325671
2025-04,БІ,DJ09232,6.0,4.540083
2025-05,БІ,DJ09232,15.0,4.2905335
2025-06,БІ,DJ09232,20.0,4.387199
2024-07,МайПлей,DJ09232,2.0,0.61707044
2024-08,МайПлей,DJ09232,2.0,0.55819947
2024-09,МайПлей,DJ09232,3.0,0.4930632
2024-10,МайПлей,DJ09232,2.0,0.92686
2024-11,МайПлей,DJ09232,1.0,0.57151896
2024-12,МайПлей,DJ09232,4.0,2.1658556
2025-01,МайПлей,DJ09232,1.0,0.5327376
2025-02,МайПлей,DJ09232,0.0,0.3376717
2025-03,МайПлей,DJ09232,2.0,0.2625856
2025-04,МайПлей,DJ09232,1.0,0.35975584
2025-05,МайПлей,DJ09232,1.0,0.35839653
2025-06,МайПлей,DJ09232,2.0,0.41671517
2024-07,Мегамаркет,DJ09232,0.0,0.15888578
2024-08,Мегамаркет,DJ09232,1.0,0.16540483
2024-09,Мегамаркет,DJ09232,1.0,0.048581995
2024-10,Мегамаркет,DJ09232,2.0,0.27707714
2024-11,Мегамаркет,DJ09232,0.0,0.16992047
2024-12,Мегамаркет,DJ09232,2.0,0.6785589
2025-01,Мегамаркет,DJ09232,0.0,0.07158059
2025-02,Мегамаркет,DJ09232,1.0,0.04644897
2025-03,Мегамаркет,DJ09232,0.0,0.01817861
2025-04,Мегамаркет,DJ09232,0.0,0.0
2025-05,Мегамаркет,DJ09232,0.0,0.0058117653
2025-06,Мегамаркет,DJ09232,0.0,0.0
2024-07,Смік,DJ09232,3.0,0.31787202
2024-08,Смік,DJ09232,4.0,0.4071599
2024-09,Смік,DJ09232,5.0,0.26770735
2024-10,Смік,DJ09232,0.0,0.24555066
2024-11,Смік,DJ09232,0.0,0.07687703
2024-12,Смік,DJ09232,0.0,0.41833603
2025-01,Смік,DJ09232,0.0,0.0
2025-02,Смік,DJ09232,0.0,0.0
2025-03,Смік,DJ09232,0.0,0.23078328
2025-04,Смік,DJ09232,0.0,0.097316846
2025-05,Смік,DJ09232,1.0,0.036308292
2025-06,Смік,DJ09232,1.0,0.0
2024-07,Акварель,DJ09265,0.0,0.04838067
2024-08,Акварель,DJ09265,0.0,0.0
2024-09,Акварель,DJ09265,8.0,1.203683
2024-10,Акварель,DJ09265,2.0,1.1171334
2024-11,Акварель,DJ09265,2.0,0.40781763
2024-12,Акварель,DJ09265,3.0,1.5018815
2025-01,Акварель,DJ09265,1.0,0.17908332
2025-02,Акварель,DJ09265,2.0,0.19503084
2025-03,Акварель,DJ09265,1.0,0.010768884
2025-04,Акварель,DJ09265,0.0,0.0
2025-05,Акварель,DJ09265,0.0,0.0
2025-06,Акварель,DJ09265,0.0,0.0
2024-07,Акварель,DJ09268,2.0,1.6961766
2024-08,Акварель,DJ09268,1.0,1.5340931
2024-09,Акварель,DJ09268,4.0,1.5573626
2024-10,Акварель,DJ09268,4.0,1.2900907
2024-11,Акварель,DJ09268,2.0,0.5450327
2024-12,Акварель,DJ09268,6.0,1.4261246
2025-01,Акварель,DJ09268,0.0,0.0
2025-02,Акварель,DJ09268,2.0,0.44065073
2025-03,Акварель,DJ09268,4.0,0.17362835
2025-04,Акварель,DJ09268,1.0,0.35607833
2025-05,Акварель,DJ09268,0.0,0.0
2025-06,Акварель,DJ09268,0.0,0.0
2024-07,БІ,DJ09268,11.0,6.9341106
2024-08,БІ,DJ09268,8.0,6.1767554
2024-09,БІ,DJ09268,14.0,5.067031
2024-10,БІ,DJ09268,10.0,6.419929
2024-11,БІ,DJ09268,1.0,2.8248212
2024-12,БІ,DJ09268,12.0,4.5300455
2025-01,БІ,DJ09268,6.0,1.7563398
2025-02,БІ,DJ09268,6.0,1.2108475
2025-03,БІ,DJ09268,3.0,1.0908852
2025-04,БІ,DJ09268,5.0,0.96928006
2025-05,БІ,DJ09268,1.0,1.2605437
2025-06,БІ,DJ09268,4.0,1.2053671
2024-07,ІМ-МауДау,DJ09272,0.0,0.0
2024-08,ІМ-МауДау,DJ09272,0.0,0.0
2024-09,ІМ-МауДау,DJ09272,1.0,0.04206526
2024-10,ІМ-МауДау,DJ09272,1.0,0.0
2024-11,ІМ-МауДау,DJ09272,0.0,0.0
2024-12,ІМ-МауДау,DJ09272,0.0,0.0
2025-01,ІМ-МауДау,DJ09272,0.0,0.0
2025-02,ІМ-МауДау,DJ09272,3.0,0.0
2025-03,ІМ-МауДау,DJ09272,0.0,0.0
2025-04,ІМ-МауДау,DJ09272,0.0,0.0
2025-05,ІМ-МауДау,DJ09272,0.0,0.0
2025-06,ІМ-МауДау,DJ09272,0.0,0.0
2024-07,ІМ-Розетка,DJ09272,1.0,0.0
2024-08,ІМ-Розетка,DJ09272,1.0,0.0
2024-09,ІМ-Розетка,DJ09272,0.0,0.0
2024-10,ІМ-Розетка,DJ09272,0.0,0.0
2024-11,ІМ-Розетка,DJ09272,0.0,0.0
2024-12,ІМ-Розетка,DJ09272,1.0,1.8034923
2025-01,ІМ-Розетка,DJ09272,1.0,0.3006381
2025-02,ІМ-Розетка,DJ09272,0.0,0.0513955
2025-03,ІМ-Розетка,DJ09272,2.0,0.0
2025-04,ІМ-Розетка,DJ09272,0.0,0.10228006
2025-05,ІМ-Розетка,DJ09272,1.0,0.0
2025-06,ІМ-Розетка,DJ09272,0.0,0.01631855
2024-07,Акварель,DJ09272,7.0,2.8466442
2024-08,Акварель,DJ09272,8.0,3.3002164
2024-09,Акварель,DJ09272,7.0,3.0834098
2024-10,Акварель,DJ09272,4.0,3.6141155
2024-11,Акварель,DJ09272,4.0,3.7182045
2024-12,Акварель,DJ09272,7.0,5.5433154
2025-01,Акварель,DJ09272,7.0,3.2952828
2025-02,Акварель,DJ09272,3.0,2.8668857
2025-03,Акварель,DJ09272,7.0,2.6082458
2025-04,Акварель,DJ09272,7.0,2.673972
2025-05,Акварель,DJ09272,6.0,2.6218913
2025-06,Акварель,DJ09272,4.0,3.12664
2024-07,Антошка,DJ09272,7.0,1.1838433
2024-08,Антошка,DJ09272,6.0,2.4191966
2024-09,Антошка,DJ09272,7.0,1.925502
2024-10,Антошка,DJ09272,4.0,1.6177549
2024-11,Антошка,DJ09272,1.0,1.0387968
2024-12,Антошка,DJ09272,5.0,2.8705723
2025-01,Антошка,DJ09272,4.0,1.5709316
2025-02,Антошка,DJ09272,4.0,1.293263
2025-03,Антошка,DJ09272,3.0,1.2905136
2025-04,Антошка,DJ09272,3.0,1.1327496
2025-05,Антошка,DJ09272,7.0,1.1235852
2025-06,Антошка,DJ09272,2.0,1.4293207
2024-07,БІ,DJ09272,6.0,3.6103284
2024-08,БІ,DJ09272,12.0,3.64193
2024-09,БІ,DJ09272,9.0,4.08659
2024-10,БІ,DJ09272,11.0,4.4071503
2024-11,БІ,DJ09272,7.0,4.497128
2024-12,БІ,DJ09272,5.0,6.8430104
2025-01,БІ,DJ09272,8.0,2.7208776
2025-02,БІ,DJ09272,7.0,2.844025
2025-03,БІ,DJ09272,6.0,2.3169358
2025-04,БІ,DJ09272,6.0,2.7178326
2025-05,БІ,DJ09272,6.0,2.5722027
2025-06,БІ,DJ09272,4.0,2.374186
2024-07,Мегамаркет,DJ09272,2.0,0.11116359
2024-08,Мегамаркет,DJ09272,0.0,0.19972354
2024-09,Мегамаркет,DJ09272,2.0,0.29031876
2024-10,Мегамаркет,DJ09272,0.0,0.75315285
2024-11,Мегамаркет,DJ09272,1.0,0.059941903
2024-12,Мегамаркет,DJ09272,0.0,0.50392956
2025-01,Мегамаркет,DJ09272,0.0,0.0
2025-02,Мегамаркет,DJ09272,0.0,0.0
2025-03,Мегамаркет,DJ09272,0.0,0.0
2025-04,Мегамаркет,DJ09272,1.0,0.0
2025-05,Мегамаркет,DJ09272,0.0,0.0
2025-06,Мегамаркет,DJ09272,0.0,0.0
2024-07,ІМ-Кідіс,DJ09293,0.0,0.0
2024-08,ІМ-Кідіс,DJ09293,0.0,0.0
2024-09,ІМ-Кідіс,DJ09293,0.0,0.0
2024-10,ІМ-Кідіс,DJ09293,0.0,0.0
2024-11,ІМ-Кідіс,DJ09293,0.0,0.0
2024-12,ІМ-Кідіс,DJ09293,0.0,0.0
2025-01,ІМ-Кідіс,DJ09293,0.0,0.0
2025-02,ІМ-Кідіс,DJ09293,0.0,0.0
2025-03,ІМ-Кідіс,DJ09293,0.0,0.0
2025-04,ІМ-Кідіс,DJ09293,1.0,0.0
2025-05,ІМ-Кідіс,DJ09293,1.0,0.0
2025-06,ІМ-Кідіс,DJ09293,0.0,0.0
2024-07,ІМ-МауДау,DJ09293,0.0,0.0
2024-08,ІМ-МауДау,DJ09293,0.0,0.0
2024-09,ІМ-МауДау,DJ09293,0.0,0.0
2024-10,ІМ-МауДау,DJ09293,0.0,0.0
2024-11,ІМ-МауДау,DJ09293,1.0,0.0
2024-12,ІМ-МауДау,DJ09293,1.0,0.32976952
2025-01,ІМ-МауДау,DJ09293,1.0,0.0
2025-02,ІМ-МауДау,DJ09293,0.0,0.0
2025-03,ІМ-МауДау,DJ09293,1.0,0.0
2025-04,ІМ-МауДау,DJ09293,0.0,0.0
2025-05,ІМ-МауДау,DJ09293,0.0,0.0
2025-06,ІМ-МауДау,DJ09293,1.0,0.0
2024-07,ІМ-Розетка,DJ09293,3.0,0.9725226
2024-08,ІМ-Розетка,DJ09293,4.0,1.2762015
2024-09,ІМ-Розетка,DJ09293,0.0,0.5832429
2024-10,ІМ-Розетка,DJ09293,2.0,0.13485163
2024-11,ІМ-Розетка,DJ09293,3.0,1.1314892
2024-12,ІМ-Розетка,DJ09293,5.0,6.3340297
2025-01,ІМ-Розетка,DJ09293,1.0,1.5785481
2025-02,ІМ-Розетка,DJ09293,2.0,0.22638352
2025-03,ІМ-Розетка,DJ09293,2.0,0.30355963
2025-04,ІМ-Розетка,DJ09293,4.0,0.26289797
2025-05,ІМ-Розетка,DJ09293,2.0,0.5458573
2025-06,ІМ-Розетка,DJ09293,4.0,0.36401874
2024-07,Акварель,DJ09293,4.0,1.109022
2024-08,Акварель,DJ09293,1.0,1.186336
2024-09,Акварель,DJ09293,1.0,0.9208842
2024-10,Акварель,DJ09293,1.0,0.8136604
2024-11,Акварель,DJ09293,3.0,1.1442767
2024-12,Акварель,DJ09293,14.0,4.7985654
2025-01,Акварель,DJ09293,8.0,4.261994
2025-02,Акварель,DJ09293,8.0,1.8267175
2025-03,Акварель,DJ09293,2.0,1.972593
2025-04,Акварель,DJ09293,1.0,1.0207454
2025-05,Акварель,DJ09293,3.0,1.0476665
2025-06,Акварель,DJ09293,2.0,1.2276864
2024-07,Антошка,DJ09293,4.0,0.44433966
2024-08,Антошка,DJ09293,1.0,0.40643895
2024-09,Антошка,DJ09293,3.0,0.44390637
2024-10,Антошка,DJ09293,2.0,0.33466667
2024-11,Антошка,DJ09293,3.0,0.5530962
2024-12,Антошка,DJ09293,4.0,2.364546
2025-01,Антошка,DJ09293,4.0,1.6446208
2025-02,Антошка,DJ09293,3.0,0.64565384
2025-03,Антошка,DJ09293,1.0,1.1899354
2025-04,Антошка,DJ09293,1.0,0.4654738
2025-05,Антошка,DJ09293,3.0,0.51825434
2025-06,Антошка,DJ09293,3.0,0.8680588
2024-07,БІ,DJ09293,17.0,8.285211
2024-08,БІ,DJ09293,19.0,9.560549
2024-09,БІ,DJ09293,15.0,9.625841
2024-10,БІ,DJ09293,22.0,6.9657755
2024-11,БІ,DJ09293,29.0,9.91573
2024-12,БІ,DJ09293,76.0,45.77142
2025-01,БІ,DJ09293,37.0,17.8336
2025-02,БІ,DJ09293,15.0,11.320797
2025-03,БІ,DJ09293,18.0,8.306039
2025-04,БІ,DJ09293,18.0,8.702865
2025-05,БІ,DJ09293,25.0,7.547026
2025-06,БІ,DJ09293,29.0,7.948203
2024-07,МайПлей,DJ09293,1.0,0.3595458
2024-08,МайПлей,DJ09293,1.0,0.1726919
2024-09,МайПлей,DJ09293,4.0,0.26644173
2024-10,МайПлей,DJ09293,3.0,0.27907375
2024-11,МайПлей,DJ09293,1.0,0.36769813
2024-12,МайПлей,DJ09293,3.0,2.262012
2025-01,МайПлей,DJ09293,0.0,0.5238135
2025-02,МайПлей,DJ09293,2.0,0.015948368
2025-03,МайПлей,DJ09293,1.0,0.011042621
2025-04,МайПлей,DJ09293,0.0,0.082672976
2025-05,МайПлей,DJ09293,0.0,0.0
2025-06,МайПлей,DJ09293,0.0,0.042402457
2024-07,Мегамаркет,DJ09293,1.0,0.0
2024-08,Мегамаркет,DJ09293,0.0,0.0
2024-09,Мегамаркет,DJ09293,0.0,0.0
2024-10,Мегамаркет,DJ09293,2.0,0.0
2024-11,Мегамаркет,DJ09293,1.0,0.07567397
2024-12,Мегамаркет,DJ09293,0.0,0.18979597
2025-01,Мегамаркет,DJ09293,0.0,0.0
2025-02,Мегамаркет,DJ09293,0.0,0.0
2025-03,Мегамаркет,DJ09293,0.0,0.0
2025-04,Мегамаркет,DJ09293,0.0,0.0
2025-05,Мегамаркет,DJ09293,0.0,0.0
2025-06,Мегамаркет,DJ09293,0.0,0.0
2024-07,ІМ-Розетка,DJ09294,0.0,0.0
2024-08,ІМ-Розетка,DJ09294,0.0,0.0
2024-09,ІМ-Розетка,DJ09294,1.0,0.02632947
2024-10,ІМ-Розетка,DJ09294,0.0,0.0
2024-11,ІМ-Розетка,DJ09294,2.0,0.22794662
2024-12,ІМ-Розетка,DJ09294,5.0,2.3118594
2025-01,ІМ-Розетка,DJ09294,4.0,1.1014329
2025-02,ІМ-Розетка,DJ09294,0.0,0.3850334
2025-03,ІМ-Розетка,DJ09294,1.0,0.1230707
2025-04,ІМ-Розетка,DJ09294,2.0,0.08930584
2025-05,ІМ-Розетка,DJ09294,1.0,0.0
2025-06,ІМ-Розетка,DJ09294,0.0,0.0
2024-07,Акварель,DJ09294,4.0,0.8277169
2024-08,Акварель,DJ09294,1.0,0.9914295
2024-09,Акварель,DJ09294,3.0,0.96590716
2024-10,Акварель,DJ09294,2.0,0.7122144
2024-11,Акварель,DJ09294,2.0,0.86359715
2024-12,Акварель,DJ09294,4.0,3.6416147
2025-01,Акварель,DJ09294,2.0,1.8051044
2025-02,Акварель,DJ09294,4.0,0.69108856
2025-03,Акварель,DJ09294,3.0,0.53751725
2025-04,Акварель,DJ09294,0.0,0.6031686
2025-05,Акварель,DJ09294,0.0,0.45748982
2025-06,Акварель,DJ09294,0.0,0.44520754
2024-07,БІ,DJ09294,10.0,3.8744917
2024-08,БІ,DJ09294,11.0,5.8402557
2024-09,БІ,DJ09294,8.0,6.142474
2024-10,БІ,DJ09294,6.0,3.1809456
2024-11,БІ,DJ09294,15.0,4.319826
2024-12,БІ,DJ09294,29.0,24.676542
2025-01,БІ,DJ09294,20.0,10.455273
2025-02,БІ,DJ09294,4.0,6.7195807
2025-03,БІ,DJ09294,12.0,3.0885386
2025-04,БІ,DJ09294,10.0,7.268521
2025-05,БІ,DJ09294,15.0,3.490271
2025-06,БІ,DJ09294,13.0,4.3383875
2024-07,Епіцентр,DJ09294,0.0,0.11008092
2024-08,Епіцентр,DJ09294,1.0,0.07079986
2024-09,Епіцентр,DJ09294,1.0,0.0
2024-10,Епіцентр,DJ09294,0.0,0.0
2024-11,Епіцентр,DJ09294,0.0,0.0
2024-12,Епіцентр,DJ09294,3.0,0.82212734
2025-01,Епіцентр,DJ09294,0.0,0.72603196
2025-02,Епіцентр,DJ09294,0.0,0.2883963
2025-03,Епіцентр,DJ09294,1.0,0.14506891
2025-04,Епіцентр,DJ09294,0.0,0.28612083
2025-05,Епіцентр,DJ09294,1.0,0.0
2025-06,Епіцентр,DJ09294,0.0,0.022666074
2024-07,МайПлей,DJ09294,0.0,0.024775911
2024-08,МайПлей,DJ09294,2.0,0.32581493
2024-09,МайПлей,DJ09294,2.0,0.23832943
2024-10,МайПлей,DJ09294,2.0,0.1890616
2024-11,МайПлей,DJ09294,5.0,0.35319003
2024-12,МайПлей,DJ09294,5.0,2.141965
2025-01,МайПлей,DJ09294,1.0,1.0405456
2025-02,МайПлей,DJ09294,1.0,0.13641511
2025-03,МайПлей,DJ09294,1.0,0.10283695
2025-04,МайПлей,DJ09294,1.0,0.06313816
2025-05,МайПлей,DJ09294,1.0,0.06711971
2025-06,МайПлей,DJ09294,0.0,0.009014764
2024-07,Акварель,DJ09311,1.0,1.4223269
2024-08,Акварель,DJ09311,3.0,1.4607171
2024-09,Акварель,DJ09311,2.0,1.0797197
2024-10,Акварель,DJ09311,4.0,1.517277
2024-11,Акварель,DJ09311,4.0,0.76350677
2024-12,Акварель,DJ09311,4.0,1.889244
2025-01,Акварель,DJ09311,2.0,0.50684226
2025-02,Акварель,DJ09311,2.0,0.16775683
2025-03,Акварель,DJ09311,2.0,0.14912465
2025-04,Акварель,DJ09311,0.0,0.0
2025-05,Акварель,DJ09311,2.0,0.02744136
2025-06,Акварель,DJ09311,0.0,0.0
2024-07,ІМ-Розетка,DJ09312,0.0,0.0
2024-08,ІМ-Розетка,DJ09312,1.0,0.0
2024-09,ІМ-Розетка,DJ09312,0.0,0.0
2024-10,ІМ-Розетка,DJ09312,0.0,0.0
2024-11,ІМ-Розетка,DJ09312,0.0,0.0
2024-12,ІМ-Розетка,DJ09312,0.0,0.0
2025-01,ІМ-Розетка,DJ09312,0.0,0.0
2025-02,ІМ-Розетка,DJ09312,0.0,0.0
2025-03,ІМ-Розетка,DJ09312,0.0,0.0
2025-04,ІМ-Розетка,DJ09312,0.0,0.0
2025-05,ІМ-Розетка,DJ09312,2.0,0.0
2025-06,ІМ-Розетка,DJ09312,1.0,0.0
2024-07,Акварель,DJ09312,3.0,1.4085325
2024-08,Акварель,DJ09312,1.0,1.0120708
2024-09,Акварель,DJ09312,1.0,1.0447689
2024-10,Акварель,DJ09312,2.0,1.31264
2024-11,Акварель,DJ09312,2.0,0.47551852
2024-12,Акварель,DJ09312,7.0,1.4576248
2025-01,Акварель,DJ09312,2.0,0.46357563
2025-02,Акварель,DJ09312,2.0,0.03348369
2025-03,Акварель,DJ09312,4.0,0.03475683
2025-04,Акварель,DJ09312,0.0,0.13838243
2025-05,Акварель,DJ09312,1.0,0.23376487
2025-06,Акварель,DJ09312,0.0,0.08361349
2024-07,МайПлей,DJ09312,1.0,0.0
2024-08,МайПлей,DJ09312,2.0,0.1350819
2024-09,МайПлей,DJ09312,0.0,0.051864985
2024-10,МайПлей,DJ09312,0.0,0.0
2024-11,МайПлей,DJ09312,0.0,0.0
2024-12,МайПлей,DJ09312,1.0,0.0
2025-01,МайПлей,DJ09312,2.0,0.0
2025-02,МайПлей,DJ09312,2.0,0.0
2025-03,МайПлей,DJ09312,0.0,0.0
2025-04,МайПлей,DJ09312,1.0,0.0
2025-05,МайПлей,DJ09312,0.0,0.0
2025-06,МайПлей,DJ09312,0.0,0.0
2024-07,Мегамаркет,DJ09312,1.0,0.0
2024-08,Мегамаркет,DJ09312,0.0,0.0
2024-09,Мегамаркет,DJ09312,0.0,0.0
2024-10,Мегамаркет,DJ09312,0.0,0.0
2024-11,Мегамаркет,DJ09312,0.0,0.0
2024-12,Мегамаркет,DJ09312,0.0,0.0
2025-01,Мегамаркет,DJ09312,0.0,0.0
2025-02,Мегамаркет,DJ09312,1.0,0.0
2025-03,Мегамаркет,DJ09312,0.0,0.0
2025-04,Мегамаркет,DJ09312,0.0,0.0
2025-05,Мегамаркет,DJ09312,0.0,0.0
2025-06,Мегамаркет,DJ09312,1.0,0.0
2024-07,Акварель,DJ09314,4.0,1.3848208
2024-08,Акварель,DJ09314,2.0,1.0594882
2024-09,Акварель,DJ09314,1.0,1.3266894
2024-10,Акварель,DJ09314,1.0,1.4988811
2024-11,Акварель,DJ09314,4.0,0.5370926
2024-12,Акварель,DJ09314,5.0,1.469793
2025-01,Акварель,DJ09314,0.0,0.0
2025-02,Акварель,DJ09314,0.0,0.0
2025-03,Акварель,DJ09314,0.0,0.0
2025-04,Акварель,DJ09314,1.0,0.18238795
2025-05,Акварель,DJ09314,0.0,0.0
2025-06,Акварель,DJ09314,0.0,0.0
2024-07,БІ,DJ09320,4.0,1.3386784
2024-08,БІ,DJ09320,0.0,1.1285267
2024-09,БІ,DJ09320,2.0,0.7010716
2024-10,БІ,DJ09320,0.0,0.94979024
2024-11,БІ,DJ09320,1.0,0.0
2024-12,БІ,DJ09320,3.0,1.1550033
2025-01,БІ,DJ09320,1.0,0.0
2025-02,БІ,DJ09320,1.0,0.0
2025-03,БІ,DJ09320,1.0,0.0034391875
2025-04,БІ,DJ09320,0.0,0.0
2025-05,БІ,DJ09320,0.0,0.0
2025-06,БІ,DJ09320,2.0,0.060042392
2024-07,ІМ-Розетка,DJ09330,0.0,0.0
2024-08,ІМ-Розетка,DJ09330,0.0,0.85492617
2024-09,ІМ-Розетка,DJ09330,3.0,0.92856
2024-10,ІМ-Розетка,DJ09330,2.0,0.8233516
2024-11,ІМ-Розетка,DJ09330,5.0,1.4424065
2024-12,ІМ-Розетка,DJ09330,13.0,10.084662
2025-01,ІМ-Розетка,DJ09330,2.0,2.8503463
2025-02,ІМ-Розетка,DJ09330,0.0,1.0192975
2025-03,ІМ-Розетка,DJ09330,5.0,0.6374008
2025-04,ІМ-Розетка,DJ09330,2.0,0.7234787
2025-05,ІМ-Розетка,DJ09330,7.0,0.37931117
2025-06,ІМ-Розетка,DJ09330,0.0,0.81057125
2024-07,Акварель,DJ09330,2.0,1.0358617
2024-08,Акварель,DJ09330,5.0,1.2749984
2024-09,Акварель,DJ09330,3.0,1.6757121
2024-10,Акварель,DJ09330,1.0,0.9069462
2024-11,Акварель,DJ09330,3.0,1.5562866
2024-12,Акварель,DJ09330,11.0,7.7374763
2025-01,Акварель,DJ09330,7.0,3.5150414
2025-02,Акварель,DJ09330,6.0,2.6787252
2025-03,Акварель,DJ09330,9.0,2.6679277
2025-04,Акварель,DJ09330,0.0,0.7502787
2025-05,Акварель,DJ09330,3.0,0.5746908
2025-06,Акварель,DJ09330,0.0,1.0033787
2024-07,Антошка,DJ09330,1.0,0.67733586
2024-08,Антошка,DJ09330,8.0,0.95897806
2024-09,Антошка,DJ09330,4.0,1.2615263
2024-10,Антошка,DJ09330,2.0,0.80088055
2024-11,Антошка,DJ09330,2.0,0.99863327
2024-12,Антошка,DJ09330,12.0,5.150079
2025-01,Антошка,DJ09330,1.0,1.6136346
2025-02,Антошка,DJ09330,0.0,1.0135858
2025-03,Антошка,DJ09330,0.0,0.636636
2025-04,Антошка,DJ09330,1.0,0.023061143
2025-05,Антошка,DJ09330,0.0,0.13510187
2025-06,Антошка,DJ09330,0.0,0.21565062
2024-07,БІ,DJ09330,14.0,8.380872
2024-08,БІ,DJ09330,15.0,10.603212
2024-09,БІ,DJ09330,8.0,8.25562
2024-10,БІ,DJ09330,6.0,5.672819
2024-11,БІ,DJ09330,21.0,6.9975553
2024-12,БІ,DJ09330,68.0,46.576084
2025-01,БІ,DJ09330,27.0,15.18219
2025-02,БІ,DJ09330,16.0,14.328179
2025-03,БІ,DJ09330,26.0,13.305492
2025-04,БІ,DJ09330,12.0,8.574025
2025-05,БІ,DJ09330,12.0,5.9916077
2025-06,БІ,DJ09330,7.0,4.5839906
2024-07,МайПлей,DJ09330,2.0,0.30246267
2024-08,МайПлей,DJ09330,2.0,0.3360191
2024-09,МайПлей,DJ09330,3.0,0.42220664
2024-10,МайПлей,DJ09330,1.0,0.17496908
2024-11,МайПлей,DJ09330,1.0,0.1869448
2024-12,МайПлей,DJ09330,4.0,2.3876305
2025-01,МайПлей,DJ09330,1.0,0.6941893
2025-02,МайПлей,DJ09330,1.0,0.4333724
2025-03,МайПлей,DJ09330,0.0,0.28002748
2025-04,МайПлей,DJ09330,0.0,0.0
2025-05,МайПлей,DJ09330,0.0,0.0
2025-06,МайПлей,DJ09330,1.0,0.0
2024-07,Озерова ФОП,DJ09330,3.0,0.2277701
2024-08,Озерова ФОП,DJ09330,0.0,0.0
2024-09,Озерова ФОП,DJ09330,0.0,0.0
2024-10,Озерова ФОП,DJ09330,0.0,0.0
2024-11,Озерова ФОП,DJ09330,0.0,0.0
2024-12,Озерова ФОП,DJ09330,0.0,0.7304341
2025-01,Озерова ФОП,DJ09330,1.0,0.0033290244
2025-02,Озерова ФОП,DJ09330,0.0,0.0
2025-03,Озерова ФОП,DJ09330,0.0,0.0
2025-04,Озерова ФОП,DJ09330,0.0,0.0
2025-05,Озерова ФОП,DJ09330,0.0,0.0
2025-06,Озерова ФОП,DJ09330,0.0,0.0
2024-07,ІМ-Розетка,DJ09331,2.0,0.35399634
2024-08,ІМ-Розетка,DJ09331,1.0,1.2006531
2024-09,ІМ-Розетка,DJ09331,2.0,0.72574073
2024-10,ІМ-Розетка,DJ09331,1.0,0.23282821
2024-11,ІМ-Розетка,DJ09331,2.0,1.0836161
2024-12,ІМ-Розетка,DJ09331,10.0,5.8892956
2025-01,ІМ-Розетка,DJ09331,0.0,1.96628
2025-02,ІМ-Розетка,DJ09331,0.0,0.0
2025-03,ІМ-Розетка,DJ09331,1.0,0.0076337075
2025-04,ІМ-Розетка,DJ09331,0.0,0.17915957
2025-05,ІМ-Розетка,DJ09331,2.0,0.0076514254
2025-06,ІМ-Розетка,DJ09331,0.0,0.044329647
2024-07,Акварель,DJ09331,3.0,1.032284
2024-08,Акварель,DJ09331,2.0,1.00074
2024-09,Акварель,DJ09331,2.0,0.9856788
2024-10,Акварель,DJ09331,1.0,0.74480337
2024-11,Акварель,DJ09331,1.0,0.75964034
2024-12,Акварель,DJ09331,15.0,4.561164
2025-01,Акварель,DJ09331,3.0,3.1458306
2025-02,Акварель,DJ09331,4.0,0.9150155
2025-03,Акварель,DJ09331,3.0,0.5548855
2025-04,Акварель,DJ09331,3.0,0.54259145
2025-05,Акварель,DJ09331,3.0,0.43620732
2025-06,Акварель,DJ09331,0.0,0.51134545
2024-07,Антошка,DJ09331,2.0,0.12510015
2024-08,Антошка,DJ09331,1.0,0.24646527
2024-09,Антошка,DJ09331,0.0,0.22952572
2024-10,Антошка,DJ09331,2.0,0.14141813
2024-11,Антошка,DJ09331,2.0,0.19260979
2024-12,Антошка,DJ09331,6.0,2.248094
2025-01,Антошка,DJ09331,2.0,0.8977461
2025-02,Антошка,DJ09331,1.0,0.06583801
2025-03,Антошка,DJ09331,0.0,0.0
2025-04,Антошка,DJ09331,0.0,0.0
2025-05,Антошка,DJ09331,0.0,0.0
2025-06,Антошка,DJ09331,0.0,0.0
2024-07,БІ,DJ09331,8.0,3.2226377
2024-08,БІ,DJ09331,5.0,4.6111503
2024-09,БІ,DJ09331,9.0,3.9418757
2024-10,БІ,DJ09331,10.0,3.4298
2024-11,БІ,DJ09331,11.0,4.7483387
2024-12,БІ,DJ09331,37.0,21.791504
2025-01,БІ,DJ09331,19.0,9.634615
2025-02,БІ,DJ09331,8.0,3.9174807
2025-03,БІ,DJ09331,4.0,2.9871662
2025-04,БІ,DJ09331,1.0,2.1813996
2025-05,БІ,DJ09331,10.0,2.176318
2025-06,БІ,DJ09331,8.0,1.9249712
2024-07,МайПлей,DJ09331,1.0,0.0
2024-08,МайПлей,DJ09331,0.0,0.0
2024-09,МайПлей,DJ09331,0.0,0.0
2024-10,МайПлей,DJ09331,0.0,0.0
2024-11,МайПлей,DJ09331,2.0,0.0
2024-12,МайПлей,DJ09331,6.0,0.961963
2025-01,МайПлей,DJ09331,1.0,0.7126288
2025-02,МайПлей,DJ09331,1.0,0.0
2025-03,МайПлей,DJ09331,1.0,0.0
2025-04,МайПлей,DJ09331,0.0,0.0
2025-05,МайПлей,DJ09331,0.0,0.0
2025-06,МайПлей,DJ09331,2.0,0.0
2024-07,ІМ-Розетка,DJ09332,5.0,0.7373647
2024-08,ІМ-Розетка,DJ09332,2.0,1.0538783
2024-09,ІМ-Розетка,DJ09332,0.0,0.8480062
2024-10,ІМ-Розетка,DJ09332,1.0,0.2289836
2024-11,ІМ-Розетка,DJ09332,19.0,1.663767
2024-12,ІМ-Розетка,DJ09332,27.0,17.63587
2025-01,ІМ-Розетка,DJ09332,9.0,4.907949
2025-02,ІМ-Розетка,DJ09332,4.0,2.4314425
2025-03,ІМ-Розетка,DJ09332,9.0,2.5393157
2025-04,ІМ-Розетка,DJ09332,5.0,1.311355
2025-05,ІМ-Розетка,DJ09332,0.0,0.060936563
2025-06,ІМ-Розетка,DJ09332,0.0,0.0
2024-07,Акварель,DJ09332,0.0,1.4082897
2024-08,Акварель,DJ09332,5.0,1.3831253
2024-09,Акварель,DJ09332,5.0,1.9703231
2024-10,Акварель,DJ09332,0.0,1.3692181
2024-11,Акварель,DJ09332,7.0,2.1055775
2024-12,Акварель,DJ09332,21.0,10.402823
2025-01,Акварель,DJ09332,4.0,6.2726126
2025-02,Акварель,DJ09332,5.0,3.1351564
2025-03,Акварель,DJ09332,6.0,3.4665546
2025-04,Акварель,DJ09332,2.0,1.3800873
2025-05,Акварель,DJ09332,6.0,1.3166519
2025-06,Акварель,DJ09332,6.0,0.9664655
2024-07,Антошка,DJ09332,3.0,1.4597894
2024-08,Антошка,DJ09332,4.0,1.8756211
2024-09,Антошка,DJ09332,6.0,2.1377413
2024-10,Антошка,DJ09332,2.0,1.1661206
2024-11,Антошка,DJ09332,3.0,1.4409853
2024-12,Антошка,DJ09332,12.0,8.442236
2025-01,Антошка,DJ09332,6.0,3.3101976
2025-02,Антошка,DJ09332,6.0,2.5838282
2025-03,Антошка,DJ09332,8.0,2.5903895
2025-04,Антошка,DJ09332,5.0,1.0006068
2025-05,Антошка,DJ09332,2.0,0.84686446
2025-06,Антошка,DJ09332,2.0,0.90713555
2024-07,БІ,DJ09332,22.0,16.515593
2024-08,БІ,DJ09332,35.0,14.88735
2024-09,БІ,DJ09332,38.0,16.822844
2024-10,БІ,DJ09332,43.0,17.090849
2024-11,БІ,DJ09332,48.0,25.673681
2024-12,БІ,DJ09332,165.0,70.33455
2025-01,БІ,DJ09332,51.0,31.018034
2025-02,БІ,DJ09332,47.0,25.191439
2025-03,БІ,DJ09332,54.0,27.821218
2025-04,БІ,DJ09332,39.0,22.277021
2025-05,БІ,DJ09332,25.0,15.824011
2025-06,БІ,DJ09332,30.0,10.124813
2024-07,МайПлей,DJ09332,2.0,0.26596218
2024-08,МайПлей,DJ09332,2.0,0.36279675
2024-09,МайПлей,DJ09332,1.0,0.25052124
2024-10,МайПлей,DJ09332,0.0,0.0
2024-11,МайПлей,DJ09332,6.0,0.20452763
2024-12,МайПлей,DJ09332,5.0,3.6867828
2025-01,МайПлей,DJ09332,1.0,0.89610165
2025-02,МайПлей,DJ09332,1.0,0.22392194
2025-03,МайПлей,DJ09332,1.0,0.24649328
2025-04,МайПлей,DJ09332,3.0,0.0059964918
2025-05,МайПлей,DJ09332,1.0,0.0
2025-06,МайПлей,DJ09332,1.0,0.0
2024-07,Мегамаркет,DJ09332,0.0,0.0
2024-08,Мегамаркет,DJ09332,0.0,0.0
2024-09,Мегамаркет,DJ09332,2.0,0.0
2024-10,Мегамаркет,DJ09332,0.0,0.0
2024-11,Мегамаркет,DJ09332,1.0,0.038182907
2024-12,Мегамаркет,DJ09332,1.0,0.5508249
2025-01,Мегамаркет,DJ09332,0.0,0.0
2025-02,Мегамаркет,DJ09332,0.0,0.0
2025-03,Мегамаркет,DJ09332,0.0,0.0
2025-04,Мегамаркет,DJ09332,0.0,0.0
2025-05,Мегамаркет,DJ09332,0.0,0.0
2025-06,Мегамаркет,DJ09332,0.0,0.0
2024-07,ІМ-Розетка,DJ09348,0.0,0.0
2024-08,ІМ-Розетка,DJ09348,0.0,0.0
2024-09,ІМ-Розетка,DJ09348,1.0,0.0
2024-10,ІМ-Розетка,DJ09348,0.0,0.0
2024-11,ІМ-Розетка,DJ09348,1.0,0.0
2024-12,ІМ-Розетка,DJ09348,2.0,0.9097537
2025-01,ІМ-Розетка,DJ09348,0.0,0.00929332
2025-02,ІМ-Розетка,DJ09348,0.0,0.0
2025-03,ІМ-Розетка,DJ09348,1.0,0.0
2025-04,ІМ-Розетка,DJ09348,0.0,0.0
2025-05,ІМ-Розетка,DJ09348,0.0,0.0
2025-06,ІМ-Розетка,DJ09348,0.0,0.0
2024-07,Акварель,DJ09348,1.0,0.6331891
2024-08,Акварель,DJ09348,0.0,0.30937007
2024-09,Акварель,DJ09348,2.0,0.29349402
2024-10,Акварель,DJ09348,2.0,0.23010269
2024-11,Акварель,DJ09348,4.0,1.3716434
2024-12,Акварель,DJ09348,7.0,3.0912886
2025-01,Акварель,DJ09348,2.0,1.8663428
2025-02,Акварель,DJ09348,5.0,0.49414337
2025-03,Акварель,DJ09348,1.0,0.51227164
2025-04,Акварель,DJ09348,1.0,0.4490331
2025-05,Акварель,DJ09348,1.0,0.6744081
2025-06,Акварель,DJ09348,2.0,1.2905964
2024-07,БІ,DJ09348,5.0,2.1600401
2024-08,БІ,DJ09348,6.0,2.8515472
2024-09,БІ,DJ09348,3.0,2.3620298
2024-10,БІ,DJ09348,1.0,1.6555591
2024-11,БІ,DJ09348,9.0,1.6644301
2024-12,БІ,DJ09348,19.0,9.462066
2025-01,БІ,DJ09348,2.0,3.790585
2025-02,БІ,DJ09348,3.0,1.1757914
2025-03,БІ,DJ09348,0.0,0.81742454
2025-04,БІ,DJ09348,2.0,0.45370457
2025-05,БІ,DJ09348,1.0,0.74566513
2025-06,БІ,DJ09348,7.0,2.1155455
2024-07,Епіцентр,DJ09348,1.0,0.0
2024-08,Епіцентр,DJ09348,0.0,0.0
2024-09,Епіцентр,DJ09348,1.0,0.0
2024-10,Епіцентр,DJ09348,0.0,0.0
2024-11,Епіцентр,DJ09348,0.0,0.0
2024-12,Епіцентр,DJ09348,1.0,0.6206818
2025-01,Епіцентр,DJ09348,0.0,0.12459714
2025-02,Епіцентр,DJ09348,0.0,0.0
2025-03,Епіцентр,DJ09348,1.0,0.0
2025-04,Епіцентр,DJ09348,0.0,0.0
2025-05,Епіцентр,DJ09348,0.0,0.0
2025-06,Епіцентр,DJ09348,0.0,0.0
2024-07,МайПлей,DJ09348,0.0,0.0
2024-08,МайПлей,DJ09348,0.0,0.0
2024-09,МайПлей,DJ09348,1.0,0.0
2024-10,МайПлей,DJ09348,0.0,0.0
2024-11,МайПлей,DJ09348,0.0,0.0
2024-12,МайПлей,DJ09348,0.0,0.0
2025-01,МайПлей,DJ09348,0.0,0.0
2025-02,МайПлей,DJ09348,0.0,0.0
2025-03,МайПлей,DJ09348,1.0,0.0
2025-04,МайПлей,DJ09348,0.0,0.0
2025-05,МайПлей,DJ09348,1.0,0.0
2025-06,МайПлей,DJ09348,0.0,0.0
2024-07,Антошка,DJ09373,0.0,0.0
2024-08,Антошка,DJ09373,0.0,0.0
2024-09,Антошка,DJ09373,1.0,0.0
2024-10,Антошка,DJ09373,1.0,0.0
2024-11,Антошка,DJ09373,0.0,0.0
2024-12,Антошка,DJ09373,3.0,0.19818898
2025-01,Антошка,DJ09373,0.0,0.0
2025-02,Антошка,DJ09373,1.0,0.0
2025-03,Антошка,DJ09373,4.0,0.0
2025-04,Антошка,DJ09373,0.0,0.0
2025-05,Антошка,DJ09373,1.0,0.0
2025-06,Антошка,DJ09373,0.0,0.0
2024-07,БІ,DJ09373,0.0,0.6812495
2024-08,БІ,DJ09373,5.0,0.8163459
2024-09,БІ,DJ09373,6.0,1.1086384
2024-10,БІ,DJ09373,1.0,0.63140494
2024-11,БІ,DJ09373,2.0,0.70201683
2024-12,БІ,DJ09373,8.0,3.7911928
2025-01,БІ,DJ09373,3.0,0.97587836
2025-02,БІ,DJ09373,1.0,0.7877606
2025-03,БІ,DJ09373,2.0,0.52896076
2025-04,БІ,DJ09373,2.0,0.5140726
2025-05,БІ,DJ09373,5.0,0.5010961
2025-06,БІ,DJ09373,2.0,0.7412208
2024-07,ІМ-Розетка,DJ09381,1.0,0.0
2024-08,ІМ-Розетка,DJ09381,0.0,0.0
2024-09,ІМ-Розетка,DJ09381,0.0,0.0
2024-10,ІМ-Розетка,DJ09381,0.0,0.0
2024-11,ІМ-Розетка,DJ09381,4.0,0.0
2024-12,ІМ-Розетка,DJ09381,6.0,2.4576614
2025-01,ІМ-Розетка,DJ09381,0.0,0.0
2025-02,ІМ-Розетка,DJ09381,1.0,0.0
2025-03,ІМ-Розетка,DJ09381,0.0,0.0
2025-04,ІМ-Розетка,DJ09381,0.0,0.0
2025-05,ІМ-Розетка,DJ09381,0.0,0.0
2025-06,ІМ-Розетка,DJ09381,0.0,0.0
2024-07,Акварель,DJ09381,3.0,1.1975033
2024-08,Акварель,DJ09381,3.0,1.293264
2024-09,Акварель,DJ09381,6.0,1.6996523
2024-10,Акварель,DJ09381,6.0,2.0846858
2024-11,Акварель,DJ09381,3.0,2.8677726
2024-12,Акварель,DJ09381,6.0,7.0971427
2025-01,Акварель,DJ09381,5.0,2.2070038
2025-02,Акварель,DJ09381,4.0,1.3278829
2025-03,Акварель,DJ09381,1.0,1.2567927
2025-04,Акварель,DJ09381,0.0,1.1525114
2025-05,Акварель,DJ09381,3.0,0.69906056
2025-06,Акварель,DJ09381,3.0,1.1566029
2024-07,Антошка,DJ09381,2.0,0.09861015
2024-08,Антошка,DJ09381,0.0,0.09508508
2024-09,Антошка,DJ09381,2.0,0.03216296
2024-10,Антошка,DJ09381,4.0,0.25351912
2024-11,Антошка,DJ09381,2.0,0.20920324
2024-12,Антошка,DJ09381,2.0,1.7766277
2025-01,Антошка,DJ09381,1.0,0.018707372
2025-02,Антошка,DJ09381,1.0,0.0
2025-03,Антошка,DJ09381,5.0,0.0
2025-04,Антошка,DJ09381,0.0,0.06077184
2025-05,Антошка,DJ09381,0.0,0.013539193
2025-06,Антошка,DJ09381,0.0,0.0
2024-07,БІ,DJ09381,12.0,3.5247228
2024-08,БІ,DJ09381,9.0,4.9890294
2024-09,БІ,DJ09381,6.0,3.405568
2024-10,БІ,DJ09381,14.0,4.7224383
2024-11,БІ,DJ09381,14.0,6.8774137
2024-12,БІ,DJ09381,27.0,17.553356
2025-01,БІ,DJ09381,12.0,7.431677
2025-02,БІ,DJ09381,8.0,3.9190273
2025-03,БІ,DJ09381,3.0,2.228653
2025-04,БІ,DJ09381,3.0,1.9778343
2025-05,БІ,DJ09381,3.0,2.217836
2025-06,БІ,DJ09381,3.0,1.9695902
2024-07,Віват Канцелярія,DJ09381,0.0,0.0
2024-08,Віват Канцелярія,DJ09381,0.0,0.24763218
2024-09,Віват Канцелярія,DJ09381,1.0,0.091703534
2024-10,Віват Канцелярія,DJ09381,3.0,0.26288825
2024-11,Віват Канцелярія,DJ09381,2.0,0.26506388
2024-12,Віват Канцелярія,DJ09381,5.0,1.8970288
2025-01,Віват Канцелярія,DJ09381,0.0,0.28928977
2025-02,Віват Канцелярія,DJ09381,0.0,0.30164576
2025-03,Віват Канцелярія,DJ09381,4.0,0.0
2025-04,Віват Канцелярія,DJ09381,0.0,0.027489925
2025-05,Віват Канцелярія,DJ09381,3.0,0.11471607
2025-06,Віват Канцелярія,DJ09381,0.0,0.03510968
2024-07,МайПлей,DJ09381,1.0,0.0
2024-08,МайПлей,DJ09381,2.0,0.0
2024-09,МайПлей,DJ09381,0.0,0.0
2024-10,МайПлей,DJ09381,3.0,0.0010112269
2024-11,МайПлей,DJ09381,0.0,0.05163987
2024-12,МайПлей,DJ09381,2.0,1.2212064
2025-01,МайПлей,DJ09381,0.0,0.0
2025-02,МайПлей,DJ09381,1.0,0.0
2025-03,МайПлей,DJ09381,1.0,0.0
2025-04,МайПлей,DJ09381,1.0,0.0
2025-05,МайПлей,DJ09381,0.0,0.0
2025-06,МайПлей,DJ09381,1.0,0.0
2024-07,ІМ-Розетка,DJ09409,1.0,0.0
2024-08,ІМ-Розетка,DJ09409,1.0,0.13928325
2024-09,ІМ-Розетка,DJ09409,0.0,0.009428565
2024-10,ІМ-Розетка,DJ09409,2.0,0.20913169
2024-11,ІМ-Розетка,DJ09409,6.0,0.5910445
2024-12,ІМ-Розетка,DJ09409,4.0,3.8204403
2025-01,ІМ-Розетка,DJ09409,1.0,0.62209934
2025-02,ІМ-Розетка,DJ09409,0.0,0.04305393
2025-03,ІМ-Розетка,DJ09409,0.0,0.0
2025-04,ІМ-Розетка,DJ09409,2.0,0.0
2025-05,ІМ-Розетка,DJ09409,0.0,0.0
2025-06,ІМ-Розетка,DJ09409,3.0,0.0
2024-07,Акварель,DJ09409,2.0,0.5482227
2024-08,Акварель,DJ09409,0.0,0.6951925
2024-09,Акварель,DJ09409,1.0,0.64947015
2024-10,Акварель,DJ09409,1.0,0.53447056
2024-11,Акварель,DJ09409,4.0,1.322998
2024-12,Акварель,DJ09409,8.0,3.228726
2025-01,Акварель,DJ09409,5.0,1.7784408
2025-02,Акварель,DJ09409,3.0,1.1076596
2025-03,Акварель,DJ09409,4.0,0.67504954
2025-04,Акварель,DJ09409,5.0,0.79688376
2025-05,Акварель,DJ09409,2.0,1.1299938
2025-06,Акварель,DJ09409,1.0,1.1482407
2024-07,Антошка,DJ09409,2.0,0.0
2024-08,Антошка,DJ09409,1.0,0.01668935
2024-09,Антошка,DJ09409,0.0,0.018637061
2024-10,Антошка,DJ09409,0.0,0.0
2024-11,Антошка,DJ09409,0.0,0.0
2024-12,Антошка,DJ09409,1.0,0.30720705
2025-01,Антошка,DJ09409,1.0,0.0
2025-02,Антошка,DJ09409,3.0,0.0
2025-03,Антошка,DJ09409,0.0,0.0
2025-04,Антошка,DJ09409,0.0,0.0
2025-05,Антошка,DJ09409,0.0,0.0
2025-06,Антошка,DJ09409,1.0,0.0
2024-07,БІ,DJ09409,7.0,3.663458
2024-08,БІ,DJ09409,3.0,4.982388
2024-09,БІ,DJ09409,10.0,3.3175042
2024-10,БІ,DJ09409,7.0,3.7058668
2024-11,БІ,DJ09409,16.0,3.754557
2024-12,БІ,DJ09409,48.0,15.837052
2025-01,БІ,DJ09409,9.0,8.716888
2025-02,БІ,DJ09409,4.0,3.0444865
2025-03,БІ,DJ09409,7.0,1.8980491
2025-04,БІ,DJ09409,4.0,2.1950614
2025-05,БІ,DJ09409,3.0,2.0263197
2025-06,БІ,DJ09409,14.0,3.003469
2024-07,МайПлей,DJ09409,0.0,0.0
2024-08,МайПлей,DJ09409,0.0,0.0
2024-09,МайПлей,DJ09409,2.0,0.0
2024-10,МайПлей,DJ09409,1.0,0.0
2024-11,МайПлей,DJ09409,0.0,0.0
2024-12,МайПлей,DJ09409,3.0,0.4998535
2025-01,МайПлей,DJ09409,0.0,0.0
2025-02,МайПлей,DJ09409,1.0,0.0
2025-03,МайПлей,DJ09409,0.0,0.0
2025-04,МайПлей,DJ09409,0.0,0.0
2025-05,МайПлей,DJ09409,0.0,0.0
2025-06,МайПлей,DJ09409,1.0,0.0
2024-07,ІМ-Розетка,DJ09422,1.0,0.0
2024-08,ІМ-Розетка,DJ09422,1.0,0.16767958
2024-09,ІМ-Розетка,DJ09422,0.0,0.0
2024-10,ІМ-Розетка,DJ09422,0.0,0.0
2024-11,ІМ-Розетка,DJ09422,0.0,0.0
2024-12,ІМ-Розетка,DJ09422,0.0,1.4141974
2025-01,ІМ-Розетка,DJ09422,1.0,0.0
2025-02,ІМ-Розетка,DJ09422,0.0,0.0
2025-03,ІМ-Розетка,DJ09422,0.0,0.0
2025-04,ІМ-Розетка,DJ09422,0.0,0.0
2025-05,ІМ-Розетка,DJ09422,0.0,0.0
2025-06,ІМ-Розетка,DJ09422,0.0,0.0
2024-07,Акварель,DJ09422,3.0,1.2950795
2024-08,Акварель,DJ09422,6.0,1.182577
2024-09,Акварель,DJ09422,3.0,1.4193573
2024-10,Акварель,DJ09422,0.0,1.0163614
2024-11,Акварель,DJ09422,2.0,0.7438271
2024-12,Акварель,DJ09422,8.0,3.631108
2025-01,Акварель,DJ09422,0.0,0.7990247
2025-02,Акварель,DJ09422,2.0,0.88427734
2025-03,Акварель,DJ09422,0.0,0.8335971
2025-04,Акварель,DJ09422,2.0,0.2571525
2025-05,Акварель,DJ09422,3.0,0.3236911
2025-06,Акварель,DJ09422,2.0,0.4528102
2024-07,БІ,DJ09422,10.0,2.01491
2024-08,БІ,DJ09422,8.0,3.5733316
2024-09,БІ,DJ09422,9.0,3.3224397
2024-10,БІ,DJ09422,3.0,2.807587
2024-11,БІ,DJ09422,4.0,2.5626416
2024-12,БІ,DJ09422,12.0,7.170037
2025-01,БІ,DJ09422,7.0,2.8747125
2025-02,БІ,DJ09422,13.0,3.1560817
2025-03,БІ,DJ09422,7.0,3.362701
2025-04,БІ,DJ09422,10.0,2.0664876
2025-05,БІ,DJ09422,6.0,2.8942537
2025-06,БІ,DJ09422,8.0,2.5588343
2024-07,МайПлей,DJ09422,0.0,0.0
2024-08,МайПлей,DJ09422,0.0,0.0
2024-09,МайПлей,DJ09422,0.0,0.0
2024-10,МайПлей,DJ09422,1.0,0.0
2024-11,МайПлей,DJ09422,1.0,0.0
2024-12,МайПлей,DJ09422,3.0,0.64306474
2025-01,МайПлей,DJ09422,1.0,0.0
2025-02,МайПлей,DJ09422,1.0,0.051197924
2025-03,МайПлей,DJ09422,2.0,0.030875623
2025-04,МайПлей,DJ09422,0.0,0.0
2025-05,МайПлей,DJ09422,1.0,0.0
2025-06,МайПлей,DJ09422,1.0,0.0
2024-07,ІМ-Розетка,DJ09425,0.0,0.0
2024-08,ІМ-Розетка,DJ09425,0.0,0.0
2024-09,ІМ-Розетка,DJ09425,1.0,0.0
2024-10,ІМ-Розетка,DJ09425,0.0,0.0
2024-11,ІМ-Розетка,DJ09425,2.0,0.0
2024-12,ІМ-Розетка,DJ09425,9.0,2.631588
2025-01,ІМ-Розетка,DJ09425,1.0,0.8001156
2025-02,ІМ-Розетка,DJ09425,1.0,0.0
2025-03,ІМ-Розетка,DJ09425,0.0,0.0
2025-04,ІМ-Розетка,DJ09425,0.0,0.0
2025-05,ІМ-Розетка,DJ09425,0.0,0.0
2025-06,ІМ-Розетка,DJ09425,2.0,0.0
2024-07,Акварель,DJ09425,4.0,1.6008043
2024-08,Акварель,DJ09425,1.0,1.4597929
2024-09,Акварель,DJ09425,4.0,1.4118645
2024-10,Акварель,DJ09425,2.0,2.4413848
2024-11,Акварель,DJ09425,6.0,2.4067104
2024-12,Акварель,DJ09425,13.0,6.932834
2025-01,Акварель,DJ09425,3.0,2.920061
2025-02,Акварель,DJ09425,5.0,1.3867104
2025-03,Акварель,DJ09425,3.0,0.97222686
2025-04,Акварель,DJ09425,2.0,0.9362875
2025-05,Акварель,DJ09425,1.0,0.94677746
2025-06,Акварель,DJ09425,2.0,0.8202818
2024-07,Антошка,DJ09425,0.0,0.0
2024-08,Антошка,DJ09425,1.0,0.0
2024-09,Антошка,DJ09425,1.0,0.0
2024-10,Антошка,DJ09425,0.0,0.17926253
2024-11,Антошка,DJ09425,1.0,0.05366659
2024-12,Антошка,DJ09425,4.0,1.3817359
2025-01,Антошка,DJ09425,3.0,0.22804362
2025-02,Антошка,DJ09425,1.0,0.0
2025-03,Антошка,DJ09425,1.0,0.0
2025-04,Антошка,DJ09425,0.0,0.0
2025-05,Антошка,DJ09425,0.0,0.0
2025-06,Антошка,DJ09425,0.0,0.0
2024-07,БІ,DJ09425,21.0,10.2035475
2024-08,БІ,DJ09425,15.0,9.640236
2024-09,БІ,DJ09425,11.0,7.9560723
2024-10,БІ,DJ09425,26.0,10.1442795
2024-11,БІ,DJ09425,30.0,13.799945
2024-12,БІ,DJ09425,88.0,32.264446
2025-01,БІ,DJ09425,40.0,20.172136
2025-02,БІ,DJ09425,16.0,12.827971
2025-03,БІ,DJ09425,15.0,8.468711
2025-04,БІ,DJ09425,10.0,6.3153124
2025-05,БІ,DJ09425,13.0,5.535512
2025-06,БІ,DJ09425,13.0,5.0644784
2024-07,МайПлей,DJ09425,1.0,0.0
2024-08,МайПлей,DJ09425,1.0,0.0
2024-09,МайПлей,DJ09425,0.0,0.0
2024-10,МайПлей,DJ09425,7.0,0.0
2024-11,МайПлей,DJ09425,2.0,0.5082174
2024-12,МайПлей,DJ09425,6.0,1.6161829
2025-01,МайПлей,DJ09425,0.0,0.0
2025-02,МайПлей,DJ09425,3.0,0.0
2025-03,МайПлей,DJ09425,0.0,0.0
2025-04,МайПлей,DJ09425,0.0,0.017356405
2025-05,МайПлей,DJ09425,1.0,0.0
2025-06,МайПлей,DJ09425,1.0,0.01920989
2024-07,Акварель,DJ09436,2.0,1.3259999
2024-08,Акварель,DJ09436,8.0,2.1445885
2024-09,Акварель,DJ09436,1.0,2.318869
2024-10,Акварель,DJ09436,2.0,1.0121927
2024-11,Акварель,DJ09436,1.0,1.3319438
2024-12,Акварель,DJ09436,5.0,2.4819431
2025-01,Акварель,DJ09436,2.0,0.8445107
2025-02,Акварель,DJ09436,3.0,1.1821944
2025-03,Акварель,DJ09436,2.0,1.1995316
2025-04,Акварель,DJ09436,1.0,0.6954379
2025-05,Акварель,DJ09436,1.0,0.691215
2025-06,Акварель,DJ09436,3.0,1.3334751
2024-07,БІ,DJ09436,5.0,1.3006061
2024-08,БІ,DJ09436,4.0,1.7755469
2024-09,БІ,DJ09436,3.0,1.6497409
2024-10,БІ,DJ09436,6.0,0.9621952
2024-11,БІ,DJ09436,4.0,1.2748142
2024-12,БІ,DJ09436,2.0,3.5853043
2025-01,БІ,DJ09436,5.0,0.96498847
2025-02,БІ,DJ09436,0.0,1.4616488
2025-03,БІ,DJ09436,7.0,0.6134814
2025-04,БІ,DJ09436,4.0,0.69115007
2025-05,БІ,DJ09436,2.0,0.73676854
2025-06,БІ,DJ09436,6.0,1.6442387
2024-07,БІ,DJ09437,5.0,1.3050376
2024-08,БІ,DJ09437,5.0,1.6461698
2024-09,БІ,DJ09437,10.0,2.0830176
2024-10,БІ,DJ09437,16.0,2.3178642
2024-11,БІ,DJ09437,2.0,3.8362699
2024-12,БІ,DJ09437,8.0,6.375243
2025-01,БІ,DJ09437,2.0,1.5757401
2025-02,БІ,DJ09437,7.0,1.6354339
2025-03,БІ,DJ09437,5.0,1.5231186
2025-04,БІ,DJ09437,2.0,0.9888884
2025-05,БІ,DJ09437,2.0,0.86635196
2025-06,БІ,DJ09437,1.0,1.7852205
2024-07,Акварель,DJ09460,6.0,1.4404336
2024-08,Акварель,DJ09460,1.0,1.1966767
2024-09,Акварель,DJ09460,3.0,1.3209807
2024-10,Акварель,DJ09460,0.0,0.11446787
2024-11,Акварель,DJ09460,0.0,0.0
2024-12,Акварель,DJ09460,5.0,1.2303599
2025-01,Акварель,DJ09460,0.0,0.0
2025-02,Акварель,DJ09460,1.0,0.14261276
2025-03,Акварель,DJ09460,1.0,0.09552072
2025-04,Акварель,DJ09460,0.0,0.0
2025-05,Акварель,DJ09460,1.0,0.0784307
2025-06,Акварель,DJ09460,0.0,0.0
2024-07,Акварель,DJ09461,0.0,0.3111585
2024-08,Акварель,DJ09461,1.0,1.4150103
2024-09,Акварель,DJ09461,3.0,1.2634238
2024-10,Акварель,DJ09461,1.0,1.1354877
2024-11,Акварель,DJ09461,1.0,0.5204479
2024-12,Акварель,DJ09461,2.0,1.0012393
2025-01,Акварель,DJ09461,2.0,0.03852216
2025-02,Акварель,DJ09461,0.0,0.0
2025-03,Акварель,DJ09461,1.0,0.0
2025-04,Акварель,DJ09461,0.0,0.0
2025-05,Акварель,DJ09461,1.0,0.0
2025-06,Акварель,DJ09461,1.0,0.064594075
2024-07,Акварель,DJ09462,1.0,1.5709612
2024-08,Акварель,DJ09462,2.0,1.3431494
2024-09,Акварель,DJ09462,2.0,1.7606008
2024-10,Акварель,DJ09462,2.0,1.7380043
2024-11,Акварель,DJ09462,2.0,0.67653364
2024-12,Акварель,DJ09462,7.0,1.3292216
2025-01,Акварель,DJ09462,0.0,0.0
2025-02,Акварель,DJ09462,1.0,0.2827789
2025-03,Акварель,DJ09462,1.0,0.36800238
2025-04,Акварель,DJ09462,0.0,0.0
2025-05,Акварель,DJ09462,1.0,0.45060536
2025-06,Акварель,DJ09462,1.0,0.29965314
2024-07,ІМ-Розетка,DJ09463,0.0,0.0
2024-08,ІМ-Розетка,DJ09463,0.0,0.0
2024-09,ІМ-Розетка,DJ09463,0.0,0.0
2024-10,ІМ-Розетка,DJ09463,0.0,0.0
2024-11,ІМ-Розетка,DJ09463,2.0,0.5060361
2024-12,ІМ-Розетка,DJ09463,4.0,2.106838
2025-01,ІМ-Розетка,DJ09463,0.0,0.0
2025-02,ІМ-Розетка,DJ09463,1.0,0.080782995
2025-03,ІМ-Розетка,DJ09463,0.0,0.0
2025-04,ІМ-Розетка,DJ09463,2.0,0.10259442
2025-05,ІМ-Розетка,DJ09463,1.0,0.11126072
2025-06,ІМ-Розетка,DJ09463,2.0,0.18898131
2024-07,Акварель,DJ09463,1.0,0.2706145
2024-08,Акварель,DJ09463,1.0,0.2613682
2024-09,Акварель,DJ09463,0.0,0.0792828
2024-10,Акварель,DJ09463,1.0,0.35183576
2024-11,Акварель,DJ09463,1.0,0.3886872
2024-12,Акварель,DJ09463,2.0,0.89137083
2025-01,Акварель,DJ09463,1.0,0.15794207
2025-02,Акварель,DJ09463,0.0,0.0
2025-03,Акварель,DJ09463,0.0,0.0
2025-04,Акварель,DJ09463,1.0,0.10391578
2025-05,Акварель,DJ09463,1.0,0.18254541
2025-06,Акварель,DJ09463,0.0,0.0
2024-07,Епіцентр,DJ09463,1.0,0.0
2024-08,Епіцентр,DJ09463,0.0,0.0
2024-09,Епіцентр,DJ09463,0.0,0.0
2024-10,Епіцентр,DJ09463,0.0,0.0
2024-11,Епіцентр,DJ09463,0.0,0.0
2024-12,Епіцентр,DJ09463,2.0,0.21009798
2025-01,Епіцентр,DJ09463,1.0,0.0
2025-02,Епіцентр,DJ09463,0.0,0.0
2025-03,Епіцентр,DJ09463,0.0,0.0
2025-04,Епіцентр,DJ09463,0.0,0.0
2025-05,Епіцентр,DJ09463,1.0,0.0
2025-06,Епіцентр,DJ09463,0.0,0.0
2024-07,МайПлей,DJ09463,0.0,0.0
2024-08,МайПлей,DJ09463,0.0,0.0
2024-09,МайПлей,DJ09463,0.0,0.0
2024-10,МайПлей,DJ09463,0.0,0.0
2024-11,МайПлей,DJ09463,0.0,0.0
2024-12,МайПлей,DJ09463,0.0,0.0
2025-01,МайПлей,DJ09463,1.0,0.0
2025-02,МайПлей,DJ09463,0.0,0.0
2025-03,МайПлей,DJ09463,0.0,0.0
2025-04,МайПлей,DJ09463,0.0,0.0
2025-05,МайПлей,DJ09463,0.0,0.0
2025-06,МайПлей,DJ09463,0.0,0.0
2024-07,Мегамаркет,DJ09463,0.0,0.0
2024-08,Мегамаркет,DJ09463,1.0,0.0
2024-09,Мегамаркет,DJ09463,2.0,0.0
2024-10,Мегамаркет,DJ09463,1.0,0.0
2024-11,Мегамаркет,DJ09463,0.0,0.0
2024-12,Мегамаркет,DJ09463,0.0,0.0
2025-01,Мегамаркет,DJ09463,0.0,0.0
2025-02,Мегамаркет,DJ09463,0.0,0.0
2025-03,Мегамаркет,DJ09463,1.0,0.0
2025-04,Мегамаркет,DJ09463,0.0,0.0
2025-05,Мегамаркет,DJ09463,0.0,0.0
2025-06,Мегамаркет,DJ09463,0.0,0.0
2024-07,Акварель,DJ09465,1.0,1.535631
2024-08,Акварель,DJ09465,3.0,1.4031708
2024-09,Акварель,DJ09465,6.0,1.1400688
2024-10,Акварель,DJ09465,2.0,1.2140818
2024-11,Акварель,DJ09465,3.0,0.82078815
2024-12,Акварель,DJ09465,6.0,1.84427
2025-01,Акварель,DJ09465,2.0,0.5185103
2025-02,Акварель,DJ09465,0.0,0.0
2025-03,Акварель,DJ09465,1.0,0.34485087
2025-04,Акварель,DJ09465,1.0,0.06188022
2025-05,Акварель,DJ09465,0.0,0.0
2025-06,Акварель,DJ09465,0.0,0.0
2024-07,Мегамаркет,DJ09465,0.0,0.0
2024-08,Мегамаркет,DJ09465,0.0,0.0
2024-09,Мегамаркет,DJ09465,1.0,0.20377456
2024-10,Мегамаркет,DJ09465,1.0,0.18553363
2024-11,Мегамаркет,DJ09465,0.0,0.0
2024-12,Мегамаркет,DJ09465,0.0,0.0
2025-01,Мегамаркет,DJ09465,1.0,0.0
2025-02,Мегамаркет,DJ09465,0.0,0.0
2025-03,Мегамаркет,DJ09465,1.0,0.025714643
2025-04,Мегамаркет,DJ09465,1.0,0.0
2025-05,Мегамаркет,DJ09465,0.0,0.0
2025-06,Мегамаркет,DJ09465,1.0,0.002431662
2024-07,Акварель,DJ09466,4.0,1.4774212
2024-08,Акварель,DJ09466,2.0,1.1810251
2024-09,Акварель,DJ09466,1.0,1.2402331
2024-10,Акварель,DJ09466,1.0,1.3138058
2024-11,Акварель,DJ09466,2.0,0.6092792
2024-12,Акварель,DJ09466,3.0,1.2219455
2025-01,Акварель,DJ09466,1.0,0.5051869
2025-02,Акварель,DJ09466,4.0,0.49999243
2025-03,Акварель,DJ09466,0.0,0.0
2025-04,Акварель,DJ09466,1.0,0.34542927
2025-05,Акварель,DJ09466,1.0,0.23259382
2025-06,Акварель,DJ09466,0.0,0.0
2024-07,Мегамаркет,DJ09466,0.0,0.0
2024-08,Мегамаркет,DJ09466,1.0,0.20398726
2024-09,Мегамаркет,DJ09466,1.0,0.15065351
2024-10,Мегамаркет,DJ09466,0.0,0.0
2024-11,Мегамаркет,DJ09466,0.0,0.0
2024-12,Мегамаркет,DJ09466,0.0,0.0
2025-01,Мегамаркет,DJ09466,0.0,0.0
2025-02,Мегамаркет,DJ09466,0.0,0.0
2025-03,Мегамаркет,DJ09466,0.0,0.0
2025-04,Мегамаркет,DJ09466,1.0,0.0
2025-05,Мегамаркет,DJ09466,1.0,0.0
2025-06,Мегамаркет,DJ09466,2.0,0.0
2024-07,Акварель,DJ09467,0.0,0.0
2024-08,Акварель,DJ09467,2.0,1.1187041
2024-09,Акварель,DJ09467,2.0,0.87916917
2024-10,Акварель,DJ09467,0.0,0.003461437
2024-11,Акварель,DJ09467,0.0,0.0
2024-12,Акварель,DJ09467,4.0,1.0574158
2025-01,Акварель,DJ09467,1.0,0.0
2025-02,Акварель,DJ09467,0.0,0.0
2025-03,Акварель,DJ09467,0.0,0.0
2025-04,Акварель,DJ09467,0.0,0.0
2025-05,Акварель,DJ09467,1.0,0.0
2025-06,Акварель,DJ09467,0.0,0.0
2024-07,Мегамаркет,DJ09467,0.0,0.0
2024-08,Мегамаркет,DJ09467,0.0,0.0
2024-09,Мегамаркет,DJ09467,0.0,0.0
2024-10,Мегамаркет,DJ09467,0.0,0.0
2024-11,Мегамаркет,DJ09467,0.0,0.0
2024-12,Мегамаркет,DJ09467,3.0,0.0
2025-01,Мегамаркет,DJ09467,1.0,0.0
2025-02,Мегамаркет,DJ09467,1.0,0.0
2025-03,Мегамаркет,DJ09467,0.0,0.0
2025-04,Мегамаркет,DJ09467,1.0,0.0
2025-05,Мегамаркет,DJ09467,2.0,0.0
2025-06,Мегамаркет,DJ09467,1.0,0.0
2024-07,Акварель,DJ09468,2.0,0.9314682
2024-08,Акварель,DJ09468,1.0,0.89436585
2024-09,Акварель,DJ09468,1.0,0.98419166
2024-10,Акварель,DJ09468,0.0,0.053420305
2024-11,Акварель,DJ09468,1.0,0.4186761
2024-12,Акварель,DJ09468,2.0,0.8375623
2025-01,Акварель,DJ09468,0.0,0.0
2025-02,Акварель,DJ09468,1.0,0.19378412
2025-03,Акварель,DJ09468,0.0,0.0
2025-04,Акварель,DJ09468,3.0,0.1576928
2025-05,Акварель,DJ09468,2.0,0.13804395
2025-06,Акварель,DJ09468,0.0,0.0
2024-07,Акварель,DJ09470,2.0,1.2113498
2024-08,Акварель,DJ09470,5.0,1.1454542
2024-09,Акварель,DJ09470,0.0,0.0
2024-10,Акварель,DJ09470,3.0,1.3761107
2024-11,Акварель,DJ09470,0.0,0.0
2024-12,Акварель,DJ09470,0.0,0.17467938
2025-01,Акварель,DJ09470,2.0,0.2709074
2025-02,Акварель,DJ09470,0.0,0.0
2025-03,Акварель,DJ09470,1.0,0.2333127
2025-04,Акварель,DJ09470,0.0,0.0
2025-05,Акварель,DJ09470,1.0,0.27830717
2025-06,Акварель,DJ09470,0.0,0.0
2024-07,Акварель,DJ09498,0.0,0.7479597
2024-08,Акварель,DJ09498,1.0,0.9039154
2024-09,Акварель,DJ09498,3.0,0.62660044
2024-10,Акварель,DJ09498,1.0,0.68192524
2024-11,Акварель,DJ09498,6.0,1.2925137
2024-12,Акварель,DJ09498,7.0,3.9837842
2025-01,Акварель,DJ09498,5.0,1.5811179
2025-02,Акварель,DJ09498,3.0,0.8457026
2025-03,Акварель,DJ09498,3.0,0.7487304
2025-04,Акварель,DJ09498,3.0,0.7823431
2025-05,Акварель,DJ09498,0.0,0.96286786
2025-06,Акварель,DJ09498,3.0,0.8702687
2024-07,Антошка,DJ09498,3.0,0.027035479
2024-08,Антошка,DJ09498,0.0,0.08790677
2024-09,Антошка,DJ09498,0.0,0.09919932
2024-10,Антошка,DJ09498,0.0,0.095595494
2024-11,Антошка,DJ09498,1.0,0.0
2024-12,Антошка,DJ09498,2.0,0.8346967
2025-01,Антошка,DJ09498,3.0,0.071580425
2025-02,Антошка,DJ09498,0.0,0.02623857
2025-03,Антошка,DJ09498,0.0,0.0
2025-04,Антошка,DJ09498,2.0,0.0
2025-05,Антошка,DJ09498,1.0,0.02998702
2025-06,Антошка,DJ09498,0.0,0.047640007
2024-07,БІ,DJ09498,9.0,1.9320518
2024-08,БІ,DJ09498,6.0,2.7074134
2024-09,БІ,DJ09498,7.0,2.4031968
2024-10,БІ,DJ09498,7.0,2.602515
2024-11,БІ,DJ09498,2.0,3.2777731
2024-12,БІ,DJ09498,14.0,6.8436313
2025-01,БІ,DJ09498,15.0,3.7634897
2025-02,БІ,DJ09498,4.0,2.9475036
2025-03,БІ,DJ09498,2.0,1.9820539
2025-04,БІ,DJ09498,9.0,1.244894
2025-05,БІ,DJ09498,0.0,1.8001803
2025-06,БІ,DJ09498,10.0,1.2579452
2024-07,Віват Канцелярія,DJ09498,1.0,0.013569279
2024-08,Віват Канцелярія,DJ09498,1.0,0.3692728
2024-09,Віват Канцелярія,DJ09498,3.0,0.19669421
2024-10,Віват Канцелярія,DJ09498,0.0,0.10118701
2024-11,Віват Канцелярія,DJ09498,2.0,0.47276738
2024-12,Віват Канцелярія,DJ09498,3.0,1.1452963
2025-01,Віват Канцелярія,DJ09498,1.0,0.16415893
2025-02,Віват Канцелярія,DJ09498,1.0,0.0
2025-03,Віват Канцелярія,DJ09498,0.0,0.0
2025-04,Віват Канцелярія,DJ09498,0.0,0.07270515
2025-05,Віват Канцелярія,DJ09498,0.0,0.051035218
2025-06,Віват Канцелярія,DJ09498,1.0,0.045386698
2024-07,МайПлей,DJ09498,2.0,0.1910211
2024-08,МайПлей,DJ09498,0.0,0.0
2024-09,МайПлей,DJ09498,1.0,0.0
2024-10,МайПлей,DJ09498,1.0,0.0
2024-11,МайПлей,DJ09498,0.0,0.0
2024-12,МайПлей,DJ09498,5.0,0.47859558
2025-01,МайПлей,DJ09498,2.0,0.26506177
2025-02,МайПлей,DJ09498,0.0,0.0
2025-03,МайПлей,DJ09498,0.0,0.0
2025-04,МайПлей,DJ09498,1.0,0.0
2025-05,МайПлей,DJ09498,1.0,0.0
2025-06,МайПлей,DJ09498,1.0,0.0
2024-07,Смік,DJ09498,0.0,0.0
2024-08,Смік,DJ09498,0.0,0.0
2024-09,Смік,DJ09498,0.0,0.0
2024-10,Смік,DJ09498,0.0,0.0
2024-11,Смік,DJ09498,0.0,0.0
2024-12,Смік,DJ09498,2.0,0.0
2025-01,Смік,DJ09498,0.0,0.0
2025-02,Смік,DJ09498,0.0,0.0
2025-03,Смік,DJ09498,1.0,0.0
2025-04,Смік,DJ09498,0.0,0.0
2025-05,Смік,DJ09498,0.0,0.0
2025-06,Смік,DJ09498,3.0,0.0
2024-07,ІМ-Розетка,DJ09499,1.0,0.0
2024-08,ІМ-Розетка,DJ09499,0.0,0.0
2024-09,ІМ-Розетка,DJ09499,0.0,0.0
2024-10,ІМ-Розетка,DJ09499,0.0,0.0
2024-11,ІМ-Розетка,DJ09499,0.0,0.0
2024-12,ІМ-Розетка,DJ09499,1.0,0.8721282
2025-01,ІМ-Розетка,DJ09499,0.0,0.0
2025-02,ІМ-Розетка,DJ09499,0.0,0.0
2025-03,ІМ-Розетка,DJ09499,0.0,0.0
2025-04,ІМ-Розетка,DJ09499,0.0,0.0
2025-05,ІМ-Розетка,DJ09499,1.0,0.0
2025-06,ІМ-Розетка,DJ09499,2.0,0.0
2024-07,Акварель,DJ09499,1.0,0.4100655
2024-08,Акварель,DJ09499,2.0,0.41438544
2024-09,Акварель,DJ09499,1.0,0.26228017
2024-10,Акварель,DJ09499,1.0,0.5861336
2024-11,Акварель,DJ09499,0.0,0.0
2024-12,Акварель,DJ09499,0.0,0.17077638
2025-01,Акварель,DJ09499,0.0,0.0
2025-02,Акварель,DJ09499,2.0,0.29350784
2025-03,Акварель,DJ09499,1.0,0.3243255
2025-04,Акварель,DJ09499,1.0,0.3583465
2025-05,Акварель,DJ09499,1.0,0.34090337
2025-06,Акварель,DJ09499,0.0,0.0
2024-07,Антошка,DJ09499,0.0,0.0
2024-08,Антошка,DJ09499,0.0,0.0
2024-09,Антошка,DJ09499,1.0,0.0
2024-10,Антошка,DJ09499,1.0,0.0273533
2024-11,Антошка,DJ09499,2.0,0.10859883
2024-12,Антошка,DJ09499,1.0,0.6194935
2025-01,Антошка,DJ09499,0.0,0.0
2025-02,Антошка,DJ09499,1.0,0.0
2025-03,Антошка,DJ09499,0.0,0.0
2025-04,Антошка,DJ09499,1.0,0.0
2025-05,Антошка,DJ09499,2.0,0.038004983
2025-06,Антошка,DJ09499,1.0,0.06640605
2024-07,БІ,DJ09499,3.0,0.6323607
2024-08,БІ,DJ09499,0.0,0.6965434
2024-09,БІ,DJ09499,2.0,0.4132382
2024-10,БІ,DJ09499,0.0,0.0
2024-11,БІ,DJ09499,2.0,0.5949024
2024-12,БІ,DJ09499,7.0,2.562657
2025-01,БІ,DJ09499,3.0,1.1117741
2025-02,БІ,DJ09499,0.0,0.027076188
2025-03,БІ,DJ09499,2.0,0.37599006
2025-04,БІ,DJ09499,5.0,0.665902
2025-05,БІ,DJ09499,2.0,0.6807678
2025-06,БІ,DJ09499,1.0,0.64534545
2024-07,Віват Канцелярія,DJ09499,0.0,0.0
2024-08,Віват Канцелярія,DJ09499,1.0,0.0
2024-09,Віват Канцелярія,DJ09499,0.0,0.0
2024-10,Віват Канцелярія,DJ09499,0.0,0.0
2024-11,Віват Канцелярія,DJ09499,0.0,0.0
2024-12,Віват Канцелярія,DJ09499,1.0,0.47391796
2025-01,Віват Канцелярія,DJ09499,0.0,0.0
2025-02,Віват Канцелярія,DJ09499,0.0,0.0
2025-03,Віват Канцелярія,DJ09499,0.0,0.0
2025-04,Віват Канцелярія,DJ09499,0.0,0.0
2025-05,Віват Канцелярія,DJ09499,0.0,0.0
2025-06,Віват Канцелярія,DJ09499,0.0,0.0
2024-07,Мегамаркет,DJ09499,0.0,0.0
2024-08,Мегамаркет,DJ09499,0.0,0.0
2024-09,Мегамаркет,DJ09499,0.0,0.0
2024-10,Мегамаркет,DJ09499,0.0,0.0
2024-11,Мегамаркет,DJ09499,1.0,0.0
2024-12,Мегамаркет,DJ09499,0.0,0.12455417
2025-01,Мегамаркет,DJ09499,0.0,0.0
2025-02,Мегамаркет,DJ09499,0.0,0.0
2025-03,Мегамаркет,DJ09499,1.0,0.0
2025-04,Мегамаркет,DJ09499,0.0,0.0
2025-05,Мегамаркет,DJ09499,0.0,0.0
2025-06,Мегамаркет,DJ09499,0.0,0.0
2024-07,ІМ-Розетка,DJ09500,0.0,0.0
2024-08,ІМ-Розетка,DJ09500,1.0,0.0
2024-09,ІМ-Розетка,DJ09500,0.0,0.0
2024-10,ІМ-Розетка,DJ09500,0.0,0.0
2024-11,ІМ-Розетка,DJ09500,0.0,0.0
2024-12,ІМ-Розетка,DJ09500,0.0,0.5863049
2025-01,ІМ-Розетка,DJ09500,0.0,0.0
2025-02,ІМ-Розетка,DJ09500,0.0,0.0
2025-03,ІМ-Розетка,DJ09500,0.0,0.0
2025-04,ІМ-Розетка,DJ09500,1.0,0.0
2025-05,ІМ-Розетка,DJ09500,1.0,0.0
2025-06,ІМ-Розетка,DJ09500,0.0,0.0
2024-07,Акварель,DJ09500,2.0,0.4635711
2024-08,Акварель,DJ09500,2.0,0.5219019
2024-09,Акварель,DJ09500,1.0,0.28723833
2024-10,Акварель,DJ09500,0.0,0.24188553
2024-11,Акварель,DJ09500,4.0,0.1862902
2024-12,Акварель,DJ09500,5.0,1.4887309
2025-01,Акварель,DJ09500,1.0,0.34371093
2025-02,Акварель,DJ09500,1.0,0.1287935
2025-03,Акварель,DJ09500,1.0,0.26036465
2025-04,Акварель,DJ09500,2.0,0.40645638
2025-05,Акварель,DJ09500,0.0,0.0
2025-06,Акварель,DJ09500,1.0,0.3563894
2024-07,Віват Канцелярія,DJ09500,1.0,0.0
2024-08,Віват Канцелярія,DJ09500,0.0,0.0
2024-09,Віват Канцелярія,DJ09500,1.0,0.0
2024-10,Віват Канцелярія,DJ09500,0.0,0.0
2024-11,Віват Канцелярія,DJ09500,0.0,0.0
2024-12,Віват Канцелярія,DJ09500,5.0,0.22996852
2025-01,Віват Канцелярія,DJ09500,0.0,0.0
2025-02,Віват Канцелярія,DJ09500,1.0,0.0
2025-03,Віват Канцелярія,DJ09500,2.0,0.0
2025-04,Віват Канцелярія,DJ09500,1.0,0.0
2025-05,Віват Канцелярія,DJ09500,0.0,0.0
2025-06,Віват Канцелярія,DJ09500,0.0,0.0
2024-07,МайПлей,DJ09500,0.0,0.0
2024-08,МайПлей,DJ09500,0.0,0.0
2024-09,МайПлей,DJ09500,0.0,0.0
2024-10,МайПлей,DJ09500,0.0,0.0
2024-11,МайПлей,DJ09500,0.0,0.0
2024-12,МайПлей,DJ09500,1.0,0.0
2025-01,МайПлей,DJ09500,3.0,0.0
2025-02,МайПлей,DJ09500,1.0,0.0
2025-03,МайПлей,DJ09500,0.0,0.0
2025-04,МайПлей,DJ09500,0.0,0.0
2025-05,МайПлей,DJ09500,0.0,0.0
2025-06,МайПлей,DJ09500,0.0,0.0
2024-07,ІМ-Розетка,DJ09503,0.0,0.0
2024-08,ІМ-Розетка,DJ09503,1.0,0.060273733
2024-09,ІМ-Розетка,DJ09503,0.0,0.0
2024-10,ІМ-Розетка,DJ09503,0.0,0.0
2024-11,ІМ-Розетка,DJ09503,0.0,0.0
2024-12,ІМ-Розетка,DJ09503,0.0,0.43190214
2025-01,ІМ-Розетка,DJ09503,4.0,0.022609936
2025-02,ІМ-Розетка,DJ09503,0.0,0.0
2025-03,ІМ-Розетка,DJ09503,0.0,0.0
2025-04,ІМ-Розетка,DJ09503,0.0,0.0
2025-05,ІМ-Розетка,DJ09503,0.0,0.0
2025-06,ІМ-Розетка,DJ09503,0.0,0.0
2024-07,Акварель,DJ09503,1.0,0.42630896
2024-08,Акварель,DJ09503,2.0,0.6554383
2024-09,Акварель,DJ09503,0.0,0.2632386
2024-10,Акварель,DJ09503,0.0,0.07281948
2024-11,Акварель,DJ09503,3.0,0.7437951
2024-12,Акварель,DJ09503,11.0,3.3308582
2025-01,Акварель,DJ09503,3.0,1.5447724
2025-02,Акварель,DJ09503,5.0,0.8895242
2025-03,Акварель,DJ09503,5.0,0.74095577
2025-04,Акварель,DJ09503,1.0,0.7436481
2025-05,Акварель,DJ09503,1.0,0.88074803
2025-06,Акварель,DJ09503,3.0,1.0582408
2024-07,БІ,DJ09503,4.0,3.537996
2024-08,БІ,DJ09503,11.0,5.3254046
2024-09,БІ,DJ09503,7.0,5.6412334
2024-10,БІ,DJ09503,6.0,3.7840598
2024-11,БІ,DJ09503,16.0,3.704349
2024-12,БІ,DJ09503,31.0,15.776965
2025-01,БІ,DJ09503,8.0,5.363571
2025-02,БІ,DJ09503,4.0,2.1813335
2025-03,БІ,DJ09503,3.0,1.1793267
2025-04,БІ,DJ09503,3.0,1.6554577
2025-05,БІ,DJ09503,8.0,1.662358
2025-06,БІ,DJ09503,8.0,2.8336093
2024-07,Віват Канцелярія,DJ09503,0.0,0.0
2024-08,Віват Канцелярія,DJ09503,1.0,0.4721303
2024-09,Віват Канцелярія,DJ09503,0.0,0.0
2024-10,Віват Канцелярія,DJ09503,0.0,0.0
2024-11,Віват Канцелярія,DJ09503,1.0,0.0
2024-12,Віват Канцелярія,DJ09503,1.0,0.55309725
2025-01,Віват Канцелярія,DJ09503,0.0,0.0
2025-02,Віват Канцелярія,DJ09503,1.0,0.0
2025-03,Віват Канцелярія,DJ09503,0.0,0.0
2025-04,Віват Канцелярія,DJ09503,0.0,0.0
2025-05,Віват Канцелярія,DJ09503,0.0,0.0
2025-06,Віват Канцелярія,DJ09503,2.0,0.0
2024-07,МайПлей,DJ09503,0.0,0.0
2024-08,МайПлей,DJ09503,0.0,0.0
2024-09,МайПлей,DJ09503,1.0,0.0
2024-10,МайПлей,DJ09503,0.0,0.0
2024-11,МайПлей,DJ09503,1.0,0.0
2024-12,МайПлей,DJ09503,0.0,0.16501383
2025-01,МайПлей,DJ09503,2.0,0.0
2025-02,МайПлей,DJ09503,0.0,0.0
2025-03,МайПлей,DJ09503,0.0,0.0
2025-04,МайПлей,DJ09503,1.0,0.0
2025-05,МайПлей,DJ09503,0.0,0.0
2025-06,МайПлей,DJ09503,0.0,0.0
2024-07,Мегамаркет,DJ09503,0.0,0.0
2024-08,Мегамаркет,DJ09503,1.0,0.0
2024-09,Мегамаркет,DJ09503,1.0,0.0
2024-10,Мегамаркет,DJ09503,0.0,0.0
2024-11,Мегамаркет,DJ09503,0.0,0.0
2024-12,Мегамаркет,DJ09503,0.0,0.13234821
2025-01,Мегамаркет,DJ09503,0.0,0.0
2025-02,Мегамаркет,DJ09503,0.0,0.0
2025-03,Мегамаркет,DJ09503,0.0,0.0
2025-04,Мегамаркет,DJ09503,0.0,0.0
2025-05,Мегамаркет,DJ09503,0.0,0.0
2025-06,Мегамаркет,DJ09503,1.0,0.0
2024-07,Смік,DJ09503,2.0,0.0
2024-08,Смік,DJ09503,2.0,0.08626149
2024-09,Смік,DJ09503,1.0,0.0
2024-10,Смік,DJ09503,0.0,0.0
2024-11,Смік,DJ09503,0.0,0.0
2024-12,Смік,DJ09503,0.0,0.0
2025-01,Смік,DJ09503,2.0,0.0
2025-02,Смік,DJ09503,1.0,0.0
2025-03,Смік,DJ09503,2.0,0.0
2025-04,Смік,DJ09503,1.0,0.0
2025-05,Смік,DJ09503,1.0,0.0
2025-06,Смік,DJ09503,0.0,0.0
2024-07,ІМ-Розетка,DJ09507,1.0,0.010622495
2024-08,ІМ-Розетка,DJ09507,0.0,0.0
2024-09,ІМ-Розетка,DJ09507,1.0,0.0
2024-10,ІМ-Розетка,DJ09507,0.0,0.0
2024-11,ІМ-Розетка,DJ09507,3.0,0.12428298
2024-12,ІМ-Розетка,DJ09507,5.0,3.3153317
2025-01,ІМ-Розетка,DJ09507,0.0,0.40895644
2025-02,ІМ-Розетка,DJ09507,0.0,0.0
2025-03,ІМ-Розетка,DJ09507,2.0,0.0
2025-04,ІМ-Розетка,DJ09507,0.0,0.0
2025-05,ІМ-Розетка,DJ09507,0.0,0.0
2025-06,ІМ-Розетка,DJ09507,0.0,0.0
2024-07,Акварель,DJ09507,6.0,0.53317416
2024-08,Акварель,DJ09507,1.0,0.6125586
2024-09,Акварель,DJ09507,2.0,0.6267205
2024-10,Акварель,DJ09507,1.0,0.41991976
2024-11,Акварель,DJ09507,7.0,1.0031031
2024-12,Акварель,DJ09507,9.0,4.39194
2025-01,Акварель,DJ09507,7.0,2.1349797
2025-02,Акварель,DJ09507,3.0,0.84881043
2025-03,Акварель,DJ09507,5.0,0.65186906
2025-04,Акварель,DJ09507,2.0,0.8658913
2025-05,Акварель,DJ09507,0.0,0.9695928
2025-06,Акварель,DJ09507,1.0,0.6715912
2024-07,Антошка,DJ09507,2.0,0.4313688
2024-08,Антошка,DJ09507,2.0,0.47853884
2024-09,Антошка,DJ09507,1.0,0.39808267
2024-10,Антошка,DJ09507,1.0,0.1603875
2024-11,Антошка,DJ09507,1.0,0.14070985
2024-12,Антошка,DJ09507,8.0,1.784949
2025-01,Антошка,DJ09507,5.0,0.5364518
2025-02,Антошка,DJ09507,1.0,0.07063759
2025-03,Антошка,DJ09507,0.0,0.0
2025-04,Антошка,DJ09507,2.0,0.0059309555
2025-05,Антошка,DJ09507,0.0,0.01464412
2025-06,Антошка,DJ09507,0.0,0.0
2024-07,БІ,DJ09507,5.0,2.2031808
2024-08,БІ,DJ09507,4.0,3.0087922
2024-09,БІ,DJ09507,5.0,3.4793634
2024-10,БІ,DJ09507,9.0,2.4286914
2024-11,БІ,DJ09507,6.0,3.4510126
2024-12,БІ,DJ09507,21.0,10.870898
2025-01,БІ,DJ09507,3.0,3.8099713
2025-02,БІ,DJ09507,4.0,1.4897621
2025-03,БІ,DJ09507,5.0,1.0052857
2025-04,БІ,DJ09507,5.0,1.1433173
2025-05,БІ,DJ09507,2.0,1.2584233
2025-06,БІ,DJ09507,4.0,1.3951379
2024-07,ІМ-Розетка,DJ09508,0.0,0.0
2024-08,ІМ-Розетка,DJ09508,1.0,0.13997531
2024-09,ІМ-Розетка,DJ09508,0.0,0.0
2024-10,ІМ-Розетка,DJ09508,0.0,0.0
2024-11,ІМ-Розетка,DJ09508,2.0,0.24663037
2024-12,ІМ-Розетка,DJ09508,8.0,3.5981052
2025-01,ІМ-Розетка,DJ09508,0.0,0.6621343
2025-02,ІМ-Розетка,DJ09508,3.0,0.0
2025-03,ІМ-Розетка,DJ09508,3.0,0.14551334
2025-04,ІМ-Розетка,DJ09508,3.0,0.26709265
2025-05,ІМ-Розетка,DJ09508,2.0,0.3547509
2025-06,ІМ-Розетка,DJ09508,0.0,0.0
2024-07,Акварель,DJ09508,4.0,0.82760054
2024-08,Акварель,DJ09508,1.0,0.78157645
2024-09,Акварель,DJ09508,4.0,1.0817921
2024-10,Акварель,DJ09508,3.0,0.6577844
2024-11,Акварель,DJ09508,1.0,1.376139
2024-12,Акварель,DJ09508,14.0,3.2825449
2025-01,Акварель,DJ09508,6.0,2.3922381
2025-02,Акварель,DJ09508,3.0,1.1029465
2025-03,Акварель,DJ09508,4.0,1.0235335
2025-04,Акварель,DJ09508,5.0,1.1128334
2025-05,Акварель,DJ09508,0.0,1.2912163
2025-06,Акварель,DJ09508,0.0,0.9264562
2024-07,Антошка,DJ09508,2.0,0.0
2024-08,Антошка,DJ09508,1.0,0.046957154
2024-09,Антошка,DJ09508,0.0,0.0
2024-10,Антошка,DJ09508,2.0,0.0
2024-11,Антошка,DJ09508,1.0,0.0
2024-12,Антошка,DJ09508,1.0,0.6584153
2025-01,Антошка,DJ09508,1.0,0.0
2025-02,Антошка,DJ09508,0.0,0.0
2025-03,Антошка,DJ09508,2.0,0.0
2025-04,Антошка,DJ09508,0.0,0.0
2025-05,Антошка,DJ09508,0.0,0.0
2025-06,Антошка,DJ09508,0.0,0.0
2024-07,БІ,DJ09508,9.0,3.4628556
2024-08,БІ,DJ09508,7.0,5.3203363
2024-09,БІ,DJ09508,8.0,3.8861878
2024-10,БІ,DJ09508,11.0,2.969254
2024-11,БІ,DJ09508,12.0,4.135805
2024-12,БІ,DJ09508,38.0,15.456114
2025-01,БІ,DJ09508,12.0,7.1090145
2025-02,БІ,DJ09508,4.0,2.4843864
2025-03,БІ,DJ09508,3.0,2.0088608
2025-04,БІ,DJ09508,7.0,2.532089
2025-05,БІ,DJ09508,6.0,1.9573585
2025-06,БІ,DJ09508,5.0,1.9046136
2024-07,Епіцентр,DJ09508,1.0,0.0
2024-08,Епіцентр,DJ09508,0.0,0.0
2024-09,Епіцентр,DJ09508,1.0,0.0
2024-10,Епіцентр,DJ09508,0.0,0.0
2024-11,Епіцентр,DJ09508,1.0,0.0
2024-12,Епіцентр,DJ09508,0.0,0.8700838
2025-01,Епіцентр,DJ09508,0.0,0.030723281
2025-02,Епіцентр,DJ09508,0.0,0.0
2025-03,Епіцентр,DJ09508,1.0,0.0
2025-04,Епіцентр,DJ09508,0.0,0.0
2025-05,Епіцентр,DJ09508,1.0,0.0
2025-06,Епіцентр,DJ09508,0.0,0.0
2024-07,МайПлей,DJ09508,1.0,0.0
2024-08,МайПлей,DJ09508,0.0,0.0
2024-09,МайПлей,DJ09508,1.0,0.0
2024-10,МайПлей,DJ09508,0.0,0.0
2024-11,МайПлей,DJ09508,1.0,0.0
2024-12,МайПлей,DJ09508,4.0,0.4996765
2025-01,МайПлей,DJ09508,2.0,0.14825442
2025-02,МайПлей,DJ09508,0.0,0.0
2025-03,МайПлей,DJ09508,1.0,0.0
2025-04,МайПлей,DJ09508,0.0,0.0
2025-05,МайПлей,DJ09508,0.0,0.0
2025-06,МайПлей,DJ09508,0.0,0.0
2024-07,Смік,DJ09508,2.0,0.0
2024-08,Смік,DJ09508,1.0,0.0
2024-09,Смік,DJ09508,2.0,0.0
2024-10,Смік,DJ09508,1.0,0.0
2024-11,Смік,DJ09508,0.0,0.0
2024-12,Смік,DJ09508,1.0,0.14218037
2025-01,Смік,DJ09508,0.0,0.0
2025-02,Смік,DJ09508,1.0,0.0
2025-03,Смік,DJ09508,0.0,0.0
2025-04,Смік,DJ09508,0.0,0.0
2025-05,Смік,DJ09508,1.0,0.0
2025-06,Смік,DJ09508,1.0,0.0
2024-07,Акварель,DJ09509,2.0,0.4595747
2024-08,Акварель,DJ09509,0.0,0.31993866
2024-09,Акварель,DJ09509,0.0,0.10615817
2024-10,Акварель,DJ09509,0.0,0.0
2024-11,Акварель,DJ09509,2.0,0.34652066
2024-12,Акварель,DJ09509,6.0,1.2521344
2025-01,Акварель,DJ09509,0.0,0.0
2025-02,Акварель,DJ09509,1.0,0.43393886
2025-03,Акварель,DJ09509,1.0,0.19795375
2025-04,Акварель,DJ09509,1.0,0.40442637
2025-05,Акварель,DJ09509,3.0,0.38011348
2025-06,Акварель,DJ09509,1.0,0.4715398
2024-07,Акварель,DJ09513,0.0,0.0
2024-08,Акварель,DJ09513,1.0,0.58545417
2024-09,Акварель,DJ09513,1.0,0.48299617
2024-10,Акварель,DJ09513,0.0,0.0
2024-11,Акварель,DJ09513,2.0,0.10128829
2024-12,Акварель,DJ09513,2.0,0.57443213
2025-01,Акварель,DJ09513,0.0,0.0
2025-02,Акварель,DJ09513,0.0,0.0
2025-03,Акварель,DJ09513,0.0,0.0
2025-04,Акварель,DJ09513,0.0,0.0
2025-05,Акварель,DJ09513,1.0,0.0
2025-06,Акварель,DJ09513,0.0,0.0
2024-07,Акварель,DJ09514,1.0,0.85597545
2024-08,Акварель,DJ09514,0.0,0.05924216
2024-09,Акварель,DJ09514,0.0,0.0
2024-10,Акварель,DJ09514,1.0,0.7972293
2024-11,Акварель,DJ09514,0.0,0.0
2024-12,Акварель,DJ09514,2.0,0.7197701
2025-01,Акварель,DJ09514,2.0,0.0
2025-02,Акварель,DJ09514,0.0,0.0
2025-03,Акварель,DJ09514,0.0,0.0
2025-04,Акварель,DJ09514,1.0,0.0
2025-05,Акварель,DJ09514,0.0,0.0
2025-06,Акварель,DJ09514,0.0,0.0
2024-07,Акварель,DJ09521,0.0,0.08387343
2024-08,Акварель,DJ09521,0.0,0.05514904
2024-09,Акварель,DJ09521,0.0,0.0
2024-10,Акварель,DJ09521,0.0,0.06404197
2024-11,Акварель,DJ09521,1.0,0.054049764
2024-12,Акварель,DJ09521,2.0,0.7257903
2025-01,Акварель,DJ09521,0.0,0.0
2025-02,Акварель,DJ09521,0.0,0.0
2025-03,Акварель,DJ09521,1.0,0.0
2025-04,Акварель,DJ09521,1.0,0.0
2025-05,Акварель,DJ09521,4.0,0.021133518
2025-06,Акварель,DJ09521,0.0,0.0
2024-07,ІМ-МауДау,DJ09522,0.0,0.0
2024-08,ІМ-МауДау,DJ09522,0.0,0.0
2024-09,ІМ-МауДау,DJ09522,0.0,0.0
2024-10,ІМ-МауДау,DJ09522,0.0,0.0
2024-11,ІМ-МауДау,DJ09522,0.0,0.0
2024-12,ІМ-МауДау,DJ09522,0.0,0.0
2025-01,ІМ-МауДау,DJ09522,0.0,0.0
2025-02,ІМ-МауДау,DJ09522,2.0,0.0
2025-03,ІМ-МауДау,DJ09522,0.0,0.0
2025-04,ІМ-МауДау,DJ09522,0.0,0.0
2025-05,ІМ-МауДау,DJ09522,0.0,0.0
2025-06,ІМ-МауДау,DJ09522,0.0,0.0
2024-07,ІМ-Розетка,DJ09522,0.0,0.0
2024-08,ІМ-Розетка,DJ09522,0.0,0.0
2024-09,ІМ-Розетка,DJ09522,0.0,0.0
2024-10,ІМ-Розетка,DJ09522,0.0,0.0
2024-11,ІМ-Розетка,DJ09522,0.0,0.0
2024-12,ІМ-Розетка,DJ09522,1.0,0.82784104
2025-01,ІМ-Розетка,DJ09522,0.0,0.0
2025-02,ІМ-Розетка,DJ09522,1.0,0.0
2025-03,ІМ-Розетка,DJ09522,1.0,0.0
2025-04,ІМ-Розетка,DJ09522,2.0,0.0
2025-05,ІМ-Розетка,DJ09522,0.0,0.0
2025-06,ІМ-Розетка,DJ09522,0.0,0.0
2024-07,Акварель,DJ09522,2.0,0.5040846
2024-08,Акварель,DJ09522,3.0,0.6780502
2024-09,Акварель,DJ09522,2.0,0.5445342
2024-10,Акварель,DJ09522,1.0,0.5515208
2024-11,Акварель,DJ09522,0.0,0.18262343
2024-12,Акварель,DJ09522,2.0,1.3415623
2025-01,Акварель,DJ09522,0.0,0.0
2025-02,Акварель,DJ09522,2.0,0.25699618
2025-03,Акварель,DJ09522,2.0,0.11660615
2025-04,Акварель,DJ09522,1.0,0.0
2025-05,Акварель,DJ09522,1.0,0.20883335
2025-06,Акварель,DJ09522,1.0,0.83248925
2024-07,Антошка,DJ09522,0.0,0.0014924805
2024-08,Антошка,DJ09522,0.0,0.0
2024-09,Антошка,DJ09522,1.0,0.0
2024-10,Антошка,DJ09522,2.0,0.0
2024-11,Антошка,DJ09522,1.0,0.031087754
2024-12,Антошка,DJ09522,2.0,0.6262809
2025-01,Антошка,DJ09522,1.0,0.0
2025-02,Антошка,DJ09522,2.0,0.0
2025-03,Антошка,DJ09522,2.0,0.0
2025-04,Антошка,DJ09522,1.0,0.0
2025-05,Антошка,DJ09522,1.0,0.0
2025-06,Антошка,DJ09522,0.0,0.0
2024-07,БІ,DJ09522,7.0,2.7355459
2024-08,БІ,DJ09522,6.0,4.0354156
2024-09,БІ,DJ09522,5.0,3.019789
2024-10,БІ,DJ09522,7.0,2.6379185
2024-11,БІ,DJ09522,7.0,2.8778806
2024-12,БІ,DJ09522,12.0,8.226823
2025-01,БІ,DJ09522,4.0,2.8161142
2025-02,БІ,DJ09522,5.0,2.9154925
2025-03,БІ,DJ09522,5.0,2.215167
2025-04,БІ,DJ09522,5.0,1.3205848
2025-05,БІ,DJ09522,2.0,1.4147202
2025-06,БІ,DJ09522,9.0,2.3831186
2024-07,МайПлей,DJ09522,0.0,0.0
2024-08,МайПлей,DJ09522,0.0,0.0
2024-09,МайПлей,DJ09522,0.0,0.0
2024-10,МайПлей,DJ09522,2.0,0.0
2024-11,МайПлей,DJ09522,1.0,0.0
2024-12,МайПлей,DJ09522,0.0,0.5599668
2025-01,МайПлей,DJ09522,1.0,0.0
2025-02,МайПлей,DJ09522,0.0,0.0
2025-03,МайПлей,DJ09522,0.0,0.0
2025-04,МайПлей,DJ09522,0.0,0.0
2025-05,МайПлей,DJ09522,0.0,0.0
2025-06,МайПлей,DJ09522,1.0,0.0
2024-07,ІМ-Розетка,DJ09524,1.0,0.0
2024-08,ІМ-Розетка,DJ09524,1.0,0.0
2024-09,ІМ-Розетка,DJ09524,0.0,0.0
2024-10,ІМ-Розетка,DJ09524,0.0,0.0
2024-11,ІМ-Розетка,DJ09524,4.0,0.0
2024-12,ІМ-Розетка,DJ09524,1.0,1.6394212
2025-01,ІМ-Розетка,DJ09524,0.0,0.034976117
2025-02,ІМ-Розетка,DJ09524,2.0,0.0
2025-03,ІМ-Розетка,DJ09524,0.0,0.0
2025-04,ІМ-Розетка,DJ09524,0.0,0.0
2025-05,ІМ-Розетка,DJ09524,0.0,0.0
2025-06,ІМ-Розетка,DJ09524,0.0,0.0
2024-07,Акварель,DJ09524,0.0,0.623277
2024-08,Акварель,DJ09524,3.0,0.5258917
2024-09,Акварель,DJ09524,1.0,0.47398254
2024-10,Акварель,DJ09524,0.0,0.594243
2024-11,Акварель,DJ09524,1.0,1.0033623
2024-12,Акварель,DJ09524,4.0,1.6865609
2025-01,Акварель,DJ09524,5.0,0.9889216
2025-02,Акварель,DJ09524,3.0,0.8059774
2025-03,Акварель,DJ09524,4.0,0.9612865
2025-04,Акварель,DJ09524,0.0,1.1050491
2025-05,Акварель,DJ09524,1.0,0.48083547
2025-06,Акварель,DJ09524,6.0,0.9038414
2024-07,Антошка,DJ09524,3.0,0.30133036
2024-08,Антошка,DJ09524,1.0,0.32472453
2024-09,Антошка,DJ09524,0.0,0.124805324
2024-10,Антошка,DJ09524,0.0,0.0
2024-11,Антошка,DJ09524,1.0,0.0
2024-12,Антошка,DJ09524,0.0,0.8032709
2025-01,Антошка,DJ09524,0.0,0.0
2025-02,Антошка,DJ09524,3.0,0.0
2025-03,Антошка,DJ09524,1.0,0.0
2025-04,Антошка,DJ09524,0.0,0.0
2025-05,Антошка,DJ09524,0.0,0.0
2025-06,Антошка,DJ09524,0.0,0.0
2024-07,БІ,DJ09524,8.0,2.0314736
2024-08,БІ,DJ09524,6.0,3.062242
2024-09,БІ,DJ09524,4.0,2.2920837
2024-10,БІ,DJ09524,11.0,1.7213062
2024-11,БІ,DJ09524,5.0,2.6896224
2024-12,БІ,DJ09524,13.0,6.297008
2025-01,БІ,DJ09524,6.0,2.591923
2025-02,БІ,DJ09524,4.0,2.1709132
2025-03,БІ,DJ09524,11.0,2.123862
2025-04,БІ,DJ09524,9.0,1.8087242
2025-05,БІ,DJ09524,3.0,2.948326
2025-06,БІ,DJ09524,24.0,2.90286
2024-07,Віват Канцелярія,DJ09524,2.0,0.0
2024-08,Віват Канцелярія,DJ09524,0.0,0.0
2024-09,Віват Канцелярія,DJ09524,0.0,0.0
2024-10,Віват Канцелярія,DJ09524,0.0,0.0
2024-11,Віват Канцелярія,DJ09524,0.0,0.0
2024-12,Віват Канцелярія,DJ09524,0.0,0.0
2025-01,Віват Канцелярія,DJ09524,0.0,0.0
2025-02,Віват Канцелярія,DJ09524,1.0,0.0
2025-03,Віват Канцелярія,DJ09524,0.0,0.0
2025-04,Віват Канцелярія,DJ09524,0.0,0.0
2025-05,Віват Канцелярія,DJ09524,0.0,0.0
2025-06,Віват Канцелярія,DJ09524,0.0,0.0
2024-07,МайПлей,DJ09524,0.0,0.0
2024-08,МайПлей,DJ09524,1.0,0.006692112
2024-09,МайПлей,DJ09524,2.0,0.0
2024-10,МайПлей,DJ09524,0.0,0.0
2024-11,МайПлей,DJ09524,0.0,0.0
2024-12,МайПлей,DJ09524,3.0,0.31682378
2025-01,МайПлей,DJ09524,0.0,0.0
2025-02,МайПлей,DJ09524,0.0,0.0
2025-03,МайПлей,DJ09524,0.0,0.0
2025-04,МайПлей,DJ09524,1.0,0.0
2025-05,МайПлей,DJ09524,0.0,0.0
2025-06,МайПлей,DJ09524,0.0,0.0
2024-07,ІМ-Розетка,DJ09575,3.0,0.6435347
2024-08,ІМ-Розетка,DJ09575,2.0,0.5171547
2024-09,ІМ-Розетка,DJ09575,1.0,0.26174092
2024-10,ІМ-Розетка,DJ09575,0.0,0.0
2024-11,ІМ-Розетка,DJ09575,2.0,0.42888707
2024-12,ІМ-Розетка,DJ09575,9.0,3.3064587
2025-01,ІМ-Розетка,DJ09575,6.0,1.2123235
2025-02,ІМ-Розетка,DJ09575,3.0,0.70481426
2025-03,ІМ-Розетка,DJ09575,3.0,0.6764625
2025-04,ІМ-Розетка,DJ09575,0.0,0.6571786
2025-05,ІМ-Розетка,DJ09575,5.0,0.2417996
2025-06,ІМ-Розетка,DJ09575,0.0,0.5305995
2024-07,Акварель,DJ09575,7.0,3.7485108
2024-08,Акварель,DJ09575,4.0,4.288011
2024-09,Акварель,DJ09575,6.0,3.200466
2024-10,Акварель,DJ09575,7.0,2.884807
2024-11,Акварель,DJ09575,6.0,3.4152303
2024-12,Акварель,DJ09575,12.0,7.5343566
2025-01,Акварель,DJ09575,4.0,3.0103254
2025-02,Акварель,DJ09575,7.0,2.9897974
2025-03,Акварель,DJ09575,8.0,3.184411
2025-04,Акварель,DJ09575,9.0,3.3629298
2025-05,Акварель,DJ09575,8.0,3.4869568
2025-06,Акварель,DJ09575,7.0,3.6826134
2024-07,Антошка,DJ09575,8.0,2.6953394
2024-08,Антошка,DJ09575,7.0,3.8422165
2024-09,Антошка,DJ09575,15.0,3.14824
2024-10,Антошка,DJ09575,7.0,3.9580238
2024-11,Антошка,DJ09575,11.0,3.550744
2024-12,Антошка,DJ09575,8.0,7.6712523
2025-01,Антошка,DJ09575,6.0,2.4243846
2025-02,Антошка,DJ09575,4.0,2.9186332
2025-03,Антошка,DJ09575,3.0,2.8411582
2025-04,Антошка,DJ09575,8.0,2.3999424
2025-05,Антошка,DJ09575,6.0,2.2952766
2025-06,Антошка,DJ09575,8.0,2.128318
2024-07,БІ,DJ09575,26.0,21.821432
2024-08,БІ,DJ09575,31.0,15.116093
2024-09,БІ,DJ09575,29.0,15.3277445
2024-10,БІ,DJ09575,31.0,15.158941
2024-11,БІ,DJ09575,29.0,14.069523
2024-12,БІ,DJ09575,47.0,30.313822
2025-01,БІ,DJ09575,19.0,11.474745
2025-02,БІ,DJ09575,18.0,10.742064
2025-03,БІ,DJ09575,22.0,11.825826
2025-04,БІ,DJ09575,14.0,9.948036
2025-05,БІ,DJ09575,25.0,7.930592
2025-06,БІ,DJ09575,36.0,10.086645
2024-07,Епіцентр,DJ09575,0.0,0.0
2024-08,Епіцентр,DJ09575,0.0,0.0036125309
2024-09,Епіцентр,DJ09575,0.0,0.0
2024-10,Епіцентр,DJ09575,0.0,0.0
2024-11,Епіцентр,DJ09575,0.0,0.0
2024-12,Епіцентр,DJ09575,1.0,0.47855395
2025-01,Епіцентр,DJ09575,0.0,0.0
2025-02,Епіцентр,DJ09575,2.0,0.023244249
2025-03,Епіцентр,DJ09575,6.0,3.3486717
2025-04,Епіцентр,DJ09575,0.0,1.4668615
2025-05,Епіцентр,DJ09575,5.0,0.5874402
2025-06,Епіцентр,DJ09575,5.0,2.400235
2024-07,МайПлей,DJ09575,4.0,1.3796605
2024-08,МайПлей,DJ09575,3.0,0.58860606
2024-09,МайПлей,DJ09575,0.0,0.52607876
2024-10,МайПлей,DJ09575,1.0,0.12116834
2024-11,МайПлей,DJ09575,2.0,0.20872693
2024-12,МайПлей,DJ09575,1.0,1.1906538
2025-01,МайПлей,DJ09575,3.0,0.61294985
2025-02,МайПлей,DJ09575,2.0,0.3639564
2025-03,МайПлей,DJ09575,3.0,0.1892495
2025-04,МайПлей,DJ09575,4.0,0.25921923
2025-05,МайПлей,DJ09575,1.0,0.42725125
2025-06,МайПлей,DJ09575,0.0,0.22200502
2024-07,Мегамаркет,DJ09575,1.0,0.27496672
2024-08,Мегамаркет,DJ09575,0.0,0.24401887
2024-09,Мегамаркет,DJ09575,0.0,0.11101835
2024-10,Мегамаркет,DJ09575,1.0,0.065033875
2024-11,Мегамаркет,DJ09575,1.0,0.15088089
2024-12,Мегамаркет,DJ09575,1.0,0.36882028
2025-01,Мегамаркет,DJ09575,1.0,0.081041895
2025-02,Мегамаркет,DJ09575,0.0,0.049519293
2025-03,Мегамаркет,DJ09575,0.0,0.0
2025-04,Мегамаркет,DJ09575,0.0,0.0
2025-05,Мегамаркет,DJ09575,0.0,0.0
2025-06,Мегамаркет,DJ09575,3.0,0.0
2024-07,Монако,DJ09575,0.0,0.0
2024-08,Монако,DJ09575,0.0,0.0
2024-09,Монако,DJ09575,0.0,0.0
2024-10,Монако,DJ09575,1.0,0.110772796
2024-11,Монако,DJ09575,1.0,0.08217233
2024-12,Монако,DJ09575,0.0,0.0
2025-01,Монако,DJ09575,0.0,0.0
2025-02,Монако,DJ09575,1.0,0.4212716
2025-03,Монако,DJ09575,1.0,0.0
2025-04,Монако,DJ09575,0.0,0.0
2025-05,Монако,DJ09575,0.0,0.0
2025-06,Монако,DJ09575,2.0,0.04958107
2024-07,ІМ-МауДау,DJ09579,1.0,0.0
2024-08,ІМ-МауДау,DJ09579,1.0,0.0
2024-09,ІМ-МауДау,DJ09579,0.0,0.0
2024-10,ІМ-МауДау,DJ09579,0.0,0.0
2024-11,ІМ-МауДау,DJ09579,1.0,0.0
2024-12,ІМ-МауДау,DJ09579,1.0,0.0354982
2025-01,ІМ-МауДау,DJ09579,0.0,0.0
2025-02,ІМ-МауДау,DJ09579,0.0,0.0
2025-03,ІМ-МауДау,DJ09579,1.0,0.0
2025-04,ІМ-МауДау,DJ09579,0.0,0.0
2025-05,ІМ-МауДау,DJ09579,0.0,0.0
2025-06,ІМ-МауДау,DJ09579,1.0,0.0
2024-07,ІМ-Розетка,DJ09579,0.0,0.5282749
2024-08,ІМ-Розетка,DJ09579,0.0,0.19133143
2024-09,ІМ-Розетка,DJ09579,0.0,0.0
2024-10,ІМ-Розетка,DJ09579,1.0,0.0
2024-11,ІМ-Розетка,DJ09579,2.0,0.34068328
2024-12,ІМ-Розетка,DJ09579,1.0,2.5563464
2025-01,ІМ-Розетка,DJ09579,1.0,0.3246333
2025-02,ІМ-Розетка,DJ09579,1.0,0.17713672
2025-03,ІМ-Розетка,DJ09579,1.0,0.18067065
2025-04,ІМ-Розетка,DJ09579,0.0,0.14741695
2025-05,ІМ-Розетка,DJ09579,2.0,0.09881617
2025-06,ІМ-Розетка,DJ09579,1.0,0.070110485
2024-07,Акварель,DJ09579,6.0,2.4005673
2024-08,Акварель,DJ09579,8.0,2.4245927
2024-09,Акварель,DJ09579,3.0,2.1026387
2024-10,Акварель,DJ09579,1.0,1.5866551
2024-11,Акварель,DJ09579,4.0,1.757294
2024-12,Акварель,DJ09579,9.0,3.9116933
2025-01,Акварель,DJ09579,3.0,1.8926978
2025-02,Акварель,DJ09579,3.0,1.9656811
2025-03,Акварель,DJ09579,3.0,1.6466749
2025-04,Акварель,DJ09579,4.0,1.8011913
2025-05,Акварель,DJ09579,2.0,1.9423563
2025-06,Акварель,DJ09579,3.0,1.5190662
2024-07,БІ,DJ09579,10.0,3.7495184
2024-08,БІ,DJ09579,9.0,3.8124053
2024-09,БІ,DJ09579,7.0,3.3492332
2024-10,БІ,DJ09579,6.0,3.1768448
2024-11,БІ,DJ09579,3.0,2.3839235
2024-12,БІ,DJ09579,12.0,5.2528424
2025-01,БІ,DJ09579,6.0,2.1376553
2025-02,БІ,DJ09579,6.0,1.775885
2025-03,БІ,DJ09579,11.0,1.6731457
2025-04,БІ,DJ09579,1.0,2.4705482
2025-05,БІ,DJ09579,7.0,1.9793093
2025-06,БІ,DJ09579,5.0,2.3783355
2024-07,МайПлей,DJ09579,0.0,1.1244009
2024-08,МайПлей,DJ09579,0.0,0.36952263
2024-09,МайПлей,DJ09579,0.0,0.0024270616
2024-10,МайПлей,DJ09579,2.0,0.6036293
2024-11,МайПлей,DJ09579,1.0,0.2862058
2024-12,МайПлей,DJ09579,1.0,0.90760803
2025-01,МайПлей,DJ09579,1.0,0.27633834
2025-02,МайПлей,DJ09579,0.0,0.19272935
2025-03,МайПлей,DJ09579,1.0,0.011583142
2025-04,МайПлей,DJ09579,1.0,0.18213356
2025-05,МайПлей,DJ09579,0.0,0.1725679
2025-06,МайПлей,DJ09579,1.0,0.0
2024-07,Мегамаркет,DJ09579,1.0,0.19067909
2024-08,Мегамаркет,DJ09579,1.0,0.1265575
2024-09,Мегамаркет,DJ09579,0.0,0.11315998
2024-10,Мегамаркет,DJ09579,2.0,0.056974765
2024-11,Мегамаркет,DJ09579,0.0,0.006540945
2024-12,Мегамаркет,DJ09579,0.0,0.3608928
2025-01,Мегамаркет,DJ09579,0.0,0.0
2025-02,Мегамаркет,DJ09579,0.0,0.0
2025-03,Мегамаркет,DJ09579,1.0,0.0
2025-04,Мегамаркет,DJ09579,0.0,0.0
2025-05,Мегамаркет,DJ09579,1.0,0.0
2025-06,Мегамаркет,DJ09579,3.0,0.0
2024-07,СмартТойс,DJ09579,3.0,0.019753441
2024-08,СмартТойс,DJ09579,0.0,0.0
2024-09,СмартТойс,DJ09579,2.0,0.21015926
2024-10,СмартТойс,DJ09579,0.0,0.0
2024-11,СмартТойс,DJ09579,0.0,0.0
2024-12,СмартТойс,DJ09579,0.0,0.0
2025-01,СмартТойс,DJ09579,0.0,0.0
2025-02,СмартТойс,DJ09579,0.0,0.0
2025-03,СмартТойс,DJ09579,1.0,0.0
2025-04,СмартТойс,DJ09579,0.0,0.0
2025-05,СмартТойс,DJ09579,0.0,0.0
2025-06,СмартТойс,DJ09579,2.0,0.0
2024-07,ІМ-Розетка,DJ09584,2.0,0.13930213
2024-08,ІМ-Розетка,DJ09584,0.0,0.19953373
2024-09,ІМ-Розетка,DJ09584,1.0,0.093980186
2024-10,ІМ-Розетка,DJ09584,5.0,0.6156821
2024-11,ІМ-Розетка,DJ09584,3.0,1.4851211
2024-12,ІМ-Розетка,DJ09584,1.0,4.178672
2025-01,ІМ-Розетка,DJ09584,0.0,0.719238
2025-02,ІМ-Розетка,DJ09584,0.0,0.30006167
2025-03,ІМ-Розетка,DJ09584,2.0,0.22609825
2025-04,ІМ-Розетка,DJ09584,0.0,0.4228612
2025-05,ІМ-Розетка,DJ09584,1.0,0.09581983
2025-06,ІМ-Розетка,DJ09584,1.0,0.32179472
2024-07,Акварель,DJ09584,8.0,2.4654498
2024-08,Акварель,DJ09584,4.0,3.2516427
2024-09,Акварель,DJ09584,7.0,2.6405761
2024-10,Акварель,DJ09584,5.0,2.4575138
2024-11,Акварель,DJ09584,2.0,2.6744747
2024-12,Акварель,DJ09584,10.0,4.8364053
2025-01,Акварель,DJ09584,5.0,1.9492097
2025-02,Акварель,DJ09584,8.0,2.0141618
2025-03,Акварель,DJ09584,6.0,2.4115498
2025-04,Акварель,DJ09584,4.0,2.1127553
2025-05,Акварель,DJ09584,6.0,2.6412365
2025-06,Акварель,DJ09584,12.0,2.58268
2024-07,Антошка,DJ09584,10.0,3.9226196
2024-08,Антошка,DJ09584,9.0,4.515294
2024-09,Антошка,DJ09584,6.0,3.0656004
2024-10,Антошка,DJ09584,3.0,2.5017672
2024-11,Антошка,DJ09584,2.0,1.8529558
2024-12,Антошка,DJ09584,7.0,3.4255912
2025-01,Антошка,DJ09584,1.0,1.1682367
2025-02,Антошка,DJ09584,4.0,1.2307321
2025-03,Антошка,DJ09584,3.0,1.6643119
2025-04,Антошка,DJ09584,0.0,2.0085983
2025-05,Антошка,DJ09584,2.0,1.0440577
2025-06,Антошка,DJ09584,4.0,0.89242136
2024-07,БІ,DJ09584,25.0,13.146287
2024-08,БІ,DJ09584,15.0,10.816456
2024-09,БІ,DJ09584,22.0,8.271904
2024-10,БІ,DJ09584,24.0,9.466514
2024-11,БІ,DJ09584,13.0,8.45222
2024-12,БІ,DJ09584,19.0,16.209616
2025-01,БІ,DJ09584,7.0,5.349657
2025-02,БІ,DJ09584,9.0,4.36964
2025-03,БІ,DJ09584,7.0,5.474737
2025-04,БІ,DJ09584,4.0,4.0984254
2025-05,БІ,DJ09584,10.0,4.052597
2025-06,БІ,DJ09584,14.0,4.8471646
2024-07,МайПлей,DJ09584,3.0,0.69491833
2024-08,МайПлей,DJ09584,2.0,0.30699357
2024-09,МайПлей,DJ09584,0.0,0.032220546
2024-10,МайПлей,DJ09584,2.0,0.00040670557
2024-11,МайПлей,DJ09584,0.0,0.0
2024-12,МайПлей,DJ09584,0.0,0.91844636
2025-01,МайПлей,DJ09584,0.0,0.028713986
2025-02,МайПлей,DJ09584,1.0,0.0
2025-03,МайПлей,DJ09584,1.0,0.0
2025-04,МайПлей,DJ09584,2.0,0.0931626
2025-05,МайПлей,DJ09584,1.0,0.0
2025-06,МайПлей,DJ09584,2.0,0.0
2024-07,Мегамаркет,DJ09584,2.0,0.51427037
2024-08,Мегамаркет,DJ09584,1.0,0.50385433
2024-09,Мегамаркет,DJ09584,0.0,0.20517947
2024-10,Мегамаркет,DJ09584,1.0,0.25015625
2024-11,Мегамаркет,DJ09584,1.0,0.26475722
2024-12,Мегамаркет,DJ09584,1.0,0.5702827
2025-01,Мегамаркет,DJ09584,1.0,0.21646143
2025-02,Мегамаркет,DJ09584,0.0,0.36418197
2025-03,Мегамаркет,DJ09584,0.0,0.17138585
2025-04,Мегамаркет,DJ09584,0.0,0.0
2025-05,Мегамаркет,DJ09584,0.0,0.0
2025-06,Мегамаркет,DJ09584,3.0,0.0
2024-07,ІМ-Розетка,DJ09585,1.0,0.0
2024-08,ІМ-Розетка,DJ09585,3.0,0.28259113
2024-09,ІМ-Розетка,DJ09585,1.0,0.38989693
2024-10,ІМ-Розетка,DJ09585,3.0,0.39451495
2024-11,ІМ-Розетка,DJ09585,0.0,1.0392526
2024-12,ІМ-Розетка,DJ09585,3.0,3.2250242
2025-01,ІМ-Розетка,DJ09585,0.0,1.0980785
2025-02,ІМ-Розетка,DJ09585,1.0,0.027600167
2025-03,ІМ-Розетка,DJ09585,1.0,0.39549568
2025-04,ІМ-Розетка,DJ09585,6.0,0.13917522
2025-05,ІМ-Розетка,DJ09585,20.0,0.71934557
2025-06,ІМ-Розетка,DJ09585,1.0,1.81188
2024-07,Акварель,DJ09585,11.0,5.212048
2024-08,Акварель,DJ09585,12.0,6.9022064
2024-09,Акварель,DJ09585,6.0,4.632788
2024-10,Акварель,DJ09585,7.0,3.8608763
2024-11,Акварель,DJ09585,6.0,3.992135
2024-12,Акварель,DJ09585,25.0,6.5754743
2025-01,Акварель,DJ09585,11.0,6.0837083
2025-02,Акварель,DJ09585,10.0,4.833993
2025-03,Акварель,DJ09585,6.0,5.340071
2025-04,Акварель,DJ09585,3.0,4.2975626
2025-05,Акварель,DJ09585,7.0,3.6016726
2025-06,Акварель,DJ09585,11.0,3.3233187
2024-07,Антошка,DJ09585,6.0,3.4803407
2024-08,Антошка,DJ09585,8.0,3.0764935
2024-09,Антошка,DJ09585,7.0,2.7435977
2024-10,Антошка,DJ09585,4.0,2.0829551
2024-11,Антошка,DJ09585,3.0,1.6109891
2024-12,Антошка,DJ09585,10.0,4.037983
2025-01,Антошка,DJ09585,3.0,1.5944729
2025-02,Антошка,DJ09585,3.0,1.4265026
2025-03,Антошка,DJ09585,3.0,1.577565
2025-04,Антошка,DJ09585,6.0,1.2942479
2025-05,Антошка,DJ09585,8.0,1.723428
2025-06,Антошка,DJ09585,7.0,1.8597243
2024-07,БІ,DJ09585,63.0,31.360144
2024-08,БІ,DJ09585,61.0,23.4868
2024-09,БІ,DJ09585,54.0,27.972721
2024-10,БІ,DJ09585,41.0,28.518316
2024-11,БІ,DJ09585,42.0,26.398323
2024-12,БІ,DJ09585,61.0,43.13397
2025-01,БІ,DJ09585,45.0,18.5336
2025-02,БІ,DJ09585,40.0,19.138884
2025-03,БІ,DJ09585,36.0,21.111382
2025-04,БІ,DJ09585,24.0,19.853361
2025-05,БІ,DJ09585,33.0,13.240653
2025-06,БІ,DJ09585,63.0,14.896113
2024-07,Казка Львів,DJ09585,0.0,0.0
2024-08,Казка Львів,DJ09585,0.0,0.0
2024-09,Казка Львів,DJ09585,0.0,0.0
2024-10,Казка Львів,DJ09585,0.0,0.0
2024-11,Казка Львів,DJ09585,1.0,0.00805968
2024-12,Казка Львів,DJ09585,1.0,0.04131894
2025-01,Казка Львів,DJ09585,0.0,0.0
2025-02,Казка Львів,DJ09585,0.0,0.0
2025-03,Казка Львів,DJ09585,2.0,0.0
2025-04,Казка Львів,DJ09585,0.0,0.0
2025-05,Казка Львів,DJ09585,1.0,0.16312681
2025-06,Казка Львів,DJ09585,0.0,0.0
2024-07,МайПлей,DJ09585,8.0,2.303359
2024-08,МайПлей,DJ09585,2.0,1.9861754
2024-09,МайПлей,DJ09585,2.0,1.3922248
2024-10,МайПлей,DJ09585,2.0,0.9872889
2024-11,МайПлей,DJ09585,0.0,0.6520024
2024-12,МайПлей,DJ09585,2.0,2.2894788
2025-01,МайПлей,DJ09585,2.0,0.9320833
2025-02,МайПлей,DJ09585,1.0,0.39441755
2025-03,МайПлей,DJ09585,0.0,0.3208961
2025-04,МайПлей,DJ09585,2.0,0.34767583
2025-05,МайПлей,DJ09585,1.0,0.38861352
2025-06,МайПлей,DJ09585,1.0,0.3163454
2024-07,Монако,DJ09585,0.0,0.0
2024-08,Монако,DJ09585,0.0,0.0
2024-09,Монако,DJ09585,0.0,0.0
2024-10,Монако,DJ09585,2.0,0.09850957
2024-11,Монако,DJ09585,1.0,0.06251986
2024-12,Монако,DJ09585,0.0,0.0
2025-01,Монако,DJ09585,0.0,0.0
2025-02,Монако,DJ09585,1.0,0.28778297
2025-03,Монако,DJ09585,1.0,0.015598541
2025-04,Монако,DJ09585,0.0,0.0
2025-05,Монако,DJ09585,0.0,0.0
2025-06,Монако,DJ09585,2.0,0.061580885
2024-07,ІМ-Розетка,DJ09586,0.0,0.2096512
2024-08,ІМ-Розетка,DJ09586,4.0,0.8193147
2024-09,ІМ-Розетка,DJ09586,5.0,0.92174745
2024-10,ІМ-Розетка,DJ09586,4.0,0.976669
2024-11,ІМ-Розетка,DJ09586,9.0,1.1402292
2024-12,ІМ-Розетка,DJ09586,5.0,4.960484
2025-01,ІМ-Розетка,DJ09586,0.0,0.99740684
2025-02,ІМ-Розетка,DJ09586,1.0,0.3939919
2025-03,ІМ-Розетка,DJ09586,0.0,0.49932095
2025-04,ІМ-Розетка,DJ09586,1.0,0.10823857
2025-05,ІМ-Розетка,DJ09586,1.0,0.30451715
2025-06,ІМ-Розетка,DJ09586,2.0,0.2006436
2024-07,Акварель,DJ09586,6.0,2.374288
2024-08,Акварель,DJ09586,8.0,2.3282137
2024-09,Акварель,DJ09586,4.0,2.121705
2024-10,Акварель,DJ09586,3.0,2.1344154
2024-11,Акварель,DJ09586,2.0,2.1353228
2024-12,Акварель,DJ09586,6.0,4.7043147
2025-01,Акварель,DJ09586,2.0,1.405013
2025-02,Акварель,DJ09586,1.0,1.7263112
2025-03,Акварель,DJ09586,3.0,1.4856864
2025-04,Акварель,DJ09586,2.0,1.5385324
2025-05,Акварель,DJ09586,5.0,1.6218355
2025-06,Акварель,DJ09586,3.0,1.7334471
2024-07,Антошка,DJ09586,3.0,1.9066982
2024-08,Антошка,DJ09586,5.0,1.2169038
2024-09,Антошка,DJ09586,1.0,0.8894909
2024-10,Антошка,DJ09586,4.0,1.0428466
2024-11,Антошка,DJ09586,1.0,0.80053663
2024-12,Антошка,DJ09586,4.0,1.8577594
2025-01,Антошка,DJ09586,1.0,0.5264319
2025-02,Антошка,DJ09586,2.0,0.6976984
2025-03,Антошка,DJ09586,0.0,0.517944
2025-04,Антошка,DJ09586,0.0,0.4315671
2025-05,Антошка,DJ09586,2.0,0.3142805
2025-06,Антошка,DJ09586,1.0,0.3757578
2024-07,БІ,DJ09586,21.0,12.366537
2024-08,БІ,DJ09586,13.0,8.39618
2024-09,БІ,DJ09586,11.0,6.704305
2024-10,БІ,DJ09586,9.0,6.0586658
2024-11,БІ,DJ09586,8.0,4.5726767
2024-12,БІ,DJ09586,17.0,10.0283985
2025-01,БІ,DJ09586,5.0,4.0187907
2025-02,БІ,DJ09586,9.0,3.2824028
2025-03,БІ,DJ09586,10.0,3.8203964
2025-04,БІ,DJ09586,8.0,3.6517582
2025-05,БІ,DJ09586,11.0,3.8533874
2025-06,БІ,DJ09586,16.0,4.429786
2024-07,Епіцентр,DJ09586,0.0,0.0
2024-08,Епіцентр,DJ09586,1.0,0.0
2024-09,Епіцентр,DJ09586,0.0,0.0
2024-10,Епіцентр,DJ09586,0.0,0.0
2024-11,Епіцентр,DJ09586,0.0,0.0
2024-12,Епіцентр,DJ09586,0.0,0.49795046
2025-01,Епіцентр,DJ09586,0.0,0.0
2025-02,Епіцентр,DJ09586,0.0,0.0
2025-03,Епіцентр,DJ09586,0.0,0.0
2025-04,Епіцентр,DJ09586,0.0,0.0
2025-05,Епіцентр,DJ09586,0.0,0.0
2025-06,Епіцентр,DJ09586,0.0,0.0
2024-07,МайПлей,DJ09586,4.0,1.0953012
2024-08,МайПлей,DJ09586,1.0,0.8531109
2024-09,МайПлей,DJ09586,1.0,0.44599232
2024-10,МайПлей,DJ09586,0.0,0.45817846
2024-11,МайПлей,DJ09586,0.0,0.08789497
2024-12,МайПлей,DJ09586,4.0,0.6171138
2025-01,МайПлей,DJ09586,1.0,0.40170464
2025-02,МайПлей,DJ09586,3.0,0.21186925
2025-03,МайПлей,DJ09586,3.0,0.44302705
2025-04,МайПлей,DJ09586,0.0,0.49817482
2025-05,МайПлей,DJ09586,1.0,0.4707138
2025-06,МайПлей,DJ09586,2.0,0.29732415
2024-07,Мегамаркет,DJ09586,4.0,0.5152301
2024-08,Мегамаркет,DJ09586,0.0,0.59325236
2024-09,Мегамаркет,DJ09586,0.0,0.4777249
2024-10,Мегамаркет,DJ09586,0.0,0.48156953
2024-11,Мегамаркет,DJ09586,0.0,0.0135063
2024-12,Мегамаркет,DJ09586,0.0,0.35628936
2025-01,Мегамаркет,DJ09586,3.0,0.0
2025-02,Мегамаркет,DJ09586,0.0,0.27949548
2025-03,Мегамаркет,DJ09586,0.0,0.111269034
2025-04,Мегамаркет,DJ09586,1.0,0.1400091
2025-05,Мегамаркет,DJ09586,1.0,0.0054278225
2025-06,Мегамаркет,DJ09586,3.0,0.05344156
2024-07,ІМ-Розетка,DJ09587,2.0,0.20298244
2024-08,ІМ-Розетка,DJ09587,0.0,0.0
2024-09,ІМ-Розетка,DJ09587,2.0,0.17331716
2024-10,ІМ-Розетка,DJ09587,1.0,0.3819236
2024-11,ІМ-Розетка,DJ09587,0.0,0.79348177
2024-12,ІМ-Розетка,DJ09587,2.0,2.835106
2025-01,ІМ-Розетка,DJ09587,5.0,0.5465994
2025-02,ІМ-Розетка,DJ09587,3.0,0.8860923
2025-03,ІМ-Розетка,DJ09587,1.0,0.86985475
2025-04,ІМ-Розетка,DJ09587,0.0,0.41667092
2025-05,ІМ-Розетка,DJ09587,2.0,0.22632673
2025-06,ІМ-Розетка,DJ09587,3.0,0.31205004
2024-07,Акварель,DJ09587,9.0,2.4335432
2024-08,Акварель,DJ09587,3.0,3.1834056
2024-09,Акварель,DJ09587,6.0,2.6939247
2024-10,Акварель,DJ09587,4.0,2.396536
2024-11,Акварель,DJ09587,3.0,2.4800932
2024-12,Акварель,DJ09587,11.0,5.314036
2025-01,Акварель,DJ09587,4.0,2.2186346
2025-02,Акварель,DJ09587,5.0,2.3325276
2025-03,Акварель,DJ09587,9.0,2.1687253
2025-04,Акварель,DJ09587,2.0,2.4057765
2025-05,Акварель,DJ09587,6.0,2.3254924
2025-06,Акварель,DJ09587,7.0,2.465283
2024-07,Антошка,DJ09587,4.0,1.4973698
2024-08,Антошка,DJ09587,3.0,1.101243
2024-09,Антошка,DJ09587,2.0,0.835188
2024-10,Антошка,DJ09587,0.0,0.56968075
2024-11,Антошка,DJ09587,3.0,0.5061108
2024-12,Антошка,DJ09587,0.0,2.0231616
2025-01,Антошка,DJ09587,1.0,0.2538376
2025-02,Антошка,DJ09587,2.0,0.30551466
2025-03,Антошка,DJ09587,2.0,0.2279276
2025-04,Антошка,DJ09587,1.0,0.27898303
2025-05,Антошка,DJ09587,1.0,0.34212062
2025-06,Антошка,DJ09587,1.0,0.25234565
2024-07,БІ,DJ09587,18.0,12.690952
2024-08,БІ,DJ09587,18.0,9.302447
2024-09,БІ,DJ09587,17.0,9.4329195
2024-10,БІ,DJ09587,5.0,7.6333327
2024-11,БІ,DJ09587,6.0,4.8070936
2024-12,БІ,DJ09587,23.0,12.084035
2025-01,БІ,DJ09587,10.0,5.405254
2025-02,БІ,DJ09587,12.0,4.505097
2025-03,БІ,DJ09587,16.0,5.9142694
2025-04,БІ,DJ09587,10.0,6.7363806
2025-05,БІ,DJ09587,15.0,5.5685177
2025-06,БІ,DJ09587,23.0,5.7500553
2024-07,Казка Львів,DJ09587,0.0,0.0
2024-08,Казка Львів,DJ09587,0.0,0.0
2024-09,Казка Львів,DJ09587,0.0,0.12706207
2024-10,Казка Львів,DJ09587,0.0,0.0
2024-11,Казка Львів,DJ09587,2.0,0.26397938
2024-12,Казка Львів,DJ09587,2.0,0.17910384
2025-01,Казка Львів,DJ09587,0.0,0.0
2025-02,Казка Львів,DJ09587,0.0,0.0
2025-03,Казка Львів,DJ09587,2.0,0.27935916
2025-04,Казка Львів,DJ09587,0.0,0.0
2025-05,Казка Львів,DJ09587,3.0,0.2060894
2025-06,Казка Львів,DJ09587,0.0,0.0
2024-07,МайПлей,DJ09587,5.0,0.7040029
2024-08,МайПлей,DJ09587,1.0,0.5818629
2024-09,МайПлей,DJ09587,1.0,0.41673797
2024-10,МайПлей,DJ09587,1.0,0.31092304
2024-11,МайПлей,DJ09587,0.0,0.0
2024-12,МайПлей,DJ09587,2.0,0.6619946
2025-01,МайПлей,DJ09587,1.0,0.127914
2025-02,МайПлей,DJ09587,0.0,0.02636269
2025-03,МайПлей,DJ09587,2.0,0.0
2025-04,МайПлей,DJ09587,1.0,0.13806383
2025-05,МайПлей,DJ09587,1.0,0.059389338
2025-06,МайПлей,DJ09587,2.0,0.0
2024-07,Мегамаркет,DJ09587,1.0,0.0753653
2024-08,Мегамаркет,DJ09587,1.0,0.06368171
2024-09,Мегамаркет,DJ09587,0.0,0.20641126
2024-10,Мегамаркет,DJ09587,0.0,0.21067427
2024-11,Мегамаркет,DJ09587,0.0,0.0
2024-12,Мегамаркет,DJ09587,1.0,0.09817723
2025-01,Мегамаркет,DJ09587,1.0,0.0
2025-02,Мегамаркет,DJ09587,1.0,0.0
2025-03,Мегамаркет,DJ09587,0.0,0.0
2025-04,Мегамаркет,DJ09587,0.0,0.0
2025-05,Мегамаркет,DJ09587,0.0,0.20297323
2025-06,Мегамаркет,DJ09587,1.0,0.0
2024-07,Монако,DJ09587,0.0,0.0
2024-08,Монако,DJ09587,0.0,0.0
2024-09,Монако,DJ09587,0.0,0.0
2024-10,Монако,DJ09587,2.0,0.14881997
2024-11,Монако,DJ09587,0.0,0.0
2024-12,Монако,DJ09587,0.0,0.0
2025-01,Монако,DJ09587,0.0,0.0
2025-02,Монако,DJ09587,1.0,0.43409622
2025-03,Монако,DJ09587,3.0,0.11910782
2025-04,Монако,DJ09587,0.0,0.0
2025-05,Монако,DJ09587,0.0,0.0
2025-06,Монако,DJ09587,4.0,0.07277159
2024-07,ІМ-Розетка,DJ09590,0.0,0.0
2024-08,ІМ-Розетка,DJ09590,0.0,0.0
2024-09,ІМ-Розетка,DJ09590,0.0,0.0
2024-10,ІМ-Розетка,DJ09590,2.0,0.006270196
2024-11,ІМ-Розетка,DJ09590,0.0,0.4645077
2024-12,ІМ-Розетка,DJ09590,1.0,2.657787
2025-01,ІМ-Розетка,DJ09590,2.0,0.3094691
2025-02,ІМ-Розетка,DJ09590,4.0,0.14099443
2025-03,ІМ-Розетка,DJ09590,0.0,0.7197861
2025-04,ІМ-Розетка,DJ09590,1.0,0.09268426
2025-05,ІМ-Розетка,DJ09590,1.0,0.11257111
2025-06,ІМ-Розетка,DJ09590,1.0,0.046646304
2024-07,Акварель,DJ09590,5.0,2.073545
2024-08,Акварель,DJ09590,7.0,3.2998095
2024-09,Акварель,DJ09590,5.0,2.3773844
2024-10,Акварель,DJ09590,3.0,2.0276453
2024-11,Акварель,DJ09590,4.0,2.3944783
2024-12,Акварель,DJ09590,14.0,4.7765045
2025-01,Акварель,DJ09590,3.0,2.4246883
2025-02,Акварель,DJ09590,4.0,2.2938447
2025-03,Акварель,DJ09590,3.0,2.1618698
2025-04,Акварель,DJ09590,1.0,1.7921252
2025-05,Акварель,DJ09590,7.0,1.3622444
2025-06,Акварель,DJ09590,7.0,2.0140762
2024-07,Антошка,DJ09590,1.0,0.61479294
2024-08,Антошка,DJ09590,2.0,0.6480452
2024-09,Антошка,DJ09590,3.0,0.103061855
2024-10,Антошка,DJ09590,0.0,0.34103134
2024-11,Антошка,DJ09590,0.0,0.0177308
2024-12,Антошка,DJ09590,5.0,0.92320406
2025-01,Антошка,DJ09590,0.0,0.103136875
2025-02,Антошка,DJ09590,1.0,0.030952802
2025-03,Антошка,DJ09590,1.0,0.09302292
2025-04,Антошка,DJ09590,0.0,0.1281652
2025-05,Антошка,DJ09590,3.0,0.12077994
2025-06,Антошка,DJ09590,0.0,0.10260369
2024-07,БІ,DJ09590,8.0,9.991929
2024-08,БІ,DJ09590,23.0,5.9786024
2024-09,БІ,DJ09590,12.0,9.694721
2024-10,БІ,DJ09590,15.0,6.70265
2024-11,БІ,DJ09590,12.0,5.717429
2024-12,БІ,DJ09590,18.0,11.022942
2025-01,БІ,DJ09590,9.0,4.2634506
2025-02,БІ,DJ09590,7.0,3.9928157
2025-03,БІ,DJ09590,11.0,4.3584
2025-04,БІ,DJ09590,8.0,4.714991
2025-05,БІ,DJ09590,14.0,4.3850784
2025-06,БІ,DJ09590,19.0,5.1958365
2024-07,МайПлей,DJ09590,3.0,0.66655594
2024-08,МайПлей,DJ09590,6.0,0.37981713
2024-09,МайПлей,DJ09590,2.0,0.57761574
2024-10,МайПлей,DJ09590,1.0,0.35721445
2024-11,МайПлей,DJ09590,0.0,0.16885994
2024-12,МайПлей,DJ09590,3.0,0.85372514
2025-01,МайПлей,DJ09590,1.0,0.45236337
2025-02,МайПлей,DJ09590,1.0,0.19535854
2025-03,МайПлей,DJ09590,1.0,0.14466046
2025-04,МайПлей,DJ09590,1.0,0.17222717
2025-05,МайПлей,DJ09590,5.0,0.29282445
2025-06,МайПлей,DJ09590,0.0,0.53307253
2024-07,Мегамаркет,DJ09590,0.0,0.03141381
2024-08,Мегамаркет,DJ09590,1.0,0.2559068
2024-09,Мегамаркет,DJ09590,0.0,0.0
2024-10,Мегамаркет,DJ09590,0.0,0.0
2024-11,Мегамаркет,DJ09590,0.0,0.0
2024-12,Мегамаркет,DJ09590,0.0,0.0
2025-01,Мегамаркет,DJ09590,0.0,0.0
2025-02,Мегамаркет,DJ09590,0.0,0.0
2025-03,Мегамаркет,DJ09590,0.0,0.06327051
2025-04,Мегамаркет,DJ09590,0.0,0.0
2025-05,Мегамаркет,DJ09590,0.0,0.0
2025-06,Мегамаркет,DJ09590,1.0,0.0
2024-07,ІМ-Розетка,DJ09591,0.0,0.0
2024-08,ІМ-Розетка,DJ09591,0.0,0.092528485
2024-09,ІМ-Розетка,DJ09591,1.0,0.20570645
2024-10,ІМ-Розетка,DJ09591,2.0,0.106090985
2024-11,ІМ-Розетка,DJ09591,2.0,0.47580975
2024-12,ІМ-Розетка,DJ09591,4.0,2.1051362
2025-01,ІМ-Розетка,DJ09591,1.0,0.6906064
2025-02,ІМ-Розетка,DJ09591,3.0,0.37411547
2025-03,ІМ-Розетка,DJ09591,2.0,0.4571079
2025-04,ІМ-Розетка,DJ09591,0.0,0.2942903
2025-05,ІМ-Розетка,DJ09591,4.0,0.109527476
2025-06,ІМ-Розетка,DJ09591,0.0,0.24592029
2024-07,Акварель,DJ09591,5.0,1.962443
2024-08,Акварель,DJ09591,6.0,2.311812
2024-09,Акварель,DJ09591,2.0,1.9753484
2024-10,Акварель,DJ09591,3.0,1.6917689
2024-11,Акварель,DJ09591,2.0,1.7275009
2024-12,Акварель,DJ09591,5.0,3.3953397
2025-01,Акварель,DJ09591,2.0,1.4031084
2025-02,Акварель,DJ09591,7.0,1.4515883
2025-03,Акварель,DJ09591,6.0,1.5372701
2025-04,Акварель,DJ09591,9.0,1.7098485
2025-05,Акварель,DJ09591,3.0,2.551261
2025-06,Акварель,DJ09591,4.0,2.1989725
2024-07,Антошка,DJ09591,2.0,0.7107175
2024-08,Антошка,DJ09591,1.0,0.45647645
2024-09,Антошка,DJ09591,1.0,0.3413615
2024-10,Антошка,DJ09591,2.0,0.33775207
2024-11,Антошка,DJ09591,0.0,0.17493609
2024-12,Антошка,DJ09591,2.0,0.97690606
2025-01,Антошка,DJ09591,1.0,0.09397105
2025-02,Антошка,DJ09591,1.0,0.19770771
2025-03,Антошка,DJ09591,0.0,0.123063676
2025-04,Антошка,DJ09591,0.0,0.17909688
2025-05,Антошка,DJ09591,0.0,0.07897033
2025-06,Антошка,DJ09591,1.0,0.0
2024-07,БІ,DJ09591,13.0,9.730381
2024-08,БІ,DJ09591,18.0,6.554768
2024-09,БІ,DJ09591,18.0,6.669895
2024-10,БІ,DJ09591,13.0,6.8371096
2024-11,БІ,DJ09591,11.0,6.2795935
2024-12,БІ,DJ09591,17.0,12.079709
2025-01,БІ,DJ09591,10.0,4.359083
2025-02,БІ,DJ09591,7.0,4.056733
2025-03,БІ,DJ09591,8.0,4.0611005
2025-04,БІ,DJ09591,7.0,4.0373487
2025-05,БІ,DJ09591,10.0,4.0051694
2025-06,БІ,DJ09591,21.0,4.1280665
2024-07,МайПлей,DJ09591,2.0,0.77616113
2024-08,МайПлей,DJ09591,1.0,0.21485391
2024-09,МайПлей,DJ09591,0.0,0.0
2024-10,МайПлей,DJ09591,2.0,0.0
2024-11,МайПлей,DJ09591,0.0,0.0
2024-12,МайПлей,DJ09591,1.0,0.07741183
2025-01,МайПлей,DJ09591,2.0,0.14557117
2025-02,МайПлей,DJ09591,1.0,0.0
2025-03,МайПлей,DJ09591,0.0,0.0
2025-04,МайПлей,DJ09591,2.0,0.0
2025-05,МайПлей,DJ09591,1.0,0.0
2025-06,МайПлей,DJ09591,1.0,0.0
2024-07,Акварель,DJ09596,6.0,2.535277
2024-08,Акварель,DJ09596,10.0,3.8245966
2024-09,Акварель,DJ09596,10.0,3.4489183
2024-10,Акварель,DJ09596,3.0,3.5634594
2024-11,Акварель,DJ09596,5.0,2.918549
2024-12,Акварель,DJ09596,12.0,5.9053965
2025-01,Акварель,DJ09596,5.0,2.6633227
2025-02,Акварель,DJ09596,3.0,2.847454
2025-03,Акварель,DJ09596,9.0,2.3686821
2025-04,Акварель,DJ09596,8.0,2.2896562
2025-05,Акварель,DJ09596,6.0,2.6698625
2025-06,Акварель,DJ09596,3.0,2.7013626
2024-07,Антошка,DJ09596,3.0,1.7863004
2024-08,Антошка,DJ09596,4.0,1.2578416
2024-09,Антошка,DJ09596,0.0,0.99472183
2024-10,Антошка,DJ09596,1.0,0.50086725
2024-11,Антошка,DJ09596,1.0,0.34898484
2024-12,Антошка,DJ09596,2.0,1.7570535
2025-01,Антошка,DJ09596,2.0,0.2626328
2025-02,Антошка,DJ09596,1.0,0.2583546
2025-03,Антошка,DJ09596,2.0,0.15999264
2025-04,Антошка,DJ09596,1.0,0.14615159
2025-05,Антошка,DJ09596,0.0,0.14061807
2025-06,Антошка,DJ09596,0.0,0.10154373
2024-07,БІ,DJ09596,13.0,16.062012
2024-08,БІ,DJ09596,15.0,6.9467816
2024-09,БІ,DJ09596,8.0,6.2594347
2024-10,БІ,DJ09596,7.0,3.994142
2024-11,БІ,DJ09596,15.0,4.8571815
2024-12,БІ,DJ09596,30.0,26.20823
2025-01,БІ,DJ09596,17.0,7.1285048
2025-02,БІ,DJ09596,23.0,7.872213
2025-03,БІ,DJ09596,13.0,8.247783
2025-04,БІ,DJ09596,11.0,6.9831243
2025-05,БІ,DJ09596,11.0,5.7405987
2025-06,БІ,DJ09596,37.0,5.8476524
2024-07,МайПлей,DJ09596,4.0,1.0608175
2024-08,МайПлей,DJ09596,7.0,0.68599653
2024-09,МайПлей,DJ09596,3.0,0.65749574
2024-10,МайПлей,DJ09596,1.0,1.0016991
2024-11,МайПлей,DJ09596,0.0,0.34844044
2024-12,МайПлей,DJ09596,0.0,0.7823055
2025-01,МайПлей,DJ09596,1.0,0.1558467
2025-02,МайПлей,DJ09596,2.0,0.09818852
2025-03,МайПлей,DJ09596,2.0,0.1984061
2025-04,МайПлей,DJ09596,3.0,0.3798862
2025-05,МайПлей,DJ09596,2.0,0.42665467
2025-06,МайПлей,DJ09596,1.0,0.2928885
2024-07,Акварель,DJ09612,2.0,1.0701375
2024-08,Акварель,DJ09612,3.0,1.087733
2024-09,Акварель,DJ09612,3.0,0.9927458
2024-10,Акварель,DJ09612,2.0,1.0010272
2024-11,Акварель,DJ09612,6.0,0.90542436
2024-12,Акварель,DJ09612,5.0,2.8712387
2025-01,Акварель,DJ09612,0.0,0.051544156
2025-02,Акварель,DJ09612,1.0,0.4951094
2025-03,Акварель,DJ09612,1.0,0.74105495
2025-04,Акварель,DJ09612,1.0,0.87053853
2025-05,Акварель,DJ09612,3.0,0.8471474
2025-06,Акварель,DJ09612,1.0,1.0266141
2024-07,Антошка,DJ09612,4.0,0.18842639
2024-08,Антошка,DJ09612,2.0,0.33117506
2024-09,Антошка,DJ09612,2.0,0.22173469
2024-10,Антошка,DJ09612,0.0,0.09896302
2024-11,Антошка,DJ09612,0.0,0.0
2024-12,Антошка,DJ09612,0.0,0.0
2025-01,Антошка,DJ09612,0.0,0.0
2025-02,Антошка,DJ09612,0.0,0.0
2025-03,Антошка,DJ09612,1.0,0.0
2025-04,Антошка,DJ09612,0.0,0.0
2025-05,Антошка,DJ09612,0.0,0.0
2025-06,Антошка,DJ09612,0.0,0.0
2024-07,БІ,DJ09612,4.0,2.065757
2024-08,БІ,DJ09612,5.0,2.0707614
2024-09,БІ,DJ09612,5.0,2.374531
2024-10,БІ,DJ09612,6.0,1.8960233
2024-11,БІ,DJ09612,6.0,1.8126189
2024-12,БІ,DJ09612,6.0,3.9272823
2025-01,БІ,DJ09612,2.0,1.216626
2025-02,БІ,DJ09612,4.0,1.0897168
2025-03,БІ,DJ09612,4.0,1.1964327
2025-04,БІ,DJ09612,4.0,1.2495075
2025-05,БІ,DJ09612,3.0,1.137668
2025-06,БІ,DJ09612,4.0,1.1098632
2024-07,МайПлей,DJ09612,2.0,0.30608064
2024-08,МайПлей,DJ09612,2.0,0.4074092
2024-09,МайПлей,DJ09612,0.0,0.2354502
2024-10,МайПлей,DJ09612,1.0,0.0
2024-11,МайПлей,DJ09612,0.0,0.0041043116
2024-12,МайПлей,DJ09612,2.0,0.40082532
2025-01,МайПлей,DJ09612,0.0,0.0
2025-02,МайПлей,DJ09612,3.0,0.0
2025-03,МайПлей,DJ09612,2.0,0.27493796
2025-04,МайПлей,DJ09612,2.0,0.22344303
2025-05,МайПлей,DJ09612,2.0,0.3529021
2025-06,МайПлей,DJ09612,1.0,0.3232524
2024-07,Мегамаркет,DJ09612,0.0,0.0
2024-08,Мегамаркет,DJ09612,0.0,0.0
2024-09,Мегамаркет,DJ09612,0.0,0.0
2024-10,Мегамаркет,DJ09612,2.0,0.0
2024-11,Мегамаркет,DJ09612,0.0,0.0
2024-12,Мегамаркет,DJ09612,0.0,0.0
2025-01,Мегамаркет,DJ09612,0.0,0.0
2025-02,Мегамаркет,DJ09612,0.0,0.0
2025-03,Мегамаркет,DJ09612,0.0,0.0
2025-04,Мегамаркет,DJ09612,1.0,0.0
2025-05,Мегамаркет,DJ09612,0.0,0.0
2025-06,Мегамаркет,DJ09612,0.0,0.0
2024-07,Акварель,DJ09615,5.0,2.1548653
2024-08,Акварель,DJ09615,6.0,2.5089955
2024-09,Акварель,DJ09615,2.0,2.0797367
2024-10,Акварель,DJ09615,0.0,1.6617774
2024-11,Акварель,DJ09615,2.0,1.1154562
2024-12,Акварель,DJ09615,8.0,3.4474792
2025-01,Акварель,DJ09615,5.0,1.6093202
2025-02,Акварель,DJ09615,4.0,1.7274222
2025-03,Акварель,DJ09615,6.0,1.6931895
2025-04,Акварель,DJ09615,6.0,1.9510933
2025-05,Акварель,DJ09615,4.0,1.9009664
2025-06,Акварель,DJ09615,3.0,2.1367965
2024-07,Антошка,DJ09615,3.0,1.4174664
2024-08,Антошка,DJ09615,1.0,0.8907141
2024-09,Антошка,DJ09615,0.0,0.3521722
2024-10,Антошка,DJ09615,1.0,0.23942024
2024-11,Антошка,DJ09615,2.0,0.44226313
2024-12,Антошка,DJ09615,3.0,1.9469725
2025-01,Антошка,DJ09615,2.0,0.4543121
2025-02,Антошка,DJ09615,2.0,0.30808303
2025-03,Антошка,DJ09615,5.0,0.44480926
2025-04,Антошка,DJ09615,0.0,0.8055811
2025-05,Антошка,DJ09615,2.0,0.24856462
2025-06,Антошка,DJ09615,3.0,0.29530093
2024-07,БІ,DJ09615,16.0,11.686492
2024-08,БІ,DJ09615,15.0,8.261616
2024-09,БІ,DJ09615,14.0,7.7771673
2024-10,БІ,DJ09615,11.0,6.696077
2024-11,БІ,DJ09615,8.0,5.708692
2024-12,БІ,DJ09615,14.0,11.964407
2025-01,БІ,DJ09615,13.0,4.6563864
2025-02,БІ,DJ09615,13.0,4.568012
2025-03,БІ,DJ09615,11.0,5.6049542
2025-04,БІ,DJ09615,10.0,6.2932653
2025-05,БІ,DJ09615,9.0,4.846242
2025-06,БІ,DJ09615,16.0,4.4817224
2024-07,МайПлей,DJ09615,1.0,0.64724994
2024-08,МайПлей,DJ09615,2.0,0.6029393
2024-09,МайПлей,DJ09615,0.0,0.27688992
2024-10,МайПлей,DJ09615,0.0,0.19239655
2024-11,МайПлей,DJ09615,4.0,0.0
2024-12,МайПлей,DJ09615,5.0,1.071056
2025-01,МайПлей,DJ09615,0.0,0.5362895
2025-02,МайПлей,DJ09615,0.0,0.1094021
2025-03,МайПлей,DJ09615,0.0,0.014928465
2025-04,МайПлей,DJ09615,0.0,0.100723654
2025-05,МайПлей,DJ09615,1.0,0.04386632
2025-06,МайПлей,DJ09615,1.0,0.0
2024-07,Монако,DJ09615,0.0,0.0
2024-08,Монако,DJ09615,0.0,0.0
2024-09,Монако,DJ09615,0.0,0.0
2024-10,Монако,DJ09615,0.0,0.0
2024-11,Монако,DJ09615,1.0,0.0
2024-12,Монако,DJ09615,0.0,0.0
2025-01,Монако,DJ09615,0.0,0.0
2025-02,Монако,DJ09615,1.0,0.368074
2025-03,Монако,DJ09615,0.0,0.0
2025-04,Монако,DJ09615,0.0,0.0
2025-05,Монако,DJ09615,0.0,0.0
2025-06,Монако,DJ09615,2.0,0.0
2024-07,Акварель,DJ09624,1.0,0.35932806
2024-08,Акварель,DJ09624,2.0,0.34938082
2024-09,Акварель,DJ09624,0.0,0.0
2024-10,Акварель,DJ09624,2.0,0.23715796
2024-11,Акварель,DJ09624,0.0,0.0
2024-12,Акварель,DJ09624,0.0,0.0
2025-01,Акварель,DJ09624,0.0,0.0
2025-02,Акварель,DJ09624,0.0,0.0
2025-03,Акварель,DJ09624,0.0,0.0
2025-04,Акварель,DJ09624,0.0,0.0
2025-05,Акварель,DJ09624,0.0,0.0
2025-06,Акварель,DJ09624,0.0,0.0
2024-07,Акварель,DJ09707,4.0,3.1452298
2024-08,Акварель,DJ09707,4.0,2.3803265
2024-09,Акварель,DJ09707,2.0,2.1070054
2024-10,Акварель,DJ09707,5.0,2.4826705
2024-11,Акварель,DJ09707,5.0,1.1907164
2024-12,Акварель,DJ09707,3.0,2.6490574
2025-01,Акварель,DJ09707,4.0,0.9489012
2025-02,Акварель,DJ09707,3.0,0.8430205
2025-03,Акварель,DJ09707,0.0,0.0
2025-04,Акварель,DJ09707,0.0,0.0
2025-05,Акварель,DJ09707,4.0,0.93038446
2025-06,Акварель,DJ09707,0.0,0.0
2024-07,Антошка,DJ09707,2.0,0.51350266
2024-08,Антошка,DJ09707,1.0,0.55382484
2024-09,Антошка,DJ09707,0.0,0.43071082
2024-10,Антошка,DJ09707,0.0,0.21661773
2024-11,Антошка,DJ09707,1.0,0.0
2024-12,Антошка,DJ09707,3.0,0.0
2025-01,Антошка,DJ09707,1.0,0.0
2025-02,Антошка,DJ09707,0.0,0.0
2025-03,Антошка,DJ09707,0.0,0.0
2025-04,Антошка,DJ09707,0.0,0.0
2025-05,Антошка,DJ09707,2.0,0.0
2025-06,Антошка,DJ09707,0.0,0.0
2024-07,БІ,DJ09707,4.0,2.030665
2024-08,БІ,DJ09707,2.0,1.5460477
2024-09,БІ,DJ09707,2.0,1.7602836
2024-10,БІ,DJ09707,3.0,1.8026637
2024-11,БІ,DJ09707,2.0,0.654261
2024-12,БІ,DJ09707,1.0,1.8286874
2025-01,БІ,DJ09707,0.0,0.0
2025-02,БІ,DJ09707,0.0,0.0
2025-03,БІ,DJ09707,3.0,0.23205674
2025-04,БІ,DJ09707,3.0,0.55444515
2025-05,БІ,DJ09707,2.0,0.5152874
2025-06,БІ,DJ09707,1.0,0.3768953
2024-07,Смік,DJ09707,7.0,0.8394112
2024-08,Смік,DJ09707,2.0,0.8124224
2024-09,Смік,DJ09707,0.0,0.56916326
2024-10,Смік,DJ09707,0.0,0.34736982
2024-11,Смік,DJ09707,0.0,0.0
2024-12,Смік,DJ09707,0.0,0.062069673
2025-01,Смік,DJ09707,0.0,0.0
2025-02,Смік,DJ09707,1.0,0.0
2025-03,Смік,DJ09707,0.0,0.0
2025-04,Смік,DJ09707,0.0,0.0
2025-05,Смік,DJ09707,0.0,0.0
2025-06,Смік,DJ09707,1.0,0.0
2024-07,Акварель,DJ09736,3.0,1.1127919
2024-08,Акварель,DJ09736,1.0,0.9583364
2024-09,Акварель,DJ09736,4.0,0.8646194
2024-10,Акварель,DJ09736,1.0,0.99203616
2024-11,Акварель,DJ09736,4.0,0.47298595
2024-12,Акварель,DJ09736,1.0,1.230825
2025-01,Акварель,DJ09736,1.0,0.20629446
2025-02,Акварель,DJ09736,1.0,0.26887554
2025-03,Акварель,DJ09736,0.0,0.0
2025-04,Акварель,DJ09736,2.0,0.13328186
2025-05,Акварель,DJ09736,2.0,0.37875026
2025-06,Акварель,DJ09736,0.0,0.0
2024-07,Акварель,DJ09737,3.0,1.5977627
2024-08,Акварель,DJ09737,3.0,1.427824
2024-09,Акварель,DJ09737,2.0,1.3559275
2024-10,Акварель,DJ09737,3.0,1.6940622
2024-11,Акварель,DJ09737,4.0,1.0745695
2024-12,Акварель,DJ09737,4.0,1.6688749
2025-01,Акварель,DJ09737,2.0,0.62885326
2025-02,Акварель,DJ09737,0.0,0.0
2025-03,Акварель,DJ09737,0.0,0.0
2025-04,Акварель,DJ09737,0.0,0.0
2025-05,Акварель,DJ09737,0.0,0.0
2025-06,Акварель,DJ09737,1.0,0.48900956
2024-07,БІ,DJ09737,5.0,1.7907022
2024-08,БІ,DJ09737,2.0,1.6290014
2024-09,БІ,DJ09737,2.0,1.5002311
2024-10,БІ,DJ09737,5.0,1.396847
2024-11,БІ,DJ09737,5.0,0.62372214
2024-12,БІ,DJ09737,5.0,2.0113425
2025-01,БІ,DJ09737,1.0,0.683859
2025-02,БІ,DJ09737,1.0,0.31569088
2025-03,БІ,DJ09737,1.0,0.1807154
2025-04,БІ,DJ09737,1.0,0.27716768
2025-05,БІ,DJ09737,1.0,0.29773295
2025-06,БІ,DJ09737,1.0,0.27318427
2024-07,ІМ-Розетка,DJ09750,0.0,0.0
2024-08,ІМ-Розетка,DJ09750,0.0,0.0
2024-09,ІМ-Розетка,DJ09750,0.0,0.0
2024-10,ІМ-Розетка,DJ09750,0.0,0.0
2024-11,ІМ-Розетка,DJ09750,5.0,0.008938447
2024-12,ІМ-Розетка,DJ09750,12.0,4.64709
2025-01,ІМ-Розетка,DJ09750,5.0,2.7713387
2025-02,ІМ-Розетка,DJ09750,2.0,0.031789407
2025-03,ІМ-Розетка,DJ09750,0.0,0.0
2025-04,ІМ-Розетка,DJ09750,0.0,0.0
2025-05,ІМ-Розетка,DJ09750,0.0,0.0
2025-06,ІМ-Розетка,DJ09750,0.0,0.0
2024-07,Акварель,DJ09750,3.0,1.4183853
2024-08,Акварель,DJ09750,3.0,1.9914557
2024-09,Акварель,DJ09750,1.0,1.5002496
2024-10,Акварель,DJ09750,4.0,1.7324711
2024-11,Акварель,DJ09750,13.0,3.0420303
2024-12,Акварель,DJ09750,33.0,16.19135
2025-01,Акварель,DJ09750,13.0,8.175595
2025-02,Акварель,DJ09750,4.0,2.3099387
2025-03,Акварель,DJ09750,6.0,2.1288044
2025-04,Акварель,DJ09750,5.0,2.40714
2025-05,Акварель,DJ09750,4.0,2.2725182
2025-06,Акварель,DJ09750,6.0,2.4451454
2024-07,Антошка,DJ09750,8.0,3.1773946
2024-08,Антошка,DJ09750,8.0,4.2838473
2024-09,Антошка,DJ09750,8.0,3.6386654
2024-10,Антошка,DJ09750,6.0,2.9298887
2024-11,Антошка,DJ09750,8.0,3.5213344
2024-12,Антошка,DJ09750,24.0,19.62488
2025-01,Антошка,DJ09750,10.0,7.4569516
2025-02,Антошка,DJ09750,1.0,2.9904604
2025-03,Антошка,DJ09750,2.0,1.5733553
2025-04,Антошка,DJ09750,6.0,1.6512771
2025-05,Антошка,DJ09750,7.0,1.6956248
2025-06,Антошка,DJ09750,4.0,1.8193939
2024-07,БІ,DJ09750,27.0,13.032945
2024-08,БІ,DJ09750,29.0,13.899307
2024-09,БІ,DJ09750,36.0,12.84101
2024-10,БІ,DJ09750,16.0,13.836486
2024-11,БІ,DJ09750,37.0,12.172602
2024-12,БІ,DJ09750,129.0,62.874542
2025-01,БІ,DJ09750,51.0,28.152584
2025-02,БІ,DJ09750,22.0,18.602684
2025-03,БІ,DJ09750,20.0,12.741916
2025-04,БІ,DJ09750,28.0,7.586405
2025-05,БІ,DJ09750,18.0,10.335246
2025-06,БІ,DJ09750,24.0,6.7384543
2024-07,Віват Канцелярія,DJ09750,0.0,0.22195448
2024-08,Віват Канцелярія,DJ09750,2.0,0.6564468
2024-09,Віват Канцелярія,DJ09750,4.0,0.3693557
2024-10,Віват Канцелярія,DJ09750,2.0,0.42481503
2024-11,Віват Канцелярія,DJ09750,5.0,0.7029153
2024-12,Віват Канцелярія,DJ09750,1.0,3.2641964
2025-01,Віват Канцелярія,DJ09750,1.0,0.8409342
2025-02,Віват Канцелярія,DJ09750,0.0,0.23011625
2025-03,Віват Канцелярія,DJ09750,0.0,0.04518016
2025-04,Віват Канцелярія,DJ09750,1.0,0.0
2025-05,Віват Канцелярія,DJ09750,3.0,0.1486609
2025-06,Віват Канцелярія,DJ09750,2.0,0.0
2024-07,МайПлей,DJ09750,3.0,0.5583999
2024-08,МайПлей,DJ09750,4.0,0.3314009
2024-09,МайПлей,DJ09750,5.0,0.9116585
2024-10,МайПлей,DJ09750,2.0,0.39169756
2024-11,МайПлей,DJ09750,4.0,0.7453189
2024-12,МайПлей,DJ09750,9.0,4.578099
2025-01,МайПлей,DJ09750,0.0,0.028678913
2025-02,МайПлей,DJ09750,1.0,0.0
2025-03,МайПлей,DJ09750,3.0,0.20115848
2025-04,МайПлей,DJ09750,2.0,0.09245418
2025-05,МайПлей,DJ09750,3.0,0.053622946
2025-06,МайПлей,DJ09750,1.0,0.12726542
2024-07,ІМ-Розетка,DJ09784,0.0,0.0
2024-08,ІМ-Розетка,DJ09784,2.0,0.0
2024-09,ІМ-Розетка,DJ09784,0.0,0.0
2024-10,ІМ-Розетка,DJ09784,0.0,0.0
2024-11,ІМ-Розетка,DJ09784,2.0,0.0
2024-12,ІМ-Розетка,DJ09784,3.0,1.0952706
2025-01,ІМ-Розетка,DJ09784,0.0,0.0
2025-02,ІМ-Розетка,DJ09784,0.0,0.0
2025-03,ІМ-Розетка,DJ09784,1.0,0.0
2025-04,ІМ-Розетка,DJ09784,0.0,0.0
2025-05,ІМ-Розетка,DJ09784,1.0,0.0
2025-06,ІМ-Розетка,DJ09784,0.0,0.0
2024-07,Акварель,DJ09784,3.0,1.237546
2024-08,Акварель,DJ09784,4.0,1.5303766
2024-09,Акварель,DJ09784,4.0,1.4016635
2024-10,Акварель,DJ09784,0.0,1.071747
2024-11,Акварель,DJ09784,7.0,2.2853029
2024-12,Акварель,DJ09784,14.0,6.923506
2025-01,Акварель,DJ09784,7.0,3.9462087
2025-02,Акварель,DJ09784,3.0,1.8672477
2025-03,Акварель,DJ09784,6.0,1.7690403
2025-04,Акварель,DJ09784,3.0,2.0094132
2025-05,Акварель,DJ09784,10.0,1.6160915
2025-06,Акварель,DJ09784,3.0,1.8069782
2024-07,Антошка,DJ09784,0.0,0.0
2024-08,Антошка,DJ09784,0.0,0.0
2024-09,Антошка,DJ09784,0.0,0.0
2024-10,Антошка,DJ09784,2.0,0.0
2024-11,Антошка,DJ09784,0.0,0.0
2024-12,Антошка,DJ09784,2.0,1.3405955
2025-01,Антошка,DJ09784,2.0,0.0
2025-02,Антошка,DJ09784,0.0,0.0
2025-03,Антошка,DJ09784,1.0,0.0
2025-04,Антошка,DJ09784,1.0,0.0
2025-05,Антошка,DJ09784,0.0,0.0
2025-06,Антошка,DJ09784,2.0,0.0
2024-07,БІ,DJ09784,7.0,3.027445
2024-08,БІ,DJ09784,9.0,4.618099
2024-09,БІ,DJ09784,9.0,4.4688406
2024-10,БІ,DJ09784,3.0,3.3794358
2024-11,БІ,DJ09784,6.0,2.7669604
2024-12,БІ,DJ09784,20.0,13.1418295
2025-01,БІ,DJ09784,9.0,5.565734
2025-02,БІ,DJ09784,4.0,2.3743541
2025-03,БІ,DJ09784,3.0,1.681516
2025-04,БІ,DJ09784,5.0,1.8474869
2025-05,БІ,DJ09784,4.0,1.6094489
2025-06,БІ,DJ09784,7.0,1.7218252
2024-07,МайПлей,DJ09784,1.0,0.17709646
2024-08,МайПлей,DJ09784,1.0,0.0
2024-09,МайПлей,DJ09784,0.0,0.0
2024-10,МайПлей,DJ09784,2.0,0.0
2024-11,МайПлей,DJ09784,0.0,0.0
2024-12,МайПлей,DJ09784,1.0,1.2501835
2025-01,МайПлей,DJ09784,0.0,0.0
2025-02,МайПлей,DJ09784,1.0,0.0
2025-03,МайПлей,DJ09784,3.0,0.0
2025-04,МайПлей,DJ09784,0.0,0.0
2025-05,МайПлей,DJ09784,1.0,0.0
2025-06,МайПлей,DJ09784,1.0,0.0
2024-07,ІМ-Розетка,DJ09807,2.0,0.87408847
2024-08,ІМ-Розетка,DJ09807,1.0,0.8301719
2024-09,ІМ-Розетка,DJ09807,0.0,0.030131364
2024-10,ІМ-Розетка,DJ09807,0.0,0.0
2024-11,ІМ-Розетка,DJ09807,5.0,0.6702041
2024-12,ІМ-Розетка,DJ09807,8.0,10.866452
2025-01,ІМ-Розетка,DJ09807,3.0,1.3498933
2025-02,ІМ-Розетка,DJ09807,3.0,0.56132954
2025-03,ІМ-Розетка,DJ09807,3.0,0.6359826
2025-04,ІМ-Розетка,DJ09807,5.0,0.61042434
2025-05,ІМ-Розетка,DJ09807,2.0,0.65312135
2025-06,ІМ-Розетка,DJ09807,2.0,0.64303046
2024-07,Акварель,DJ09807,3.0,1.4423627
2024-08,Акварель,DJ09807,7.0,1.4970479
2024-09,Акварель,DJ09807,3.0,1.6062031
2024-10,Акварель,DJ09807,2.0,1.743704
2024-11,Акварель,DJ09807,4.0,1.8931959
2024-12,Акварель,DJ09807,14.0,4.8854637
2025-01,Акварель,DJ09807,8.0,3.6245563
2025-02,Акварель,DJ09807,3.0,1.5641397
2025-03,Акварель,DJ09807,6.0,1.8695668
2025-04,Акварель,DJ09807,3.0,1.6552491
2025-05,Акварель,DJ09807,3.0,1.712856
2025-06,Акварель,DJ09807,2.0,1.964567
2024-07,БІ,DJ09807,22.0,4.5463314
2024-08,БІ,DJ09807,8.0,7.4863477
2024-09,БІ,DJ09807,13.0,5.2164574
2024-10,БІ,DJ09807,5.0,6.722607
2024-11,БІ,DJ09807,16.0,5.062635
2024-12,БІ,DJ09807,42.0,19.186146
2025-01,БІ,DJ09807,15.0,8.080293
2025-02,БІ,DJ09807,6.0,5.1498046
2025-03,БІ,DJ09807,6.0,4.4151053
2025-04,БІ,DJ09807,8.0,3.7841773
2025-05,БІ,DJ09807,6.0,3.5101492
2025-06,БІ,DJ09807,12.0,2.9633126
2024-07,МайПлей,DJ09807,0.0,0.2848037
2024-08,МайПлей,DJ09807,1.0,0.08610773
2024-09,МайПлей,DJ09807,0.0,0.0
2024-10,МайПлей,DJ09807,4.0,0.07010264
2024-11,МайПлей,DJ09807,1.0,0.17128305
2024-12,МайПлей,DJ09807,3.0,1.3413733
2025-01,МайПлей,DJ09807,0.0,0.43976045
2025-02,МайПлей,DJ09807,0.0,0.0
2025-03,МайПлей,DJ09807,3.0,0.0
2025-04,МайПлей,DJ09807,0.0,0.12473466
2025-05,МайПлей,DJ09807,0.0,0.0
2025-06,МайПлей,DJ09807,0.0,0.0005950313
2024-07,Мегамаркет,DJ09807,0.0,0.0
2024-08,Мегамаркет,DJ09807,0.0,0.0
2024-09,Мегамаркет,DJ09807,0.0,0.0
2024-10,Мегамаркет,DJ09807,0.0,0.0
2024-11,Мегамаркет,DJ09807,1.0,0.0
2024-12,Мегамаркет,DJ09807,3.0,0.64008427
2025-01,Мегамаркет,DJ09807,0.0,0.055631313
2025-02,Мегамаркет,DJ09807,1.0,0.0
2025-03,Мегамаркет,DJ09807,1.0,0.0
2025-04,Мегамаркет,DJ09807,1.0,0.0
2025-05,Мегамаркет,DJ09807,0.0,0.0
2025-06,Мегамаркет,DJ09807,2.0,0.0
2024-07,Смік,DJ09807,1.0,0.0
2024-08,Смік,DJ09807,2.0,0.0
2024-09,Смік,DJ09807,1.0,0.0
2024-10,Смік,DJ09807,3.0,0.0
2024-11,Смік,DJ09807,0.0,0.0
2024-12,Смік,DJ09807,0.0,0.28693277
2025-01,Смік,DJ09807,1.0,0.0
2025-02,Смік,DJ09807,0.0,0.0
2025-03,Смік,DJ09807,0.0,0.0
2025-04,Смік,DJ09807,0.0,0.0
2025-05,Смік,DJ09807,0.0,0.0
2025-06,Смік,DJ09807,0.0,0.0
2024-07,Супрун ФОП,DJ09807,0.0,0.0
2024-08,Супрун ФОП,DJ09807,1.0,0.0
2024-09,Супрун ФОП,DJ09807,0.0,0.0
2024-10,Супрун ФОП,DJ09807,0.0,0.0
2024-11,Супрун ФОП,DJ09807,0.0,0.0
2024-12,Супрун ФОП,DJ09807,0.0,0.0
2025-01,Супрун ФОП,DJ09807,0.0,0.0
2025-02,Супрун ФОП,DJ09807,0.0,0.0
2025-03,Супрун ФОП,DJ09807,0.0,0.0
2025-04,Супрун ФОП,DJ09807,0.0,0.0
2025-05,Супрун ФОП,DJ09807,0.0,0.0
2025-06,Супрун ФОП,DJ09807,2.0,0.0
2024-07,ІМ-Розетка,DJ09808,2.0,0.95662737
2024-08,ІМ-Розетка,DJ09808,1.0,0.6051224
2024-09,ІМ-Розетка,DJ09808,0.0,0.10072982
2024-10,ІМ-Розетка,DJ09808,1.0,0.33524314
2024-11,ІМ-Розетка,DJ09808,2.0,0.843033
2024-12,ІМ-Розетка,DJ09808,1.0,4.31105
2025-01,ІМ-Розетка,DJ09808,1.0,0.48418415
2025-02,ІМ-Розетка,DJ09808,3.0,0.019984074
2025-03,ІМ-Розетка,DJ09808,6.0,0.36243394
2025-04,ІМ-Розетка,DJ09808,6.0,0.8239712
2025-05,ІМ-Розетка,DJ09808,6.0,0.70532644
2025-06,ІМ-Розетка,DJ09808,3.0,0.88037944
2024-07,Акварель,DJ09808,2.0,1.6339291
2024-08,Акварель,DJ09808,3.0,1.88348
2024-09,Акварель,DJ09808,2.0,1.6512395
2024-10,Акварель,DJ09808,1.0,1.5843793
2024-11,Акварель,DJ09808,5.0,2.3875659
2024-12,Акварель,DJ09808,10.0,5.7899814
2025-01,Акварель,DJ09808,12.0,2.7434435
2025-02,Акварель,DJ09808,8.0,2.2694914
2025-03,Акварель,DJ09808,10.0,1.9699272
2025-04,Акварель,DJ09808,3.0,1.9864339
2025-05,Акварель,DJ09808,3.0,2.0392163
2025-06,Акварель,DJ09808,3.0,1.9176921
2024-07,Антошка,DJ09808,7.0,1.6398482
2024-08,Антошка,DJ09808,5.0,1.8718747
2024-09,Антошка,DJ09808,4.0,1.6349838
2024-10,Антошка,DJ09808,3.0,1.3859435
2024-11,Антошка,DJ09808,2.0,1.4800045
2024-12,Антошка,DJ09808,9.0,4.183921
2025-01,Антошка,DJ09808,7.0,2.1228812
2025-02,Антошка,DJ09808,4.0,1.2089244
2025-03,Антошка,DJ09808,6.0,1.3017431
2025-04,Антошка,DJ09808,7.0,1.506897
2025-05,Антошка,DJ09808,5.0,1.2699704
2025-06,Антошка,DJ09808,3.0,1.6395414
2024-07,БІ,DJ09808,9.0,4.228515
2024-08,БІ,DJ09808,4.0,4.6221795
2024-09,БІ,DJ09808,15.0,3.7925797
2024-10,БІ,DJ09808,5.0,5.17338
2024-11,БІ,DJ09808,11.0,4.2379394
2024-12,БІ,DJ09808,22.0,14.915933
2025-01,БІ,DJ09808,13.0,5.2325144
2025-02,БІ,DJ09808,5.0,3.3882613
2025-03,БІ,DJ09808,5.0,2.992339
2025-04,БІ,DJ09808,12.0,2.5724921
2025-05,БІ,DJ09808,7.0,2.9967675
2025-06,БІ,DJ09808,11.0,2.5292177
2024-07,Епіцентр,DJ09808,0.0,0.0
2024-08,Епіцентр,DJ09808,1.0,0.0
2024-09,Епіцентр,DJ09808,0.0,0.0
2024-10,Епіцентр,DJ09808,0.0,0.0
2024-11,Епіцентр,DJ09808,0.0,0.0
2024-12,Епіцентр,DJ09808,2.0,1.470007
2025-01,Епіцентр,DJ09808,2.0,0.41695413
2025-02,Епіцентр,DJ09808,2.0,0.32869425
2025-03,Епіцентр,DJ09808,0.0,0.14311457
2025-04,Епіцентр,DJ09808,0.0,0.0
2025-05,Епіцентр,DJ09808,0.0,0.0
2025-06,Епіцентр,DJ09808,0.0,0.0
2024-07,МайПлей,DJ09808,1.0,0.1575686
2024-08,МайПлей,DJ09808,3.0,0.19232051
2024-09,МайПлей,DJ09808,0.0,0.028278058
2024-10,МайПлей,DJ09808,2.0,0.067687795
2024-11,МайПлей,DJ09808,0.0,0.07119293
2024-12,МайПлей,DJ09808,5.0,1.3011594
2025-01,МайПлей,DJ09808,0.0,0.5824708
2025-02,МайПлей,DJ09808,1.0,0.10621349
2025-03,МайПлей,DJ09808,1.0,0.0
2025-04,МайПлей,DJ09808,0.0,0.11261395
2025-05,МайПлей,DJ09808,1.0,0.0
2025-06,МайПлей,DJ09808,1.0,0.0
2024-07,Мегамаркет,DJ09808,2.0,0.027673487
2024-08,Мегамаркет,DJ09808,2.0,0.17721365
2024-09,Мегамаркет,DJ09808,2.0,0.0
2024-10,Мегамаркет,DJ09808,0.0,0.15370509
2024-11,Мегамаркет,DJ09808,0.0,0.0
2024-12,Мегамаркет,DJ09808,1.0,0.46648875
2025-01,Мегамаркет,DJ09808,0.0,0.0067883325
2025-02,Мегамаркет,DJ09808,0.0,0.0
2025-03,Мегамаркет,DJ09808,0.0,0.0
2025-04,Мегамаркет,DJ09808,0.0,0.0
2025-05,Мегамаркет,DJ09808,0.0,0.0
2025-06,Мегамаркет,DJ09808,2.0,0.0
2024-07,Смік,DJ09808,4.0,0.023274532
2024-08,Смік,DJ09808,5.0,0.23321031
2024-09,Смік,DJ09808,3.0,0.3757229
2024-10,Смік,DJ09808,0.0,0.46454227
2024-11,Смік,DJ09808,0.0,0.24616984
2024-12,Смік,DJ09808,4.0,0.88889027
2025-01,Смік,DJ09808,0.0,0.11699244
2025-02,Смік,DJ09808,1.0,0.0
2025-03,Смік,DJ09808,1.0,0.0
2025-04,Смік,DJ09808,0.0,0.0
2025-05,Смік,DJ09808,2.0,0.0
2025-06,Смік,DJ09808,0.0,0.12278551
2024-07,Супрун ФОП,DJ09808,0.0,0.0
2024-08,Супрун ФОП,DJ09808,0.0,0.0
2024-09,Супрун ФОП,DJ09808,0.0,0.0
2024-10,Супрун ФОП,DJ09808,0.0,0.0
2024-11,Супрун ФОП,DJ09808,0.0,0.0
2024-12,Супрун ФОП,DJ09808,0.0,0.0
2025-01,Супрун ФОП,DJ09808,1.0,0.0
2025-02,Супрун ФОП,DJ09808,0.0,0.0
2025-03,Супрун ФОП,DJ09808,1.0,0.0
2025-04,Супрун ФОП,DJ09808,0.0,0.0
2025-05,Супрун ФОП,DJ09808,0.0,0.0
2025-06,Супрун ФОП,DJ09808,2.0,0.0
2024-07,ІМ-Розетка,DJ09809,1.0,0.6320167
2024-08,ІМ-Розетка,DJ09809,3.0,1.0953281
2024-09,ІМ-Розетка,DJ09809,0.0,0.17384389
2024-10,ІМ-Розетка,DJ09809,0.0,0.0
2024-11,ІМ-Розетка,DJ09809,3.0,0.23495404
2024-12,ІМ-Розетка,DJ09809,4.0,4.331861
2025-01,ІМ-Розетка,DJ09809,1.0,1.2497087
2025-02,ІМ-Розетка,DJ09809,0.0,0.19632222
2025-03,ІМ-Розетка,DJ09809,0.0,0.05514288
2025-04,ІМ-Розетка,DJ09809,3.0,0.0
2025-05,ІМ-Розетка,DJ09809,0.0,0.2814796
2025-06,ІМ-Розетка,DJ09809,7.0,0.03251622
2024-07,Акварель,DJ09809,3.0,1.3738146
2024-08,Акварель,DJ09809,4.0,1.8815433
2024-09,Акварель,DJ09809,2.0,1.2062356
2024-10,Акварель,DJ09809,2.0,1.354104
2024-11,Акварель,DJ09809,5.0,2.2145178
2024-12,Акварель,DJ09809,6.0,4.973584
2025-01,Акварель,DJ09809,4.0,2.3311296
2025-02,Акварель,DJ09809,2.0,1.5570077
2025-03,Акварель,DJ09809,8.0,1.241352
2025-04,Акварель,DJ09809,2.0,1.4182086
2025-05,Акварель,DJ09809,3.0,1.2741888
2025-06,Акварель,DJ09809,1.0,1.5447335
2024-07,БІ,DJ09809,8.0,3.380223
2024-08,БІ,DJ09809,4.0,2.963894
2024-09,БІ,DJ09809,8.0,3.1604447
2024-10,БІ,DJ09809,5.0,3.257917
2024-11,БІ,DJ09809,10.0,3.487911
2024-12,БІ,DJ09809,19.0,12.17611
2025-01,БІ,DJ09809,13.0,5.252704
2025-02,БІ,DJ09809,2.0,2.9854317
2025-03,БІ,DJ09809,4.0,2.8725412
2025-04,БІ,DJ09809,2.0,2.3882234
2025-05,БІ,DJ09809,9.0,1.6537284
2025-06,БІ,DJ09809,4.0,2.660029
2024-07,Віват Канцелярія,DJ09809,0.0,0.0
2024-08,Віват Канцелярія,DJ09809,1.0,0.37998483
2024-09,Віват Канцелярія,DJ09809,7.0,0.21493994
2024-10,Віват Канцелярія,DJ09809,1.0,0.41711023
2024-11,Віват Канцелярія,DJ09809,0.0,0.33218113
2024-12,Віват Канцелярія,DJ09809,0.0,1.3909489
2025-01,Віват Канцелярія,DJ09809,1.0,0.06817869
2025-02,Віват Канцелярія,DJ09809,1.0,0.0
2025-03,Віват Канцелярія,DJ09809,1.0,0.05705544
2025-04,Віват Канцелярія,DJ09809,0.0,0.0
2025-05,Віват Канцелярія,DJ09809,0.0,0.0
2025-06,Віват Канцелярія,DJ09809,1.0,0.0
2024-07,МайПлей,DJ09809,0.0,0.2043239
2024-08,МайПлей,DJ09809,1.0,0.07673396
2024-09,МайПлей,DJ09809,1.0,0.032774914
2024-10,МайПлей,DJ09809,3.0,0.107129976
2024-11,МайПлей,DJ09809,3.0,0.13351898
2024-12,МайПлей,DJ09809,6.0,1.5918332
2025-01,МайПлей,DJ09809,0.0,0.80792165
2025-02,МайПлей,DJ09809,2.0,0.16064405
2025-03,МайПлей,DJ09809,0.0,0.04926838
2025-04,МайПлей,DJ09809,1.0,0.15935913
2025-05,МайПлей,DJ09809,0.0,0.0
2025-06,МайПлей,DJ09809,0.0,0.0741526
2024-07,Мегамаркет,DJ09809,0.0,0.0
2024-08,Мегамаркет,DJ09809,1.0,0.056371894
2024-09,Мегамаркет,DJ09809,2.0,0.0
2024-10,Мегамаркет,DJ09809,0.0,0.0
2024-11,Мегамаркет,DJ09809,0.0,0.0
2024-12,Мегамаркет,DJ09809,1.0,0.37769315
2025-01,Мегамаркет,DJ09809,0.0,0.0
2025-02,Мегамаркет,DJ09809,1.0,0.0
2025-03,Мегамаркет,DJ09809,1.0,0.0
2025-04,Мегамаркет,DJ09809,1.0,0.0
2025-05,Мегамаркет,DJ09809,0.0,0.0
2025-06,Мегамаркет,DJ09809,3.0,0.0
2024-07,Монако,DJ09809,2.0,0.07457384
2024-08,Монако,DJ09809,0.0,0.0
2024-09,Монако,DJ09809,0.0,0.0
2024-10,Монако,DJ09809,0.0,0.0
2024-11,Монако,DJ09809,1.0,0.0
2024-12,Монако,DJ09809,0.0,0.0
2025-01,Монако,DJ09809,0.0,0.0
2025-02,Монако,DJ09809,0.0,0.0
2025-03,Монако,DJ09809,1.0,0.0
2025-04,Монако,DJ09809,0.0,0.0
2025-05,Монако,DJ09809,0.0,0.0
2025-06,Монако,DJ09809,1.0,0.0
2024-07,СмартТойс,DJ09809,0.0,0.0
2024-08,СмартТойс,DJ09809,0.0,0.0
2024-09,СмартТойс,DJ09809,1.0,0.0
2024-10,СмартТойс,DJ09809,0.0,0.0
2024-11,СмартТойс,DJ09809,0.0,0.0
2024-12,СмартТойс,DJ09809,0.0,0.0
2025-01,СмартТойс,DJ09809,0.0,0.0
2025-02,СмартТойс,DJ09809,0.0,0.0
2025-03,СмартТойс,DJ09809,0.0,0.0
2025-04,СмартТойс,DJ09809,0.0,0.0
2025-05,СмартТойс,DJ09809,0.0,0.0
2025-06,СмартТойс,DJ09809,0.0,0.0
2024-07,Смік,DJ09809,1.0,0.0
2024-08,Смік,DJ09809,2.0,0.0
2024-09,Смік,DJ09809,2.0,0.0
2024-10,Смік,DJ09809,0.0,0.0
2024-11,Смік,DJ09809,1.0,0.23277979
2024-12,Смік,DJ09809,0.0,0.735829
2025-01,Смік,DJ09809,1.0,0.0
2025-02,Смік,DJ09809,0.0,0.0
2025-03,Смік,DJ09809,1.0,0.0
2025-04,Смік,DJ09809,0.0,0.0
2025-05,Смік,DJ09809,0.0,0.0
2025-06,Смік,DJ09809,0.0,0.0
2024-07,Супрун ФОП,DJ09809,0.0,0.0
2024-08,Супрун ФОП,DJ09809,0.0,0.0
2024-09,Супрун ФОП,DJ09809,0.0,0.0
2024-10,Супрун ФОП,DJ09809,0.0,0.0
2024-11,Супрун ФОП,DJ09809,0.0,0.0
2024-12,Супрун ФОП,DJ09809,0.0,0.0
2025-01,Супрун ФОП,DJ09809,0.0,0.0
2025-02,Супрун ФОП,DJ09809,0.0,0.0
2025-03,Супрун ФОП,DJ09809,1.0,0.0
2025-04,Супрун ФОП,DJ09809,0.0,0.0
2025-05,Супрун ФОП,DJ09809,0.0,0.0
2025-06,Супрун ФОП,DJ09809,2.0,0.0
2024-07,ІМ-Розетка,DJ09810,2.0,0.6300494
2024-08,ІМ-Розетка,DJ09810,0.0,0.15096907
2024-09,ІМ-Розетка,DJ09810,0.0,0.0
2024-10,ІМ-Розетка,DJ09810,1.0,0.07501241
2024-11,ІМ-Розетка,DJ09810,5.0,1.013078
2024-12,ІМ-Розетка,DJ09810,11.0,7.9494514
2025-01,ІМ-Розетка,DJ09810,3.0,2.0023735
2025-02,ІМ-Розетка,DJ09810,1.0,0.6710497
2025-03,ІМ-Розетка,DJ09810,1.0,0.75239825
2025-04,ІМ-Розетка,DJ09810,3.0,0.2722395
2025-05,ІМ-Розетка,DJ09810,2.0,0.55791956
2025-06,ІМ-Розетка,DJ09810,6.0,0.5133387
2024-07,Акварель,DJ09810,4.0,3.0760903
2024-08,Акварель,DJ09810,3.0,2.464851
2024-09,Акварель,DJ09810,8.0,2.3373182
2024-10,Акварель,DJ09810,8.0,2.721428
2024-11,Акварель,DJ09810,10.0,3.6740327
2024-12,Акварель,DJ09810,30.0,12.916156
2025-01,Акварель,DJ09810,16.0,7.369762
2025-02,Акварель,DJ09810,12.0,3.6488068
2025-03,Акварель,DJ09810,5.0,3.9978585
2025-04,Акварель,DJ09810,7.0,3.2930703
2025-05,Акварель,DJ09810,11.0,2.9206152
2025-06,Акварель,DJ09810,5.0,3.6735992
2024-07,Антошка,DJ09810,13.0,5.046078
2024-08,Антошка,DJ09810,15.0,5.4921627
2024-09,Антошка,DJ09810,10.0,5.568092
2024-10,Антошка,DJ09810,13.0,5.7803864
2024-11,Антошка,DJ09810,19.0,6.021141
2024-12,Антошка,DJ09810,31.0,20.812601
2025-01,Антошка,DJ09810,20.0,8.963154
2025-02,Антошка,DJ09810,10.0,5.325121
2025-03,Антошка,DJ09810,13.0,5.350136
2025-04,Антошка,DJ09810,7.0,4.437584
2025-05,Антошка,DJ09810,13.0,3.805383
2025-06,Антошка,DJ09810,9.0,3.9551935
2024-07,БІ,DJ09810,26.0,11.459057
2024-08,БІ,DJ09810,18.0,12.101553
2024-09,БІ,DJ09810,23.0,10.216783
2024-10,БІ,DJ09810,21.0,10.333489
2024-11,БІ,DJ09810,27.0,12.350908
2024-12,БІ,DJ09810,76.0,37.917255
2025-01,БІ,DJ09810,33.0,14.858884
2025-02,БІ,DJ09810,16.0,9.3542185
2025-03,БІ,DJ09810,22.0,9.933677
2025-04,БІ,DJ09810,15.0,9.501002
2025-05,БІ,DJ09810,21.0,8.155093
2025-06,БІ,DJ09810,19.0,6.460492
2024-07,Віват Канцелярія,DJ09810,1.0,0.0
2024-08,Віват Канцелярія,DJ09810,4.0,0.8574272
2024-09,Віват Канцелярія,DJ09810,2.0,0.64435685
2024-10,Віват Канцелярія,DJ09810,3.0,1.0574386
2024-11,Віват Канцелярія,DJ09810,5.0,0.8340129
2024-12,Віват Канцелярія,DJ09810,8.0,4.0567594
2025-01,Віват Канцелярія,DJ09810,0.0,0.09469221
2025-02,Віват Канцелярія,DJ09810,3.0,0.19486503
2025-03,Віват Канцелярія,DJ09810,3.0,0.49316645
2025-04,Віват Канцелярія,DJ09810,2.0,0.39126378
2025-05,Віват Канцелярія,DJ09810,1.0,0.6143399
2025-06,Віват Канцелярія,DJ09810,2.0,0.3231562
2024-07,МайПлей,DJ09810,4.0,0.61447823
2024-08,МайПлей,DJ09810,3.0,0.6343871
2024-09,МайПлей,DJ09810,2.0,0.49155784
2024-10,МайПлей,DJ09810,1.0,0.3528463
2024-11,МайПлей,DJ09810,3.0,0.54423594
2024-12,МайПлей,DJ09810,10.0,4.1946387
2025-01,МайПлей,DJ09810,2.0,1.1017877
2025-02,МайПлей,DJ09810,0.0,0.2499627
2025-03,МайПлей,DJ09810,1.0,0.26844627
2025-04,МайПлей,DJ09810,0.0,0.5897814
2025-05,МайПлей,DJ09810,2.0,0.10040189
2025-06,МайПлей,DJ09810,0.0,0.31269154
2024-07,Мегамаркет,DJ09810,1.0,0.0
2024-08,Мегамаркет,DJ09810,0.0,0.0
2024-09,Мегамаркет,DJ09810,2.0,0.0
2024-10,Мегамаркет,DJ09810,0.0,0.0
2024-11,Мегамаркет,DJ09810,0.0,0.0
2024-12,Мегамаркет,DJ09810,3.0,0.44105312
2025-01,Мегамаркет,DJ09810,1.0,0.24622773
2025-02,Мегамаркет,DJ09810,0.0,0.0
2025-03,Мегамаркет,DJ09810,1.0,0.0
2025-04,Мегамаркет,DJ09810,0.0,0.0
2025-05,Мегамаркет,DJ09810,0.0,0.0
2025-06,Мегамаркет,DJ09810,1.0,0.0
2024-07,Смік,DJ09810,0.0,0.01334674
2024-08,Смік,DJ09810,1.0,0.0
2024-09,Смік,DJ09810,1.0,0.0
2024-10,Смік,DJ09810,2.0,0.15094787
2024-11,Смік,DJ09810,2.0,0.221016
2024-12,Смік,DJ09810,4.0,0.68093467
2025-01,Смік,DJ09810,1.0,0.29016113
2025-02,Смік,DJ09810,1.0,0.0
2025-03,Смік,DJ09810,1.0,0.0
2025-04,Смік,DJ09810,0.0,0.0
2025-05,Смік,DJ09810,0.0,0.0
2025-06,Смік,DJ09810,0.0,0.0
2024-07,Акварель,DJ09837,3.0,1.5628935
2024-08,Акварель,DJ09837,1.0,1.851589
2024-09,Акварель,DJ09837,3.0,1.1992733
2024-10,Акварель,DJ09837,0.0,0.7310888
2024-11,Акварель,DJ09837,5.0,1.5450748
2024-12,Акварель,DJ09837,16.0,4.9960003
2025-01,Акварель,DJ09837,6.0,2.997041
2025-02,Акварель,DJ09837,6.0,1.6366532
2025-03,Акварель,DJ09837,5.0,1.927069
2025-04,Акварель,DJ09837,2.0,1.8195707
2025-05,Акварель,DJ09837,2.0,1.7071215
2025-06,Акварель,DJ09837,5.0,1.6816729
2024-07,Антошка,DJ09837,3.0,0.6360372
2024-08,Антошка,DJ09837,3.0,0.65634376
2024-09,Антошка,DJ09837,5.0,1.3071102
2024-10,Антошка,DJ09837,2.0,1.1933379
2024-11,Антошка,DJ09837,1.0,0.81592524
2024-12,Антошка,DJ09837,7.0,2.7090666
2025-01,Антошка,DJ09837,1.0,0.5195459
2025-02,Антошка,DJ09837,3.0,0.28299797
2025-03,Антошка,DJ09837,2.0,0.698238
2025-04,Антошка,DJ09837,3.0,0.8388324
2025-05,Антошка,DJ09837,1.0,0.73005295
2025-06,Антошка,DJ09837,1.0,0.77293956
2024-07,БІ,DJ09837,6.0,2.3048053
2024-08,БІ,DJ09837,11.0,3.5449235
2024-09,БІ,DJ09837,18.0,4.6467643
2024-10,БІ,DJ09837,9.0,4.930867
2024-11,БІ,DJ09837,5.0,3.8900466
2024-12,БІ,DJ09837,27.0,12.34295
2025-01,БІ,DJ09837,8.0,5.979752
2025-02,БІ,DJ09837,2.0,3.1320834
2025-03,БІ,DJ09837,6.0,2.0408173
2025-04,БІ,DJ09837,4.0,2.1675334
2025-05,БІ,DJ09837,8.0,2.4167633
2025-06,БІ,DJ09837,11.0,2.5321233
2024-07,ІМ-Розетка,DJ09838,15.0,0.7749553
2024-08,ІМ-Розетка,DJ09838,6.0,2.7366238
2024-09,ІМ-Розетка,DJ09838,3.0,1.6644126
2024-10,ІМ-Розетка,DJ09838,3.0,2.178784
2024-11,ІМ-Розетка,DJ09838,10.0,2.6971185
2024-12,ІМ-Розетка,DJ09838,28.0,13.243373
2025-01,ІМ-Розетка,DJ09838,4.0,4.271785
2025-02,ІМ-Розетка,DJ09838,4.0,0.9412918
2025-03,ІМ-Розетка,DJ09838,1.0,1.342967
2025-04,ІМ-Розетка,DJ09838,6.0,0.7566759
2025-05,ІМ-Розетка,DJ09838,1.0,0.9415533
2025-06,ІМ-Розетка,DJ09838,1.0,0.8062026
2024-07,Акварель,DJ09838,9.0,2.9480305
2024-08,Акварель,DJ09838,11.0,3.1327496
2024-09,Акварель,DJ09838,6.0,3.5663283
2024-10,Акварель,DJ09838,9.0,5.1776085
2024-11,Акварель,DJ09838,15.0,5.5459037
2024-12,Акварель,DJ09838,23.0,15.719425
2025-01,Акварель,DJ09838,12.0,6.8282914
2025-02,Акварель,DJ09838,3.0,2.9685311
2025-03,Акварель,DJ09838,1.0,2.775164
2025-04,Акварель,DJ09838,1.0,2.865974
2025-05,Акварель,DJ09838,2.0,1.947243
2025-06,Акварель,DJ09838,2.0,2.555626
2024-07,Антошка,DJ09838,2.0,1.1433468
2024-08,Антошка,DJ09838,0.0,0.648799
2024-09,Антошка,DJ09838,1.0,0.5179804
2024-10,Антошка,DJ09838,2.0,0.9726875
2024-11,Антошка,DJ09838,5.0,1.2958503
2024-12,Антошка,DJ09838,5.0,3.555009
2025-01,Антошка,DJ09838,1.0,0.7224907
2025-02,Антошка,DJ09838,1.0,0.025930693
2025-03,Антошка,DJ09838,0.0,0.0
2025-04,Антошка,DJ09838,0.0,0.021364281
2025-05,Антошка,DJ09838,0.0,0.0
2025-06,Антошка,DJ09838,0.0,0.12525387
2024-07,БІ,DJ09838,36.0,15.116834
2024-08,БІ,DJ09838,24.0,17.566082
2024-09,БІ,DJ09838,30.0,14.191007
2024-10,БІ,DJ09838,50.0,22.64495
2024-11,БІ,DJ09838,68.0,35.46512
2024-12,БІ,DJ09838,175.0,67.02218
2025-01,БІ,DJ09838,38.0,28.845512
2025-02,БІ,DJ09838,17.0,16.176512
2025-03,БІ,DJ09838,19.0,15.608951
2025-04,БІ,DJ09838,15.0,10.256531
2025-05,БІ,DJ09838,26.0,8.150103
2025-06,БІ,DJ09838,22.0,10.054035
2024-07,Епіцентр,DJ09838,0.0,0.0
2024-08,Епіцентр,DJ09838,0.0,0.0
2024-09,Епіцентр,DJ09838,0.0,0.0
2024-10,Епіцентр,DJ09838,0.0,0.0
2024-11,Епіцентр,DJ09838,0.0,0.0
2024-12,Епіцентр,DJ09838,0.0,0.0
2025-01,Епіцентр,DJ09838,0.0,0.0
2025-02,Епіцентр,DJ09838,0.0,0.0
2025-03,Епіцентр,DJ09838,0.0,0.0
2025-04,Епіцентр,DJ09838,0.0,0.0
2025-05,Епіцентр,DJ09838,0.0,0.0
2025-06,Епіцентр,DJ09838,0.0,0.02852665
2024-07,МайПлей,DJ09838,4.0,0.5376598
2024-08,МайПлей,DJ09838,1.0,0.47096032
2024-09,МайПлей,DJ09838,3.0,0.5045365
2024-10,МайПлей,DJ09838,2.0,0.9145414
2024-11,МайПлей,DJ09838,3.0,0.8821128
2024-12,МайПлей,DJ09838,6.0,2.8491185
2025-01,МайПлей,DJ09838,2.0,0.90022695
2025-02,МайПлей,DJ09838,0.0,0.0
2025-03,МайПлей,DJ09838,3.0,0.0
2025-04,МайПлей,DJ09838,0.0,0.32014298
2025-05,МайПлей,DJ09838,0.0,0.0694054
2025-06,МайПлей,DJ09838,0.0,0.05952593
2024-07,Мегамаркет,DJ09838,1.0,0.0
2024-08,Мегамаркет,DJ09838,0.0,0.0
2024-09,Мегамаркет,DJ09838,0.0,0.0
2024-10,Мегамаркет,DJ09838,0.0,0.0
2024-11,Мегамаркет,DJ09838,0.0,0.0
2024-12,Мегамаркет,DJ09838,1.0,0.14014733
2025-01,Мегамаркет,DJ09838,0.0,0.0
2025-02,Мегамаркет,DJ09838,0.0,0.0
2025-03,Мегамаркет,DJ09838,0.0,0.0
2025-04,Мегамаркет,DJ09838,0.0,0.0
2025-05,Мегамаркет,DJ09838,0.0,0.0
2025-06,Мегамаркет,DJ09838,1.0,0.0
2024-07,ІМ-Розетка,DJ09839,0.0,0.0
2024-08,ІМ-Розетка,DJ09839,0.0,0.0
2024-09,ІМ-Розетка,DJ09839,0.0,0.0
2024-10,ІМ-Розетка,DJ09839,0.0,0.0
2024-11,ІМ-Розетка,DJ09839,1.0,0.05058501
2024-12,ІМ-Розетка,DJ09839,1.0,1.1794908
2025-01,ІМ-Розетка,DJ09839,0.0,0.0
2025-02,ІМ-Розетка,DJ09839,1.0,0.0
2025-03,ІМ-Розетка,DJ09839,0.0,0.0
2025-04,ІМ-Розетка,DJ09839,0.0,0.0
2025-05,ІМ-Розетка,DJ09839,0.0,0.0
2025-06,ІМ-Розетка,DJ09839,0.0,0.0
2024-07,Акварель,DJ09839,5.0,2.1490324
2024-08,Акварель,DJ09839,5.0,2.5532868
2024-09,Акварель,DJ09839,5.0,2.3865385
2024-10,Акварель,DJ09839,9.0,4.1008987
2024-11,Акварель,DJ09839,20.0,6.191554
2024-12,Акварель,DJ09839,19.0,17.693153
2025-01,Акварель,DJ09839,8.0,8.036964
2025-02,Акварель,DJ09839,5.0,3.2399995
2025-03,Акварель,DJ09839,8.0,3.1670573
2025-04,Акварель,DJ09839,5.0,2.702534
2025-05,Акварель,DJ09839,2.0,2.3721206
2025-06,Акварель,DJ09839,1.0,2.8566508
2024-07,Антошка,DJ09839,1.0,0.07006463
2024-08,Антошка,DJ09839,0.0,0.08021052
2024-09,Антошка,DJ09839,2.0,0.057953775
2024-10,Антошка,DJ09839,2.0,0.3948295
2024-11,Антошка,DJ09839,3.0,0.4301072
2024-12,Антошка,DJ09839,2.0,2.0193915
2025-01,Антошка,DJ09839,1.0,0.07161147
2025-02,Антошка,DJ09839,0.0,0.0
2025-03,Антошка,DJ09839,1.0,0.0
2025-04,Антошка,DJ09839,0.0,0.0
2025-05,Антошка,DJ09839,0.0,0.0
2025-06,Антошка,DJ09839,0.0,0.0
2024-07,БІ,DJ09839,14.0,14.790537
2024-08,БІ,DJ09839,15.0,10.002411
2024-09,БІ,DJ09839,15.0,8.922222
2024-10,БІ,DJ09839,31.0,12.852099
2024-11,БІ,DJ09839,34.0,18.02064
2024-12,БІ,DJ09839,67.0,50.73859
2025-01,БІ,DJ09839,28.0,19.049974
2025-02,БІ,DJ09839,15.0,11.611419
2025-03,БІ,DJ09839,13.0,8.832408
2025-04,БІ,DJ09839,7.0,6.784535
2025-05,БІ,DJ09839,9.0,4.9995537
2025-06,БІ,DJ09839,15.0,4.2208047
2024-07,МайПлей,DJ09839,0.0,0.010140527
2024-08,МайПлей,DJ09839,2.0,0.07322362
2024-09,МайПлей,DJ09839,4.0,0.13893081
2024-10,МайПлей,DJ09839,3.0,0.8149139
2024-11,МайПлей,DJ09839,3.0,0.7491207
2024-12,МайПлей,DJ09839,9.0,2.6683037
2025-01,МайПлей,DJ09839,3.0,1.6553096
2025-02,МайПлей,DJ09839,1.0,0.28201842
2025-03,МайПлей,DJ09839,0.0,0.0812145
2025-04,МайПлей,DJ09839,1.0,0.14886741
2025-05,МайПлей,DJ09839,1.0,0.026556268
2025-06,МайПлей,DJ09839,0.0,0.051200807
2024-07,ІМ-Розетка,DJ09863,3.0,0.5746831
2024-08,ІМ-Розетка,DJ09863,7.0,1.2843907
2024-09,ІМ-Розетка,DJ09863,0.0,0.6236267
2024-10,ІМ-Розетка,DJ09863,1.0,0.3260124
2024-11,ІМ-Розетка,DJ09863,0.0,0.9183103
2024-12,ІМ-Розетка,DJ09863,5.0,3.4149103
2025-01,ІМ-Розетка,DJ09863,0.0,1.2064197
2025-02,ІМ-Розетка,DJ09863,2.0,0.33031392
2025-03,ІМ-Розетка,DJ09863,1.0,0.62958795
2025-04,ІМ-Розетка,DJ09863,1.0,0.25959283
2025-05,ІМ-Розетка,DJ09863,4.0,0.24614652
2025-06,ІМ-Розетка,DJ09863,1.0,0.6416193
2024-07,Акварель,DJ09863,3.0,0.7213679
2024-08,Акварель,DJ09863,3.0,0.9900056
2024-09,Акварель,DJ09863,1.0,0.8073267
2024-10,Акварель,DJ09863,4.0,1.1728204
2024-11,Акварель,DJ09863,2.0,1.0056077
2024-12,Акварель,DJ09863,6.0,3.3104413
2025-01,Акварель,DJ09863,5.0,1.53804
2025-02,Акварель,DJ09863,9.0,1.7257035
2025-03,Акварель,DJ09863,4.0,2.057876
2025-04,Акварель,DJ09863,3.0,0.8896051
2025-05,Акварель,DJ09863,4.0,1.2368869
2025-06,Акварель,DJ09863,0.0,1.4830515
2024-07,Антошка,DJ09863,3.0,1.3635654
2024-08,Антошка,DJ09863,4.0,1.4369967
2024-09,Антошка,DJ09863,4.0,1.584001
2024-10,Антошка,DJ09863,8.0,1.7520249
2024-11,Антошка,DJ09863,6.0,2.1979094
2024-12,Антошка,DJ09863,17.0,6.14331
2025-01,Антошка,DJ09863,6.0,3.0423608
2025-02,Антошка,DJ09863,17.0,3.2584977
2025-03,Антошка,DJ09863,16.0,5.776807
2025-04,Антошка,DJ09863,8.0,2.6477768
2025-05,Антошка,DJ09863,10.0,2.6384692
2025-06,Антошка,DJ09863,3.0,2.7538807
2024-07,БІ,DJ09863,15.0,8.747712
2024-08,БІ,DJ09863,16.0,6.2819977
2024-09,БІ,DJ09863,13.0,7.055088
2024-10,БІ,DJ09863,11.0,6.995071
2024-11,БІ,DJ09863,10.0,7.1398826
2024-12,БІ,DJ09863,38.0,18.202349
2025-01,БІ,DJ09863,25.0,10.271153
2025-02,БІ,DJ09863,36.0,13.018959
2025-03,БІ,DJ09863,25.0,14.941323
2025-04,БІ,DJ09863,24.0,7.279402
2025-05,БІ,DJ09863,19.0,8.079548
2025-06,БІ,DJ09863,12.0,7.471621
2024-07,МайПлей,DJ09863,2.0,0.4613468
2024-08,МайПлей,DJ09863,3.0,0.38742334
2024-09,МайПлей,DJ09863,2.0,0.36675835
2024-10,МайПлей,DJ09863,2.0,0.35551557
2024-11,МайПлей,DJ09863,1.0,0.22355796
2024-12,МайПлей,DJ09863,1.0,1.0234354
2025-01,МайПлей,DJ09863,3.0,0.5001389
2025-02,МайПлей,DJ09863,1.0,0.5279967
2025-03,МайПлей,DJ09863,2.0,0.3589085
2025-04,МайПлей,DJ09863,0.0,0.07433995
2025-05,МайПлей,DJ09863,1.0,0.04830887
2025-06,МайПлей,DJ09863,2.0,0.0011893426
2024-07,ІМ-Розетка,DJ09864,3.0,0.54858524
2024-08,ІМ-Розетка,DJ09864,3.0,0.730443
2024-09,ІМ-Розетка,DJ09864,1.0,0.70574266
2024-10,ІМ-Розетка,DJ09864,2.0,0.8765046
2024-11,ІМ-Розетка,DJ09864,5.0,1.2370352
2024-12,ІМ-Розетка,DJ09864,6.0,4.6746163
2025-01,ІМ-Розетка,DJ09864,1.0,0.8008874
2025-02,ІМ-Розетка,DJ09864,1.0,0.30499315
2025-03,ІМ-Розетка,DJ09864,0.0,0.26548162
2025-04,ІМ-Розетка,DJ09864,1.0,0.187997
2025-05,ІМ-Розетка,DJ09864,1.0,0.28976294
2025-06,ІМ-Розетка,DJ09864,2.0,0.18886147
2024-07,Акварель,DJ09864,0.0,1.183231
2024-08,Акварель,DJ09864,3.0,0.8947934
2024-09,Акварель,DJ09864,2.0,0.88520414
2024-10,Акварель,DJ09864,9.0,1.7366397
2024-11,Акварель,DJ09864,4.0,2.1705859
2024-12,Акварель,DJ09864,5.0,3.9987903
2025-01,Акварель,DJ09864,2.0,1.1309929
2025-02,Акварель,DJ09864,7.0,0.94368845
2025-03,Акварель,DJ09864,1.0,0.89405334
2025-04,Акварель,DJ09864,2.0,0.9360069
2025-05,Акварель,DJ09864,1.0,0.97488815
2025-06,Акварель,DJ09864,2.0,0.7057544
2024-07,БІ,DJ09864,10.0,4.628448
2024-08,БІ,DJ09864,15.0,4.8249645
2024-09,БІ,DJ09864,8.0,5.4451613
2024-10,БІ,DJ09864,25.0,7.015191
2024-11,БІ,DJ09864,17.0,10.523082
2024-12,БІ,DJ09864,36.0,16.422888
2025-01,БІ,DJ09864,8.0,7.647388
2025-02,БІ,DJ09864,6.0,4.1168137
2025-03,БІ,DJ09864,11.0,3.279748
2025-04,БІ,DJ09864,9.0,3.5778153
2025-05,БІ,DJ09864,10.0,3.2555127
2025-06,БІ,DJ09864,14.0,3.376177
2024-07,МайПлей,DJ09864,1.0,0.22167206
2024-08,МайПлей,DJ09864,3.0,0.2555103
2024-09,МайПлей,DJ09864,1.0,0.15307519
2024-10,МайПлей,DJ09864,4.0,0.6206787
2024-11,МайПлей,DJ09864,2.0,0.51171523
2024-12,МайПлей,DJ09864,0.0,1.1398907
2025-01,МайПлей,DJ09864,2.0,0.41080168
2025-02,МайПлей,DJ09864,1.0,0.16998139
2025-03,МайПлей,DJ09864,1.0,0.11507438
2025-04,МайПлей,DJ09864,2.0,0.26232925
2025-05,МайПлей,DJ09864,0.0,0.049287517
2025-06,МайПлей,DJ09864,1.0,0.02869504
2024-07,Супрун ФОП,DJ09864,6.0,0.34734935
2024-08,Супрун ФОП,DJ09864,0.0,0.26811612
2024-09,Супрун ФОП,DJ09864,1.0,0.40677968
2024-10,Супрун ФОП,DJ09864,0.0,0.26724622
2024-11,Супрун ФОП,DJ09864,6.0,0.59104294
2024-12,Супрун ФОП,DJ09864,6.0,1.2189918
2025-01,Супрун ФОП,DJ09864,1.0,0.27722576
2025-02,Супрун ФОП,DJ09864,0.0,0.0
2025-03,Супрун ФОП,DJ09864,0.0,0.0
2025-04,Супрун ФОП,DJ09864,0.0,0.0
2025-05,Супрун ФОП,DJ09864,0.0,0.0
2025-06,Супрун ФОП,DJ09864,1.0,0.041678064
2024-07,ІМ-Розетка,DJ09867,2.0,0.08637895
2024-08,ІМ-Розетка,DJ09867,0.0,0.0
2024-09,ІМ-Розетка,DJ09867,0.0,0.0
2024-10,ІМ-Розетка,DJ09867,5.0,0.49565586
2024-11,ІМ-Розетка,DJ09867,20.0,1.9788697
2024-12,ІМ-Розетка,DJ09867,10.0,8.920995
2025-01,ІМ-Розетка,DJ09867,0.0,0.0
2025-02,ІМ-Розетка,DJ09867,0.0,0.0
2025-03,ІМ-Розетка,DJ09867,1.0,0.26521018
2025-04,ІМ-Розетка,DJ09867,0.0,0.098630644
2025-05,ІМ-Розетка,DJ09867,0.0,0.0
2025-06,ІМ-Розетка,DJ09867,0.0,0.0
2024-07,Акварель,DJ09867,4.0,1.6253358
2024-08,Акварель,DJ09867,4.0,2.4227266
2024-09,Акварель,DJ09867,5.0,1.6308331
2024-10,Акварель,DJ09867,7.0,3.642953
2024-11,Акварель,DJ09867,13.0,4.7061157
2024-12,Акварель,DJ09867,15.0,11.56385
2025-01,Акварель,DJ09867,7.0,4.482295
2025-02,Акварель,DJ09867,3.0,2.0198839
2025-03,Акварель,DJ09867,7.0,1.8465867
2025-04,Акварель,DJ09867,3.0,2.8126984
2025-05,Акварель,DJ09867,1.0,2.0100648
2025-06,Акварель,DJ09867,4.0,1.901342
2024-07,Антошка,DJ09867,16.0,4.6467843
2024-08,Антошка,DJ09867,9.0,6.998095
2024-09,Антошка,DJ09867,11.0,4.748191
2024-10,Антошка,DJ09867,22.0,9.081685
2024-11,Антошка,DJ09867,13.0,10.378486
2024-12,Антошка,DJ09867,44.0,20.226236
2025-01,Антошка,DJ09867,9.0,9.001411
2025-02,Антошка,DJ09867,5.0,1.8288412
2025-03,Антошка,DJ09867,7.0,1.8234023
2025-04,Антошка,DJ09867,1.0,1.907252
2025-05,Антошка,DJ09867,1.0,1.1732657
2025-06,Антошка,DJ09867,0.0,1.4532795
2024-07,БІ,DJ09867,32.0,18.545982
2024-08,БІ,DJ09867,27.0,18.81956
2024-09,БІ,DJ09867,27.0,18.466623
2024-10,БІ,DJ09867,89.0,24.7954
2024-11,БІ,DJ09867,91.0,34.419937
2024-12,БІ,DJ09867,187.0,63.03138
2025-01,БІ,DJ09867,41.0,20.087507
2025-02,БІ,DJ09867,15.0,13.141526
2025-03,БІ,DJ09867,46.0,19.849226
2025-04,БІ,DJ09867,33.0,17.762478
2025-05,БІ,DJ09867,34.0,14.897315
2025-06,БІ,DJ09867,30.0,13.8558655
2024-07,МайПлей,DJ09867,3.0,0.7102116
2024-08,МайПлей,DJ09867,1.0,0.6293869
2024-09,МайПлей,DJ09867,1.0,0.06584678
2024-10,МайПлей,DJ09867,2.0,0.5700814
2024-11,МайПлей,DJ09867,1.0,0.4758321
2024-12,МайПлей,DJ09867,8.0,1.8055632
2025-01,МайПлей,DJ09867,4.0,0.986211
2025-02,МайПлей,DJ09867,0.0,0.0
2025-03,МайПлей,DJ09867,2.0,0.23488022
2025-04,МайПлей,DJ09867,2.0,0.47985113
2025-05,МайПлей,DJ09867,1.0,0.20157366
2025-06,МайПлей,DJ09867,0.0,0.20005879
2024-07,Мегамаркет,DJ09867,1.0,0.07939451
2024-08,Мегамаркет,DJ09867,1.0,0.22068736
2024-09,Мегамаркет,DJ09867,1.0,0.0
2024-10,Мегамаркет,DJ09867,0.0,0.0
2024-11,Мегамаркет,DJ09867,0.0,0.032752756
2024-12,Мегамаркет,DJ09867,1.0,0.5778551
2025-01,Мегамаркет,DJ09867,0.0,0.0
2025-02,Мегамаркет,DJ09867,1.0,0.0
2025-03,Мегамаркет,DJ09867,0.0,0.0
2025-04,Мегамаркет,DJ09867,1.0,0.0
2025-05,Мегамаркет,DJ09867,0.0,0.0
2025-06,Мегамаркет,DJ09867,1.0,0.0
2024-07,ІМ-Розетка,DJ09868,3.0,1.3651072
2024-08,ІМ-Розетка,DJ09868,3.0,1.4536767
2024-09,ІМ-Розетка,DJ09868,1.0,0.6472177
2024-10,ІМ-Розетка,DJ09868,3.0,0.8326094
2024-11,ІМ-Розетка,DJ09868,0.0,1.5542935
2024-12,ІМ-Розетка,DJ09868,2.0,5.3121066
2025-01,ІМ-Розетка,DJ09868,0.0,1.1971045
2025-02,ІМ-Розетка,DJ09868,0.0,0.52474874
2025-03,ІМ-Розетка,DJ09868,1.0,0.43720934
2025-04,ІМ-Розетка,DJ09868,3.0,0.23529616
2025-05,ІМ-Розетка,DJ09868,3.0,0.44890478
2025-06,ІМ-Розетка,DJ09868,0.0,0.5891478
2024-07,Акварель,DJ09868,5.0,1.293955
2024-08,Акварель,DJ09868,3.0,1.2219505
2024-09,Акварель,DJ09868,2.0,0.88773274
2024-10,Акварель,DJ09868,4.0,1.4634173
2024-11,Акварель,DJ09868,4.0,1.5926107
2024-12,Акварель,DJ09868,10.0,4.3118896
2025-01,Акварель,DJ09868,2.0,2.0081916
2025-02,Акварель,DJ09868,8.0,1.5669388
2025-03,Акварель,DJ09868,7.0,2.0309627
2025-04,Акварель,DJ09868,4.0,1.4202652
2025-05,Акварель,DJ09868,2.0,1.7469387
2025-06,Акварель,DJ09868,3.0,1.2099855
2024-07,Антошка,DJ09868,2.0,0.7025517
2024-08,Антошка,DJ09868,1.0,0.4560525
2024-09,Антошка,DJ09868,0.0,0.38312712
2024-10,Антошка,DJ09868,0.0,0.4512739
2024-11,Антошка,DJ09868,4.0,0.34696755
2024-12,Антошка,DJ09868,3.0,1.7512639
2025-01,Антошка,DJ09868,1.0,0.1410893
2025-02,Антошка,DJ09868,2.0,0.32795173
2025-03,Антошка,DJ09868,1.0,0.027127858
2025-04,Антошка,DJ09868,1.0,0.0
2025-05,Антошка,DJ09868,0.0,0.0
2025-06,Антошка,DJ09868,0.0,0.10361683
2024-07,БІ,DJ09868,10.0,5.177844
2024-08,БІ,DJ09868,15.0,5.160137
2024-09,БІ,DJ09868,15.0,5.1157303
2024-10,БІ,DJ09868,13.0,6.249602
2024-11,БІ,DJ09868,8.0,7.518868
2024-12,БІ,DJ09868,27.0,12.509638
2025-01,БІ,DJ09868,21.0,6.9801235
2025-02,БІ,DJ09868,29.0,8.051739
2025-03,БІ,DJ09868,32.0,10.458657
2025-04,БІ,DJ09868,23.0,7.942483
2025-05,БІ,DJ09868,13.0,7.996583
2025-06,БІ,DJ09868,16.0,5.0116386
2024-07,Епіцентр,DJ09868,0.0,0.0
2024-08,Епіцентр,DJ09868,0.0,0.0
2024-09,Епіцентр,DJ09868,1.0,0.0
2024-10,Епіцентр,DJ09868,0.0,0.0
2024-11,Епіцентр,DJ09868,0.0,0.0
2024-12,Епіцентр,DJ09868,1.0,0.67189205
2025-01,Епіцентр,DJ09868,0.0,0.0
2025-02,Епіцентр,DJ09868,0.0,0.0107713835
2025-03,Епіцентр,DJ09868,0.0,0.0
2025-04,Епіцентр,DJ09868,0.0,0.0
2025-05,Епіцентр,DJ09868,1.0,0.0
2025-06,Епіцентр,DJ09868,0.0,0.0
2024-07,МайПлей,DJ09868,2.0,0.4412048
2024-08,МайПлей,DJ09868,3.0,0.41498616
2024-09,МайПлей,DJ09868,2.0,0.38312152
2024-10,МайПлей,DJ09868,0.0,0.43530712
2024-11,МайПлей,DJ09868,1.0,0.31702504
2024-12,МайПлей,DJ09868,5.0,1.5011693
2025-01,МайПлей,DJ09868,1.0,0.47484896
2025-02,МайПлей,DJ09868,10.0,0.33807027
2025-03,МайПлей,DJ09868,1.0,1.2583902
2025-04,МайПлей,DJ09868,2.0,0.26958585
2025-05,МайПлей,DJ09868,4.0,0.37170488
2025-06,МайПлей,DJ09868,0.0,0.10298828
2024-07,Мегамаркет,DJ09868,3.0,0.20049323
2024-08,Мегамаркет,DJ09868,1.0,0.18639186
2024-09,Мегамаркет,DJ09868,1.0,0.33053803
2024-10,Мегамаркет,DJ09868,1.0,0.41864434
2024-11,Мегамаркет,DJ09868,1.0,0.19916125
2024-12,Мегамаркет,DJ09868,0.0,0.7283428
2025-01,Мегамаркет,DJ09868,1.0,0.0
2025-02,Мегамаркет,DJ09868,1.0,0.022323895
2025-03,Мегамаркет,DJ09868,0.0,0.0009219125
2025-04,Мегамаркет,DJ09868,0.0,0.0
2025-05,Мегамаркет,DJ09868,0.0,0.0
2025-06,Мегамаркет,DJ09868,1.0,0.0
2024-07,ІМ-Розетка,DJ09869,0.0,0.0
2024-08,ІМ-Розетка,DJ09869,0.0,0.0
2024-09,ІМ-Розетка,DJ09869,0.0,0.0
2024-10,ІМ-Розетка,DJ09869,0.0,0.0
2024-11,ІМ-Розетка,DJ09869,1.0,0.16048281
2024-12,ІМ-Розетка,DJ09869,1.0,1.712126
2025-01,ІМ-Розетка,DJ09869,1.0,0.31007937
2025-02,ІМ-Розетка,DJ09869,2.0,0.0
2025-03,ІМ-Розетка,DJ09869,1.0,0.0
2025-04,ІМ-Розетка,DJ09869,2.0,0.0
2025-05,ІМ-Розетка,DJ09869,2.0,0.0
2025-06,ІМ-Розетка,DJ09869,0.0,0.0
2024-07,Акварель,DJ09869,3.0,0.7651993
2024-08,Акварель,DJ09869,4.0,0.85022855
2024-09,Акварель,DJ09869,1.0,0.57028395
2024-10,Акварель,DJ09869,10.0,1.2462078
2024-11,Акварель,DJ09869,3.0,2.0818727
2024-12,Акварель,DJ09869,6.0,3.5783207
2025-01,Акварель,DJ09869,2.0,1.554022
2025-02,Акварель,DJ09869,3.0,0.5915468
2025-03,Акварель,DJ09869,2.0,0.5363767
2025-04,Акварель,DJ09869,3.0,0.47945073
2025-05,Акварель,DJ09869,1.0,0.63641363
2025-06,Акварель,DJ09869,0.0,0.7398325
2024-07,Антошка,DJ09869,2.0,0.29747602
2024-08,Антошка,DJ09869,0.0,0.15108784
2024-09,Антошка,DJ09869,3.0,0.194779
2024-10,Антошка,DJ09869,3.0,0.5125778
2024-11,Антошка,DJ09869,2.0,0.52822804
2024-12,Антошка,DJ09869,3.0,1.4103621
2025-01,Антошка,DJ09869,0.0,0.2896551
2025-02,Антошка,DJ09869,1.0,0.12115103
2025-03,Антошка,DJ09869,1.0,0.051557694
2025-04,Антошка,DJ09869,2.0,0.1308554
2025-05,Антошка,DJ09869,2.0,0.07423026
2025-06,Антошка,DJ09869,0.0,0.23691824
2024-07,БІ,DJ09869,5.0,2.4073594
2024-08,БІ,DJ09869,4.0,2.6243896
2024-09,БІ,DJ09869,2.0,2.1803074
2024-10,БІ,DJ09869,14.0,3.5236042
2024-11,БІ,DJ09869,19.0,4.7729
2024-12,БІ,DJ09869,15.0,12.887343
2025-01,БІ,DJ09869,5.0,3.2307558
2025-02,БІ,DJ09869,3.0,2.1053421
2025-03,БІ,DJ09869,3.0,1.2743416
2025-04,БІ,DJ09869,4.0,1.154671
2025-05,БІ,DJ09869,2.0,1.0926018
2025-06,БІ,DJ09869,3.0,1.128901
2024-07,МайПлей,DJ09869,3.0,0.38929635
2024-08,МайПлей,DJ09869,2.0,0.37255478
2024-09,МайПлей,DJ09869,2.0,0.2863905
2024-10,МайПлей,DJ09869,4.0,0.4569752
2024-11,МайПлей,DJ09869,1.0,0.6143722
2024-12,МайПлей,DJ09869,1.0,1.9855716
2025-01,МайПлей,DJ09869,2.0,0.24328883
2025-02,МайПлей,DJ09869,0.0,0.0
2025-03,МайПлей,DJ09869,0.0,0.0
2025-04,МайПлей,DJ09869,0.0,0.06526373
2025-05,МайПлей,DJ09869,1.0,0.0
2025-06,МайПлей,DJ09869,0.0,0.0
2024-07,Смік,DJ09869,5.0,0.65954083
2024-08,Смік,DJ09869,4.0,0.36778358
2024-09,Смік,DJ09869,2.0,0.44550112
2024-10,Смік,DJ09869,0.0,0.6648953
2024-11,Смік,DJ09869,1.0,0.6271481
2024-12,Смік,DJ09869,10.0,1.0596831
2025-01,Смік,DJ09869,2.0,0.7516516
2025-02,Смік,DJ09869,2.0,0.20293017
2025-03,Смік,DJ09869,0.0,0.272451
2025-04,Смік,DJ09869,0.0,0.18665335
2025-05,Смік,DJ09869,0.0,0.14420705
2025-06,Смік,DJ09869,0.0,0.074432805
2024-07,ІМ-МауДау,DJ09871,1.0,0.08454539
2024-08,ІМ-МауДау,DJ09871,0.0,0.0
2024-09,ІМ-МауДау,DJ09871,0.0,0.0
2024-10,ІМ-МауДау,DJ09871,0.0,0.0
2024-11,ІМ-МауДау,DJ09871,0.0,0.0
2024-12,ІМ-МауДау,DJ09871,0.0,0.0
2025-01,ІМ-МауДау,DJ09871,1.0,0.0
2025-02,ІМ-МауДау,DJ09871,1.0,0.0
2025-03,ІМ-МауДау,DJ09871,0.0,0.0
2025-04,ІМ-МауДау,DJ09871,0.0,0.0
2025-05,ІМ-МауДау,DJ09871,0.0,0.0
2025-06,ІМ-МауДау,DJ09871,0.0,0.0
2024-07,ІМ-Розетка,DJ09871,0.0,0.026178015
2024-08,ІМ-Розетка,DJ09871,3.0,0.28761005
2024-09,ІМ-Розетка,DJ09871,1.0,0.21113443
2024-10,ІМ-Розетка,DJ09871,1.0,0.13548744
2024-11,ІМ-Розетка,DJ09871,4.0,0.6139696
2024-12,ІМ-Розетка,DJ09871,1.0,4.814357
2025-01,ІМ-Розетка,DJ09871,0.0,0.33608758
2025-02,ІМ-Розетка,DJ09871,5.0,0.0
2025-03,ІМ-Розетка,DJ09871,1.0,0.41852492
2025-04,ІМ-Розетка,DJ09871,0.0,0.0
2025-05,ІМ-Розетка,DJ09871,2.0,0.0
2025-06,ІМ-Розетка,DJ09871,1.0,0.17843096
2024-07,Акварель,DJ09871,1.0,0.6886124
2024-08,Акварель,DJ09871,0.0,0.70215076
2024-09,Акварель,DJ09871,0.0,0.35820612
2024-10,Акварель,DJ09871,3.0,0.71242446
2024-11,Акварель,DJ09871,1.0,1.0399737
2024-12,Акварель,DJ09871,13.0,2.9858184
2025-01,Акварель,DJ09871,2.0,1.8304482
2025-02,Акварель,DJ09871,7.0,0.80509883
2025-03,Акварель,DJ09871,5.0,1.0592287
2025-04,Акварель,DJ09871,4.0,0.6249089
2025-05,Акварель,DJ09871,2.0,0.8707131
2025-06,Акварель,DJ09871,2.0,0.9607785
2024-07,Антошка,DJ09871,0.0,0.0
2024-08,Антошка,DJ09871,0.0,0.0
2024-09,Антошка,DJ09871,1.0,0.0
2024-10,Антошка,DJ09871,0.0,0.0
2024-11,Антошка,DJ09871,2.0,0.0
2024-12,Антошка,DJ09871,4.0,0.81937325
2025-01,Антошка,DJ09871,0.0,0.0
2025-02,Антошка,DJ09871,0.0,0.0
2025-03,Антошка,DJ09871,0.0,0.0
2025-04,Антошка,DJ09871,0.0,0.0
2025-05,Антошка,DJ09871,0.0,0.0
2025-06,Антошка,DJ09871,1.0,0.0
2024-07,БІ,DJ09871,12.0,5.8962994
2024-08,БІ,DJ09871,3.0,5.945685
2024-09,БІ,DJ09871,9.0,3.581425
2024-10,БІ,DJ09871,10.0,3.9828005
2024-11,БІ,DJ09871,11.0,5.9573164
2024-12,БІ,DJ09871,35.0,21.72769
2025-01,БІ,DJ09871,20.0,10.034774
2025-02,БІ,DJ09871,13.0,6.9488072
2025-03,БІ,DJ09871,12.0,7.4516625
2025-04,БІ,DJ09871,18.0,4.8906646
2025-05,БІ,DJ09871,17.0,5.6758
2025-06,БІ,DJ09871,18.0,5.684486
2024-07,МайПлей,DJ09871,1.0,0.09357253
2024-08,МайПлей,DJ09871,1.0,0.015381064
2024-09,МайПлей,DJ09871,1.0,0.0
2024-10,МайПлей,DJ09871,0.0,0.0
2024-11,МайПлей,DJ09871,1.0,0.0
2024-12,МайПлей,DJ09871,3.0,0.8476625
2025-01,МайПлей,DJ09871,1.0,0.2852504
2025-02,МайПлей,DJ09871,1.0,0.004449043
2025-03,МайПлей,DJ09871,1.0,0.0
2025-04,МайПлей,DJ09871,1.0,0.0
2025-05,МайПлей,DJ09871,1.0,0.0
2025-06,МайПлей,DJ09871,0.0,0.0
2024-07,Мегамаркет,DJ09871,1.0,0.0
2024-08,Мегамаркет,DJ09871,0.0,0.0
2024-09,Мегамаркет,DJ09871,1.0,0.0
2024-10,Мегамаркет,DJ09871,0.0,0.0
2024-11,Мегамаркет,DJ09871,0.0,0.0
2024-12,Мегамаркет,DJ09871,0.0,0.07996128
2025-01,Мегамаркет,DJ09871,2.0,0.0
2025-02,Мегамаркет,DJ09871,0.0,0.03017284
2025-03,Мегамаркет,DJ09871,0.0,0.0
2025-04,Мегамаркет,DJ09871,0.0,0.0
2025-05,Мегамаркет,DJ09871,1.0,0.0
2025-06,Мегамаркет,DJ09871,0.0,0.0
2024-07,Антошка,DJ09888,7.0,1.1958832
2024-08,Антошка,DJ09888,8.0,1.3385699
2024-09,Антошка,DJ09888,7.0,2.4431648
2024-10,Антошка,DJ09888,6.0,2.3650362
2024-11,Антошка,DJ09888,5.0,1.8521146
2024-12,Антошка,DJ09888,5.0,3.5567565
2025-01,Антошка,DJ09888,0.0,0.96772987
2025-02,Антошка,DJ09888,5.0,0.8070223
2025-03,Антошка,DJ09888,5.0,1.0048339
2025-04,Антошка,DJ09888,3.0,1.0130417
2025-05,Антошка,DJ09888,2.0,0.99192953
2025-06,Антошка,DJ09888,4.0,0.98930734
2024-07,БІ,DJ09888,6.0,1.9695265
2024-08,БІ,DJ09888,2.0,1.6859844
2024-09,БІ,DJ09888,4.0,1.9351621
2024-10,БІ,DJ09888,9.0,2.1836183
2024-11,БІ,DJ09888,7.0,2.9349225
2024-12,БІ,DJ09888,11.0,5.6533427
2025-01,БІ,DJ09888,2.0,1.9296829
2025-02,БІ,DJ09888,2.0,1.1971736
2025-03,БІ,DJ09888,2.0,0.8761022
2025-04,БІ,DJ09888,0.0,0.7492781
2025-05,БІ,DJ09888,5.0,0.6194039
2025-06,БІ,DJ09888,0.0,1.0947949
2024-07,Антошка,DJ09897,0.0,0.0
2024-08,Антошка,DJ09897,1.0,0.0
2024-09,Антошка,DJ09897,1.0,0.0
2024-10,Антошка,DJ09897,1.0,0.0
2024-11,Антошка,DJ09897,0.0,0.0
2024-12,Антошка,DJ09897,2.0,0.36456138
2025-01,Антошка,DJ09897,0.0,0.0
2025-02,Антошка,DJ09897,1.0,0.0
2025-03,Антошка,DJ09897,2.0,0.0
2025-04,Антошка,DJ09897,1.0,0.0
2025-05,Антошка,DJ09897,0.0,0.0
2025-06,Антошка,DJ09897,1.0,0.0
2024-07,БІ,DJ09897,3.0,0.70360726
2024-08,БІ,DJ09897,4.0,1.1947801
2024-09,БІ,DJ09897,1.0,0.81249624
2024-10,БІ,DJ09897,1.0,0.5380802
2024-11,БІ,DJ09897,3.0,0.7912658
2024-12,БІ,DJ09897,10.0,3.713724
2025-01,БІ,DJ09897,3.0,1.3376263
2025-02,БІ,DJ09897,3.0,1.0167501
2025-03,БІ,DJ09897,3.0,0.57676667
2025-04,БІ,DJ09897,3.0,0.694181
2025-05,БІ,DJ09897,1.0,0.4700237
2025-06,БІ,DJ09897,0.0,0.5251863
2024-07,МайПлей,DJ09897,0.0,0.0
2024-08,МайПлей,DJ09897,2.0,0.0
2024-09,МайПлей,DJ09897,1.0,0.0
2024-10,МайПлей,DJ09897,1.0,0.0
2024-11,МайПлей,DJ09897,1.0,0.0
2024-12,МайПлей,DJ09897,4.0,0.4793442
2025-01,МайПлей,DJ09897,0.0,0.0
2025-02,МайПлей,DJ09897,0.0,0.0
2025-03,МайПлей,DJ09897,2.0,0.0
2025-04,МайПлей,DJ09897,0.0,0.0
2025-05,МайПлей,DJ09897,0.0,0.0
2025-06,МайПлей,DJ09897,1.0,0.0
2024-07,ІМ-Розетка,DS0976h,1.0,0.5622657
2024-08,ІМ-Розетка,DS0976h,2.0,0.44132632
2024-09,ІМ-Розетка,DS0976h,0.0,0.5236135
2024-10,ІМ-Розетка,DS0976h,8.0,0.85870725
2024-11,ІМ-Розетка,DS0976h,6.0,2.5265236
2024-12,ІМ-Розетка,DS0976h,6.0,7.729108
2025-01,ІМ-Розетка,DS0976h,2.0,0.96130633
2025-02,ІМ-Розетка,DS0976h,1.0,0.7161734
2025-03,ІМ-Розетка,DS0976h,0.0,0.0
2025-04,ІМ-Розетка,DS0976h,0.0,0.0
2025-05,ІМ-Розетка,DS0976h,0.0,0.0
2025-06,ІМ-Розетка,DS0976h,0.0,0.0
2024-07,Акварель,DS0976h,5.0,5.5546618
2024-08,Акварель,DS0976h,8.0,3.3034298
2024-09,Акварель,DS0976h,2.0,3.6165628
2024-10,Акварель,DS0976h,25.0,4.111612
2024-11,Акварель,DS0976h,14.0,8.305786
2024-12,Акварель,DS0976h,35.0,15.2987995
2025-01,Акварель,DS0976h,9.0,7.9727902
2025-02,Акварель,DS0976h,23.0,4.9048343
2025-03,Акварель,DS0976h,10.0,7.1173086
2025-04,Акварель,DS0976h,5.0,2.8215926
2025-05,Акварель,DS0976h,7.0,2.2781765
2025-06,Акварель,DS0976h,4.0,1.9994501
2024-07,Антошка,DS0976h,2.0,0.2997609
2024-08,Антошка,DS0976h,1.0,0.4601571
2024-09,Антошка,DS0976h,0.0,0.4918845
2024-10,Антошка,DS0976h,1.0,0.34707287
2024-11,Антошка,DS0976h,1.0,1.0286684
2024-12,Антошка,DS0976h,12.0,3.4345996
2025-01,Антошка,DS0976h,5.0,1.5238725
2025-02,Антошка,DS0976h,6.0,2.0973408
2025-03,Антошка,DS0976h,6.0,1.9018435
2025-04,Антошка,DS0976h,4.0,0.8124496
2025-05,Антошка,DS0976h,3.0,0.44723895
2025-06,Антошка,DS0976h,3.0,0.5140511
2024-07,БІ,DS0976h,25.0,11.724166
2024-08,БІ,DS0976h,13.0,8.999478
2024-09,БІ,DS0976h,13.0,8.417231
2024-10,БІ,DS0976h,28.0,12.150928
2024-11,БІ,DS0976h,28.0,14.239678
2024-12,БІ,DS0976h,55.0,31.509283
2025-01,БІ,DS0976h,18.0,13.205356
2025-02,БІ,DS0976h,39.0,13.843824
2025-03,БІ,DS0976h,27.0,12.454315
2025-04,БІ,DS0976h,17.0,6.7346306
2025-05,БІ,DS0976h,17.0,5.89567
2025-06,БІ,DS0976h,10.0,6.3039985
2024-07,Віват Канцелярія,DS0976h,2.0,1.0436068
2024-08,Віват Канцелярія,DS0976h,3.0,0.949246
2024-09,Віват Канцелярія,DS0976h,1.0,0.79510564
2024-10,Віват Канцелярія,DS0976h,4.0,1.3255055
2024-11,Віват Канцелярія,DS0976h,6.0,1.6209774
2024-12,Віват Канцелярія,DS0976h,30.0,7.53882
2025-01,Віват Канцелярія,DS0976h,10.0,3.8085713
2025-02,Віват Канцелярія,DS0976h,4.0,3.4899573
2025-03,Віват Канцелярія,DS0976h,6.0,2.1276157
2025-04,Віват Канцелярія,DS0976h,5.0,1.012048
2025-05,Віват Канцелярія,DS0976h,1.0,1.0018282
2025-06,Віват Канцелярія,DS0976h,1.0,1.1644926
2024-07,Епіцентр,DS0976h,5.0,0.2615685
2024-08,Епіцентр,DS0976h,4.0,0.32101324
2024-09,Епіцентр,DS0976h,2.0,0.31422946
2024-10,Епіцентр,DS0976h,8.0,0.8190397
2024-11,Епіцентр,DS0976h,7.0,1.640009
2024-12,Епіцентр,DS0976h,13.0,5.613233
2025-01,Епіцентр,DS0976h,1.0,1.525482
2025-02,Епіцентр,DS0976h,6.0,0.9845966
2025-03,Епіцентр,DS0976h,3.0,0.5128679
2025-04,Епіцентр,DS0976h,0.0,0.0
2025-05,Епіцентр,DS0976h,4.0,0.5513734
2025-06,Епіцентр,DS0976h,4.0,0.13967101
2024-07,МайПлей,DS0976h,3.0,0.3364256
2024-08,МайПлей,DS0976h,2.0,0.18207487
2024-09,МайПлей,DS0976h,0.0,0.28642055
2024-10,МайПлей,DS0976h,4.0,0.392067
2024-11,МайПлей,DS0976h,1.0,1.0237283
2024-12,МайПлей,DS0976h,9.0,2.9374413
2025-01,МайПлей,DS0976h,2.0,0.85941195
2025-02,МайПлей,DS0976h,4.0,0.8023738
2025-03,МайПлей,DS0976h,0.0,0.0
2025-04,МайПлей,DS0976h,1.0,0.13104576
2025-05,МайПлей,DS0976h,0.0,0.0
2025-06,МайПлей,DS0976h,0.0,0.0
2024-07,Мегамаркет,DS0976h,0.0,0.0
2024-08,Мегамаркет,DS0976h,1.0,0.0
2024-09,Мегамаркет,DS0976h,0.0,0.0
2024-10,Мегамаркет,DS0976h,0.0,0.0
2024-11,Мегамаркет,DS0976h,0.0,0.0
2024-12,Мегамаркет,DS0976h,1.0,0.33503535
2025-01,Мегамаркет,DS0976h,0.0,0.0
2025-02,Мегамаркет,DS0976h,0.0,0.0
2025-03,Мегамаркет,DS0976h,1.0,0.0
2025-04,Мегамаркет,DS0976h,1.0,0.0
2025-05,Мегамаркет,DS0976h,1.0,0.0
2025-06,Мегамаркет,DS0976h,1.0,0.0
2024-07,Монако,DS0976h,1.0,0.0
2024-08,Монако,DS0976h,2.0,0.18476276
2024-09,Монако,DS0976h,2.0,0.3148416
2024-10,Монако,DS0976h,2.0,0.50300825
2024-11,Монако,DS0976h,8.0,0.8440611
2024-12,Монако,DS0976h,0.0,1.2586077
2025-01,Монако,DS0976h,0.0,0.0
2025-02,Монако,DS0976h,3.0,0.32998496
2025-03,Монако,DS0976h,0.0,0.0
2025-04,Монако,DS0976h,0.0,0.0
2025-05,Монако,DS0976h,0.0,0.0
2025-06,Монако,DS0976h,0.0,0.0
2024-07,РОСТ,DS0976h,0.0,0.0
2024-08,РОСТ,DS0976h,0.0,0.0
2024-09,РОСТ,DS0976h,0.0,0.0
2024-10,РОСТ,DS0976h,1.0,0.0
2024-11,РОСТ,DS0976h,1.0,0.0
2024-12,РОСТ,DS0976h,1.0,0.0
2025-01,РОСТ,DS0976h,0.0,0.0
2025-02,РОСТ,DS0976h,0.0,0.0
2025-03,РОСТ,DS0976h,0.0,0.0
2025-04,РОСТ,DS0976h,0.0,0.0
2025-05,РОСТ,DS0976h,0.0,0.0
2025-06,РОСТ,DS0976h,0.0,0.0
2024-07,Росицька ФОП,DS0976h,0.0,0.0
2024-08,Росицька ФОП,DS0976h,0.0,0.0
2024-09,Росицька ФОП,DS0976h,2.0,0.0
2024-10,Росицька ФОП,DS0976h,0.0,0.0
2024-11,Росицька ФОП,DS0976h,1.0,0.0
2024-12,Росицька ФОП,DS0976h,0.0,0.043732557
2025-01,Росицька ФОП,DS0976h,0.0,0.0
2025-02,Росицька ФОП,DS0976h,0.0,0.0
2025-03,Росицька ФОП,DS0976h,0.0,0.0
2025-04,Росицька ФОП,DS0976h,0.0,0.0
2025-05,Росицька ФОП,DS0976h,0.0,0.0
2025-06,Росицька ФОП,DS0976h,0.0,0.0
2024-07,Смік,DS0976h,1.0,0.0
2024-08,Смік,DS0976h,0.0,0.123468466
2024-09,Смік,DS0976h,1.0,0.0
2024-10,Смік,DS0976h,1.0,0.13036513
2024-11,Смік,DS0976h,2.0,0.6778988
2024-12,Смік,DS0976h,9.0,1.1813741
2025-01,Смік,DS0976h,4.0,0.57853
2025-02,Смік,DS0976h,1.0,0.6965563
2025-03,Смік,DS0976h,2.0,0.6303003
2025-04,Смік,DS0976h,1.0,0.25840628
2025-05,Смік,DS0976h,3.0,0.21936615
2025-06,Смік,DS0976h,0.0,0.03372544
2024-07,Чудо Острів,DS0976h,3.0,1.5464703
2024-08,Чудо Острів,DS0976h,4.0,1.2552463
2024-09,Чудо Острів,DS0976h,3.0,1.2560767
2024-10,Чудо Острів,DS0976h,8.0,2.2806096
2024-11,Чудо Острів,DS0976h,12.0,3.4860775
2024-12,Чудо Острів,DS0976h,17.0,11.26819
2025-01,Чудо Острів,DS0976h,14.0,3.3866024
2025-02,Чудо Острів,DS0976h,10.0,4.331599
2025-03,Чудо Острів,DS0976h,6.0,2.8116205
2025-04,Чудо Острів,DS0976h,3.0,0.87064064
2025-05,Чудо Острів,DS0976h,8.0,0.8887993
2025-06,Чудо Острів,DS0976h,1.0,0.9580572
2024-07,Акварель,DS0977h,4.0,1.2640615
2024-08,Акварель,DS0977h,0.0,0.0
2024-09,Акварель,DS0977h,5.0,0.8867053
2024-10,Акварель,DS0977h,1.0,1.4145137
2024-11,Акварель,DS0977h,3.0,1.269895
2024-12,Акварель,DS0977h,10.0,5.8491607
2025-01,Акварель,DS0977h,2.0,0.7026579
2025-02,Акварель,DS0977h,1.0,0.9556797
2025-03,Акварель,DS0977h,2.0,0.9371806
2025-04,Акварель,DS0977h,3.0,0.6452425
2025-05,Акварель,DS0977h,0.0,0.0
2025-06,Акварель,DS0977h,5.0,0.996155
2024-07,БІ,DS0977h,7.0,1.4949625
2024-08,БІ,DS0977h,0.0,0.0
2024-09,БІ,DS0977h,3.0,0.93936133
2024-10,БІ,DS0977h,3.0,1.6852785
2024-11,БІ,DS0977h,1.0,2.4350753
2024-12,БІ,DS0977h,14.0,6.6450043
2025-01,БІ,DS0977h,4.0,1.555163
2025-02,БІ,DS0977h,1.0,1.6133577
2025-03,БІ,DS0977h,2.0,1.2138221
2025-04,БІ,DS0977h,0.0,0.0
2025-05,БІ,DS0977h,0.0,0.0
2025-06,БІ,DS0977h,0.0,0.05321256
2024-07,Віват Канцелярія,DS0977h,2.0,0.32795483
2024-08,Віват Канцелярія,DS0977h,1.0,0.25428137
2024-09,Віват Канцелярія,DS0977h,0.0,0.0
2024-10,Віват Канцелярія,DS0977h,1.0,0.23844141
2024-11,Віват Канцелярія,DS0977h,3.0,0.23657767
2024-12,Віват Канцелярія,DS0977h,5.0,1.504762
2025-01,Віват Канцелярія,DS0977h,1.0,0.6506301
2025-02,Віват Канцелярія,DS0977h,0.0,0.0
2025-03,Віват Канцелярія,DS0977h,0.0,0.0
2025-04,Віват Канцелярія,DS0977h,0.0,0.0
2025-05,Віват Канцелярія,DS0977h,0.0,0.0
2025-06,Віват Канцелярія,DS0977h,1.0,0.06448557
2024-07,Епіцентр,DS0977h,0.0,0.0
2024-08,Епіцентр,DS0977h,1.0,0.0
2024-09,Епіцентр,DS0977h,0.0,0.0
2024-10,Епіцентр,DS0977h,0.0,0.0
2024-11,Епіцентр,DS0977h,1.0,0.0
2024-12,Епіцентр,DS0977h,0.0,0.0
2025-01,Епіцентр,DS0977h,0.0,0.0
2025-02,Епіцентр,DS0977h,2.0,0.014105651
2025-03,Епіцентр,DS0977h,0.0,0.0
2025-04,Епіцентр,DS0977h,0.0,0.0
2025-05,Епіцентр,DS0977h,0.0,0.0
2025-06,Епіцентр,DS0977h,1.0,0.0
2024-07,МайПлей,DS0977h,0.0,0.0
2024-08,МайПлей,DS0977h,0.0,0.0
2024-09,МайПлей,DS0977h,1.0,0.0
2024-10,МайПлей,DS0977h,2.0,0.18443762
2024-11,МайПлей,DS0977h,1.0,0.12108968
2024-12,МайПлей,DS0977h,2.0,1.135893
2025-01,МайПлей,DS0977h,0.0,0.0
2025-02,МайПлей,DS0977h,1.0,0.09196332
2025-03,МайПлей,DS0977h,0.0,0.0
2025-04,МайПлей,DS0977h,0.0,0.0
2025-05,МайПлей,DS0977h,0.0,0.0
2025-06,МайПлей,DS0977h,0.0,0.0
2024-07,Чудо Острів,DS0977h,0.0,0.0
2024-08,Чудо Острів,DS0977h,0.0,0.0
2024-09,Чудо Острів,DS0977h,0.0,0.0
2024-10,Чудо Острів,DS0977h,1.0,0.0
2024-11,Чудо Острів,DS0977h,1.0,0.044833906
2024-12,Чудо Острів,DS0977h,2.0,1.1502411
2025-01,Чудо Острів,DS0977h,0.0,0.0
2025-02,Чудо Острів,DS0977h,0.0,0.0
2025-03,Чудо Острів,DS0977h,1.0,0.0
2025-04,Чудо Острів,DS0977h,0.0,0.0
2025-05,Чудо Острів,DS0977h,0.0,0.0
2025-06,Чудо Острів,DS0977h,1.0,0.0
2024-07,ІМ-МауДау,DS0978h,0.0,0.0
2024-08,ІМ-МауДау,DS0978h,0.0,0.0
2024-09,ІМ-МауДау,DS0978h,0.0,0.0
2024-10,ІМ-МауДау,DS0978h,0.0,0.0
2024-11,ІМ-МауДау,DS0978h,0.0,0.0
2024-12,ІМ-МауДау,DS0978h,3.0,0.6714161
2025-01,ІМ-МауДау,DS0978h,0.0,0.0
2025-02,ІМ-МауДау,DS0978h,0.0,0.0
2025-03,ІМ-МауДау,DS0978h,0.0,0.0
2025-04,ІМ-МауДау,DS0978h,1.0,0.0
2025-05,ІМ-МауДау,DS0978h,0.0,0.0
2025-06,ІМ-МауДау,DS0978h,0.0,0.0
2024-07,ІМ-Розетка,DS0978h,5.0,3.2925177
2024-08,ІМ-Розетка,DS0978h,3.0,1.6411467
2024-09,ІМ-Розетка,DS0978h,1.0,1.3800614
2024-10,ІМ-Розетка,DS0978h,4.0,1.8275924
2024-11,ІМ-Розетка,DS0978h,3.0,3.227112
2024-12,ІМ-Розетка,DS0978h,18.0,12.91248
2025-01,ІМ-Розетка,DS0978h,11.0,4.539071
2025-02,ІМ-Розетка,DS0978h,11.0,2.6090252
2025-03,ІМ-Розетка,DS0978h,14.0,3.377153
2025-04,ІМ-Розетка,DS0978h,8.0,1.7738408
2025-05,ІМ-Розетка,DS0978h,1.0,1.670802
2025-06,ІМ-Розетка,DS0978h,4.0,1.4535731
2024-07,Акварель,DS0978h,8.0,3.8825686
2024-08,Акварель,DS0978h,2.0,3.414328
2024-09,Акварель,DS0978h,5.0,2.4771326
2024-10,Акварель,DS0978h,12.0,4.002793
2024-11,Акварель,DS0978h,10.0,4.7447286
2024-12,Акварель,DS0978h,19.0,12.19608
2025-01,Акварель,DS0978h,9.0,4.067008
2025-02,Акварель,DS0978h,8.0,4.447395
2025-03,Акварель,DS0978h,14.0,4.455812
2025-04,Акварель,DS0978h,3.0,2.7056699
2025-05,Акварель,DS0978h,3.0,3.0388455
2025-06,Акварель,DS0978h,5.0,2.5883536
2024-07,Антошка,DS0978h,4.0,0.94717044
2024-08,Антошка,DS0978h,1.0,0.48019764
2024-09,Антошка,DS0978h,0.0,0.43025723
2024-10,Антошка,DS0978h,3.0,0.51473045
2024-11,Антошка,DS0978h,5.0,1.3818575
2024-12,Антошка,DS0978h,15.0,6.2954006
2025-01,Антошка,DS0978h,10.0,2.5639646
2025-02,Антошка,DS0978h,6.0,2.7872539
2025-03,Антошка,DS0978h,13.0,2.864092
2025-04,Антошка,DS0978h,3.0,2.2354548
2025-05,Антошка,DS0978h,4.0,1.0798583
2025-06,Антошка,DS0978h,2.0,0.6833546
2024-07,БІ,DS0978h,24.0,5.988984
2024-08,БІ,DS0978h,10.0,6.070635
2024-09,БІ,DS0978h,5.0,5.121233
2024-10,БІ,DS0978h,14.0,5.650273
2024-11,БІ,DS0978h,19.0,9.378571
2024-12,БІ,DS0978h,34.0,21.175451
2025-01,БІ,DS0978h,17.0,8.685705
2025-02,БІ,DS0978h,15.0,10.887149
2025-03,БІ,DS0978h,16.0,10.38319
2025-04,БІ,DS0978h,9.0,5.2667627
2025-05,БІ,DS0978h,17.0,4.473829
2025-06,БІ,DS0978h,8.0,6.158414
2024-07,Віват Канцелярія,DS0978h,3.0,1.6400931
2024-08,Віват Канцелярія,DS0978h,2.0,0.82356596
2024-09,Віват Канцелярія,DS0978h,3.0,0.9697283
2024-10,Віват Канцелярія,DS0978h,3.0,1.1211461
2024-11,Віват Канцелярія,DS0978h,7.0,1.247975
2024-12,Віват Канцелярія,DS0978h,13.0,6.403804
2025-01,Віват Канцелярія,DS0978h,4.0,2.0162516
2025-02,Віват Канцелярія,DS0978h,1.0,1.8476967
2025-03,Віват Канцелярія,DS0978h,4.0,1.849514
2025-04,Віват Канцелярія,DS0978h,3.0,1.2082461
2025-05,Віват Канцелярія,DS0978h,1.0,1.0431223
2025-06,Віват Канцелярія,DS0978h,1.0,0.6611268
2024-07,Епіцентр,DS0978h,1.0,0.74086714
2024-08,Епіцентр,DS0978h,0.0,0.3595236
2024-09,Епіцентр,DS0978h,1.0,0.35743046
2024-10,Епіцентр,DS0978h,4.0,0.64732707
2024-11,Епіцентр,DS0978h,8.0,1.3031026
2024-12,Епіцентр,DS0978h,15.0,5.0546284
2025-01,Епіцентр,DS0978h,5.0,1.586955
2025-02,Епіцентр,DS0978h,6.0,1.7393625
2025-03,Епіцентр,DS0978h,6.0,1.4105147
2025-04,Епіцентр,DS0978h,0.0,0.6384511
2025-05,Епіцентр,DS0978h,0.0,0.59730345
2025-06,Епіцентр,DS0978h,1.0,0.27220282
2024-07,Клас,DS0978h,1.0,0.0
2024-08,Клас,DS0978h,1.0,0.0
2024-09,Клас,DS0978h,0.0,0.0
2024-10,Клас,DS0978h,1.0,0.0
2024-11,Клас,DS0978h,0.0,0.0
2024-12,Клас,DS0978h,2.0,0.0673832
2025-01,Клас,DS0978h,3.0,0.06386954
2025-02,Клас,DS0978h,0.0,0.0
2025-03,Клас,DS0978h,2.0,0.0
2025-04,Клас,DS0978h,0.0,0.0
2025-05,Клас,DS0978h,0.0,0.0
2025-06,Клас,DS0978h,1.0,0.0
2024-07,Кубі,DS0978h,2.0,0.0
2024-08,Кубі,DS0978h,0.0,0.0
2024-09,Кубі,DS0978h,2.0,0.071313284
2024-10,Кубі,DS0978h,2.0,0.1320225
2024-11,Кубі,DS0978h,1.0,0.432262
2024-12,Кубі,DS0978h,1.0,0.74483186
2025-01,Кубі,DS0978h,6.0,0.4912419
2025-02,Кубі,DS0978h,0.0,0.0
2025-03,Кубі,DS0978h,4.0,0.37577012
2025-04,Кубі,DS0978h,0.0,0.0
2025-05,Кубі,DS0978h,0.0,0.0
2025-06,Кубі,DS0978h,0.0,0.0
2024-07,МайПлей,DS0978h,2.0,0.34891072
2024-08,МайПлей,DS0978h,0.0,0.06010463
2024-09,МайПлей,DS0978h,2.0,0.06785919
2024-10,МайПлей,DS0978h,1.0,0.19826075
2024-11,МайПлей,DS0978h,0.0,0.28445432
2024-12,МайПлей,DS0978h,4.0,1.787307
2025-01,МайПлей,DS0978h,1.0,0.43588966
2025-02,МайПлей,DS0978h,2.0,0.16921684
2025-03,МайПлей,DS0978h,5.0,0.5330534
2025-04,МайПлей,DS0978h,3.0,0.29369897
2025-05,МайПлей,DS0978h,0.0,0.22462422
2025-06,МайПлей,DS0978h,0.0,0.0
2024-07,Мегамаркет,DS0978h,0.0,0.0
2024-08,Мегамаркет,DS0978h,1.0,0.0
2024-09,Мегамаркет,DS0978h,2.0,0.0
2024-10,Мегамаркет,DS0978h,2.0,0.0
2024-11,Мегамаркет,DS0978h,1.0,0.0
2024-12,Мегамаркет,DS0978h,3.0,0.7611311
2025-01,Мегамаркет,DS0978h,0.0,0.0046672323
2025-02,Мегамаркет,DS0978h,1.0,0.0
2025-03,Мегамаркет,DS0978h,0.0,0.0
2025-04,Мегамаркет,DS0978h,2.0,0.0
2025-05,Мегамаркет,DS0978h,0.0,0.0
2025-06,Мегамаркет,DS0978h,0.0,0.0
2024-07,Монако,DS0978h,3.0,0.20988245
2024-08,Монако,DS0978h,3.0,0.26298174
2024-09,Монако,DS0978h,0.0,0.0
2024-10,Монако,DS0978h,2.0,0.33233598
2024-11,Монако,DS0978h,5.0,0.7030856
2024-12,Монако,DS0978h,0.0,0.6706368
2025-01,Монако,DS0978h,0.0,0.0
2025-02,Монако,DS0978h,1.0,0.61412454
2025-03,Монако,DS0978h,1.0,0.38485005
2025-04,Монако,DS0978h,1.0,0.40094656
2025-05,Монако,DS0978h,0.0,0.0
2025-06,Монако,DS0978h,0.0,0.0
2024-07,РОСТ,DS0978h,0.0,0.0
2024-08,РОСТ,DS0978h,0.0,0.0
2024-09,РОСТ,DS0978h,1.0,0.0
2024-10,РОСТ,DS0978h,0.0,0.0
2024-11,РОСТ,DS0978h,0.0,0.0
2024-12,РОСТ,DS0978h,2.0,0.0
2025-01,РОСТ,DS0978h,0.0,0.0
2025-02,РОСТ,DS0978h,0.0,0.0
2025-03,РОСТ,DS0978h,0.0,0.0
2025-04,РОСТ,DS0978h,0.0,0.0
2025-05,РОСТ,DS0978h,0.0,0.0
2025-06,РОСТ,DS0978h,0.0,0.0
2024-07,Смік,DS0978h,0.0,0.0
2024-08,Смік,DS0978h,0.0,0.0
2024-09,Смік,DS0978h,1.0,0.0
2024-10,Смік,DS0978h,2.0,0.47180942
2024-11,Смік,DS0978h,2.0,0.32175153
2024-12,Смік,DS0978h,6.0,0.8122307
2025-01,Смік,DS0978h,1.0,0.30644143
2025-02,Смік,DS0978h,1.0,0.25080964
2025-03,Смік,DS0978h,0.0,0.5265975
2025-04,Смік,DS0978h,0.0,0.0
2025-05,Смік,DS0978h,0.0,0.0
2025-06,Смік,DS0978h,0.0,0.0
2024-07,Чудо Острів,DS0978h,8.0,2.7627642
2024-08,Чудо Острів,DS0978h,5.0,1.8745161
2024-09,Чудо Острів,DS0978h,2.0,2.2242682
2024-10,Чудо Острів,DS0978h,9.0,2.7689188
2024-11,Чудо Острів,DS0978h,10.0,4.01005
2024-12,Чудо Острів,DS0978h,20.0,10.972729
2025-01,Чудо Острів,DS0978h,9.0,3.8645537
2025-02,Чудо Острів,DS0978h,17.0,4.2107196
2025-03,Чудо Острів,DS0978h,15.0,5.1679935
2025-04,Чудо Острів,DS0978h,6.0,2.936148
2025-05,Чудо Острів,DS0978h,8.0,2.7339067
2025-06,Чудо Острів,DS0978h,6.0,2.2187612
2024-07,ІМ-Розетка,DS0980h,0.0,0.0
2024-08,ІМ-Розетка,DS0980h,0.0,0.0
2024-09,ІМ-Розетка,DS0980h,1.0,0.1548112
2024-10,ІМ-Розетка,DS0980h,4.0,0.8249419
2024-11,ІМ-Розетка,DS0980h,2.0,2.1829631
2024-12,ІМ-Розетка,DS0980h,8.0,6.124565
2025-01,ІМ-Розетка,DS0980h,2.0,1.3473456
2025-02,ІМ-Розетка,DS0980h,0.0,1.0126629
2025-03,ІМ-Розетка,DS0980h,4.0,0.71217257
2025-04,ІМ-Розетка,DS0980h,7.0,0.87695545
2025-05,ІМ-Розетка,DS0980h,1.0,0.8922386
2025-06,ІМ-Розетка,DS0980h,2.0,0.4714507
2024-07,Акварель,DS0980h,5.0,4.4451513
2024-08,Акварель,DS0980h,8.0,2.813332
2024-09,Акварель,DS0980h,13.0,3.8115966
2024-10,Акварель,DS0980h,10.0,6.2511973
2024-11,Акварель,DS0980h,16.0,8.111684
2024-12,Акварель,DS0980h,14.0,21.712378
2025-01,Акварель,DS0980h,14.0,5.9248743
2025-02,Акварель,DS0980h,16.0,6.1956205
2025-03,Акварель,DS0980h,13.0,6.2095456
2025-04,Акварель,DS0980h,3.0,3.999757
2025-05,Акварель,DS0980h,6.0,3.3722715
2025-06,Акварель,DS0980h,6.0,4.0747285
2024-07,БІ,DS0980h,10.0,3.0874238
2024-08,БІ,DS0980h,8.0,3.0994825
2024-09,БІ,DS0980h,7.0,3.3590195
2024-10,БІ,DS0980h,12.0,4.3589993
2024-11,БІ,DS0980h,7.0,5.8370566
2024-12,БІ,DS0980h,3.0,14.637098
2025-01,БІ,DS0980h,3.0,3.2394598
2025-02,БІ,DS0980h,3.0,3.5029624
2025-03,БІ,DS0980h,8.0,2.0560803
2025-04,БІ,DS0980h,0.0,1.0212511
2025-05,БІ,DS0980h,0.0,0.8093505
2025-06,БІ,DS0980h,2.0,1.0433707
2024-07,Віват Канцелярія,DS0980h,0.0,0.52150446
2024-08,Віват Канцелярія,DS0980h,1.0,0.15098491
2024-09,Віват Канцелярія,DS0980h,2.0,0.3005305
2024-10,Віват Канцелярія,DS0980h,2.0,0.55892205
2024-11,Віват Канцелярія,DS0980h,3.0,0.71757317
2024-12,Віват Канцелярія,DS0980h,16.0,4.0209723
2025-01,Віват Канцелярія,DS0980h,6.0,1.8625852
2025-02,Віват Канцелярія,DS0980h,1.0,1.9860088
2025-03,Віват Канцелярія,DS0980h,4.0,1.4923551
2025-04,Віват Канцелярія,DS0980h,5.0,0.87267125
2025-05,Віват Канцелярія,DS0980h,3.0,0.9348309
2025-06,Віват Канцелярія,DS0980h,3.0,0.9801052
2024-07,Епіцентр,DS0980h,5.0,0.6741965
2024-08,Епіцентр,DS0980h,2.0,0.20143129
2024-09,Епіцентр,DS0980h,1.0,0.6299165
2024-10,Епіцентр,DS0980h,2.0,0.859027
2024-11,Епіцентр,DS0980h,8.0,1.8410066
2024-12,Епіцентр,DS0980h,6.0,6.86913
2025-01,Епіцентр,DS0980h,3.0,1.4617524
2025-02,Епіцентр,DS0980h,4.0,1.4398931
2025-03,Епіцентр,DS0980h,10.0,0.92462283
2025-04,Епіцентр,DS0980h,0.0,0.96904135
2025-05,Епіцентр,DS0980h,1.0,0.41980696
2025-06,Епіцентр,DS0980h,2.0,0.7726441
2024-07,Клас,DS0980h,1.0,0.0
2024-08,Клас,DS0980h,2.0,0.0
2024-09,Клас,DS0980h,0.0,0.0
2024-10,Клас,DS0980h,1.0,0.0
2024-11,Клас,DS0980h,0.0,0.0
2024-12,Клас,DS0980h,3.0,0.09901182
2025-01,Клас,DS0980h,2.0,0.10092299
2025-02,Клас,DS0980h,0.0,0.0
2025-03,Клас,DS0980h,2.0,0.0
2025-04,Клас,DS0980h,0.0,0.0
2025-05,Клас,DS0980h,0.0,0.0
2025-06,Клас,DS0980h,0.0,0.0
2024-07,Кубі,DS0980h,0.0,0.0
2024-08,Кубі,DS0980h,0.0,0.0
2024-09,Кубі,DS0980h,0.0,0.0
2024-10,Кубі,DS0980h,1.0,0.0
2024-11,Кубі,DS0980h,2.0,0.12172882
2024-12,Кубі,DS0980h,0.0,0.021721272
2025-01,Кубі,DS0980h,3.0,0.20124039
2025-02,Кубі,DS0980h,0.0,0.0
2025-03,Кубі,DS0980h,2.0,0.1290212
2025-04,Кубі,DS0980h,0.0,0.0
2025-05,Кубі,DS0980h,1.0,0.07611655
2025-06,Кубі,DS0980h,2.0,0.0
2024-07,МайПлей,DS0980h,1.0,0.081207156
2024-08,МайПлей,DS0980h,0.0,0.092375785
2024-09,МайПлей,DS0980h,2.0,0.032099903
2024-10,МайПлей,DS0980h,1.0,0.15000416
2024-11,МайПлей,DS0980h,1.0,0.25669143
2024-12,МайПлей,DS0980h,1.0,2.01313
2025-01,МайПлей,DS0980h,3.0,0.5246237
2025-02,МайПлей,DS0980h,3.0,0.5899745
2025-03,МайПлей,DS0980h,3.0,0.5200753
2025-04,МайПлей,DS0980h,1.0,0.28048548
2025-05,МайПлей,DS0980h,1.0,0.15390216
2025-06,МайПлей,DS0980h,1.0,0.19278154
2024-07,Мегамаркет,DS0980h,1.0,0.0
2024-08,Мегамаркет,DS0980h,0.0,0.0
2024-09,Мегамаркет,DS0980h,1.0,0.0
2024-10,Мегамаркет,DS0980h,0.0,0.0
2024-11,Мегамаркет,DS0980h,0.0,0.0
2024-12,Мегамаркет,DS0980h,4.0,0.30005077
2025-01,Мегамаркет,DS0980h,1.0,0.0
2025-02,Мегамаркет,DS0980h,0.0,0.0
2025-03,Мегамаркет,DS0980h,2.0,0.0
2025-04,Мегамаркет,DS0980h,0.0,0.0
2025-05,Мегамаркет,DS0980h,2.0,0.0
2025-06,Мегамаркет,DS0980h,0.0,0.0
2024-07,Монако,DS0980h,1.0,0.0
2024-08,Монако,DS0980h,0.0,0.0
2024-09,Монако,DS0980h,1.0,0.0
2024-10,Монако,DS0980h,1.0,0.0
2024-11,Монако,DS0980h,3.0,0.44891202
2024-12,Монако,DS0980h,0.0,0.06159987
2025-01,Монако,DS0980h,0.0,0.0
2025-02,Монако,DS0980h,0.0,0.0
2025-03,Монако,DS0980h,1.0,0.14042173
2025-04,Монако,DS0980h,0.0,0.0
2025-05,Монако,DS0980h,1.0,0.0
2025-06,Монако,DS0980h,1.0,0.0
2024-07,Смік,DS0980h,2.0,0.0
2024-08,Смік,DS0980h,2.0,0.0
2024-09,Смік,DS0980h,0.0,0.0
2024-10,Смік,DS0980h,0.0,0.0
2024-11,Смік,DS0980h,0.0,0.48116314
2024-12,Смік,DS0980h,2.0,0.43212166
2025-01,Смік,DS0980h,2.0,0.12208959
2025-02,Смік,DS0980h,2.0,0.12991476
2025-03,Смік,DS0980h,2.0,0.116239294
2025-04,Смік,DS0980h,0.0,0.030529132
2025-05,Смік,DS0980h,0.0,0.0
2025-06,Смік,DS0980h,0.0,0.0
2024-07,Чудо Острів,DS0980h,7.0,0.5369806
2024-08,Чудо Острів,DS0980h,2.0,0.7091972
2024-09,Чудо Острів,DS0980h,1.0,0.44841915
2024-10,Чудо Острів,DS0980h,3.0,1.0293106
2024-11,Чудо Острів,DS0980h,3.0,1.5602432
2024-12,Чудо Острів,DS0980h,14.0,5.1136837
2025-01,Чудо Острів,DS0980h,5.0,1.8062435
2025-02,Чудо Острів,DS0980h,9.0,2.0170412
2025-03,Чудо Острів,DS0980h,8.0,1.9219183
2025-04,Чудо Острів,DS0980h,3.0,1.108596
2025-05,Чудо Острів,DS0980h,4.0,1.555768
2025-06,Чудо Острів,DS0980h,6.0,2.3148067
2024-07,ІМ-Розетка,DS0981h,0.0,0.0
2024-08,ІМ-Розетка,DS0981h,0.0,0.0
2024-09,ІМ-Розетка,DS0981h,0.0,0.0
2024-10,ІМ-Розетка,DS0981h,0.0,0.0
2024-11,ІМ-Розетка,DS0981h,0.0,0.147933
2024-12,ІМ-Розетка,DS0981h,4.0,2.6556833
2025-01,ІМ-Розетка,DS0981h,2.0,0.27950367
2025-02,ІМ-Розетка,DS0981h,0.0,0.0
2025-03,ІМ-Розетка,DS0981h,0.0,0.0
2025-04,ІМ-Розетка,DS0981h,0.0,0.0
2025-05,ІМ-Розетка,DS0981h,2.0,0.0
2025-06,ІМ-Розетка,DS0981h,2.0,0.3596816
2024-07,Акварель,DS0981h,5.0,1.9907426
2024-08,Акварель,DS0981h,1.0,1.16672
2024-09,Акварель,DS0981h,6.0,1.5058405
2024-10,Акварель,DS0981h,5.0,2.2872083
2024-11,Акварель,DS0981h,3.0,2.1702275
2024-12,Акварель,DS0981h,12.0,7.4262934
2025-01,Акварель,DS0981h,5.0,1.8531926
2025-02,Акварель,DS0981h,10.0,1.9890652
2025-03,Акварель,DS0981h,7.0,2.505222
2025-04,Акварель,DS0981h,3.0,1.8653282
2025-05,Акварель,DS0981h,2.0,1.7796315
2025-06,Акварель,DS0981h,1.0,1.6624882
2024-07,Антошка,DS0981h,1.0,0.0
2024-08,Антошка,DS0981h,0.0,0.0
2024-09,Антошка,DS0981h,0.0,0.0
2024-10,Антошка,DS0981h,4.0,0.11594326
2024-11,Антошка,DS0981h,2.0,0.5343506
2024-12,Антошка,DS0981h,3.0,1.9184128
2025-01,Антошка,DS0981h,1.0,0.36124298
2025-02,Антошка,DS0981h,1.0,0.37286964
2025-03,Антошка,DS0981h,2.0,0.31194845
2025-04,Антошка,DS0981h,0.0,0.047605287
2025-05,Антошка,DS0981h,0.0,0.0
2025-06,Антошка,DS0981h,2.0,0.0
2024-07,БІ,DS0981h,6.0,3.4143746
2024-08,БІ,DS0981h,3.0,2.3342586
2024-09,БІ,DS0981h,3.0,2.0344427
2024-10,БІ,DS0981h,11.0,3.5011053
2024-11,БІ,DS0981h,4.0,4.036005
2024-12,БІ,DS0981h,13.0,9.506515
2025-01,БІ,DS0981h,8.0,3.1547847
2025-02,БІ,DS0981h,7.0,4.672033
2025-03,БІ,DS0981h,7.0,4.033217
2025-04,БІ,DS0981h,7.0,2.0929227
2025-05,БІ,DS0981h,2.0,1.777454
2025-06,БІ,DS0981h,8.0,2.960038
2024-07,Віват Канцелярія,DS0981h,0.0,0.15319842
2024-08,Віват Канцелярія,DS0981h,4.0,0.010425778
2024-09,Віват Канцелярія,DS0981h,0.0,0.23188712
2024-10,Віват Канцелярія,DS0981h,1.0,0.17593013
2024-11,Віват Канцелярія,DS0981h,1.0,0.2238317
2024-12,Віват Канцелярія,DS0981h,9.0,2.2558374
2025-01,Віват Канцелярія,DS0981h,2.0,0.8317423
2025-02,Віват Канцелярія,DS0981h,3.0,0.86215705
2025-03,Віват Канцелярія,DS0981h,2.0,0.55703634
2025-04,Віват Канцелярія,DS0981h,4.0,0.41239053
2025-05,Віват Канцелярія,DS0981h,0.0,0.331614
2025-06,Віват Канцелярія,DS0981h,3.0,0.2529529
2024-07,Епіцентр,DS0981h,8.0,0.58089226
2024-08,Епіцентр,DS0981h,1.0,0.33730468
2024-09,Епіцентр,DS0981h,5.0,0.62534595
2024-10,Епіцентр,DS0981h,1.0,0.67575973
2024-11,Епіцентр,DS0981h,7.0,0.947224
2024-12,Епіцентр,DS0981h,3.0,4.956069
2025-01,Епіцентр,DS0981h,4.0,0.5182442
2025-02,Епіцентр,DS0981h,2.0,0.5812089
2025-03,Епіцентр,DS0981h,2.0,0.39095965
2025-04,Епіцентр,DS0981h,0.0,0.25563723
2025-05,Епіцентр,DS0981h,1.0,0.18447883
2025-06,Епіцентр,DS0981h,0.0,0.0
2024-07,МайПлей,DS0981h,4.0,0.22652681
2024-08,МайПлей,DS0981h,0.0,0.0
2024-09,МайПлей,DS0981h,0.0,0.0
2024-10,МайПлей,DS0981h,0.0,0.085824154
2024-11,МайПлей,DS0981h,2.0,0.015333858
2024-12,МайПлей,DS0981h,3.0,1.8881469
2025-01,МайПлей,DS0981h,1.0,0.17162268
2025-02,МайПлей,DS0981h,2.0,0.25324076
2025-03,МайПлей,DS0981h,0.0,0.03585062
2025-04,МайПлей,DS0981h,3.0,0.0
2025-05,МайПлей,DS0981h,0.0,0.0033588666
2025-06,МайПлей,DS0981h,0.0,0.0
2024-07,Мегамаркет,DS0981h,1.0,0.0
2024-08,Мегамаркет,DS0981h,0.0,0.0
2024-09,Мегамаркет,DS0981h,1.0,0.0
2024-10,Мегамаркет,DS0981h,1.0,0.0
2024-11,Мегамаркет,DS0981h,1.0,0.0
2024-12,Мегамаркет,DS0981h,1.0,0.2832027
2025-01,Мегамаркет,DS0981h,1.0,0.0
2025-02,Мегамаркет,DS0981h,1.0,0.0
2025-03,Мегамаркет,DS0981h,1.0,0.0
2025-04,Мегамаркет,DS0981h,0.0,0.0
2025-05,Мегамаркет,DS0981h,0.0,0.0
2025-06,Мегамаркет,DS0981h,0.0,0.0
2024-07,Монако,DS0981h,0.0,0.0
2024-08,Монако,DS0981h,1.0,0.0
2024-09,Монако,DS0981h,0.0,0.0
2024-10,Монако,DS0981h,0.0,0.0
2024-11,Монако,DS0981h,3.0,0.13819619
2024-12,Монако,DS0981h,0.0,0.041343957
2025-01,Монако,DS0981h,0.0,0.0
2025-02,Монако,DS0981h,2.0,0.0
2025-03,Монако,DS0981h,0.0,0.0
2025-04,Монако,DS0981h,0.0,0.0
2025-05,Монако,DS0981h,1.0,0.0
2025-06,Монако,DS0981h,0.0,0.0
2024-07,РОСТ,DS0981h,0.0,0.0
2024-08,РОСТ,DS0981h,0.0,0.0
2024-09,РОСТ,DS0981h,0.0,0.0
2024-10,РОСТ,DS0981h,0.0,0.0
2024-11,РОСТ,DS0981h,0.0,0.0
2024-12,РОСТ,DS0981h,3.0,0.0
2025-01,РОСТ,DS0981h,0.0,0.0
2025-02,РОСТ,DS0981h,0.0,0.0
2025-03,РОСТ,DS0981h,0.0,0.0
2025-04,РОСТ,DS0981h,0.0,0.0
2025-05,РОСТ,DS0981h,0.0,0.0
2025-06,РОСТ,DS0981h,0.0,0.0
2024-07,Смік,DS0981h,1.0,0.0
2024-08,Смік,DS0981h,1.0,0.0
2024-09,Смік,DS0981h,1.0,0.0
2024-10,Смік,DS0981h,0.0,0.0024394894
2024-11,Смік,DS0981h,1.0,0.094214365
2024-12,Смік,DS0981h,1.0,0.48157603
2025-01,Смік,DS0981h,1.0,0.0
2025-02,Смік,DS0981h,3.0,0.0
2025-03,Смік,DS0981h,1.0,0.0
2025-04,Смік,DS0981h,0.0,0.0
2025-05,Смік,DS0981h,1.0,0.0
2025-06,Смік,DS0981h,0.0,0.0
2024-07,Чудо Острів,DS0981h,7.0,1.8730958
2024-08,Чудо Острів,DS0981h,2.0,0.90541506
2024-09,Чудо Острів,DS0981h,2.0,1.3102273
2024-10,Чудо Острів,DS0981h,6.0,1.8473864
2024-11,Чудо Острів,DS0981h,1.0,2.4887564
2024-12,Чудо Острів,DS0981h,9.0,6.542992
2025-01,Чудо Острів,DS0981h,4.0,1.2325691
2025-02,Чудо Острів,DS0981h,5.0,1.1472411
2025-03,Чудо Острів,DS0981h,8.0,1.4356596
2025-04,Чудо Острів,DS0981h,4.0,0.7383133
2025-05,Чудо Острів,DS0981h,4.0,0.45370698
2025-06,Чудо Острів,DS0981h,1.0,0.94376445
2024-07,Акварель,DS0984h,4.0,1.0226098
2024-08,Акварель,DS0984h,2.0,0.53505015
2024-09,Акварель,DS0984h,1.0,0.6758429
2024-10,Акварель,DS0984h,4.0,1.0789471
2024-11,Акварель,DS0984h,1.0,0.93405443
2024-12,Акварель,DS0984h,1.0,3.2834914
2025-01,Акварель,DS0984h,0.0,0.0
2025-02,Акварель,DS0984h,0.0,0.0
2025-03,Акварель,DS0984h,1.0,0.352978
2025-04,Акварель,DS0984h,0.0,0.0
2025-05,Акварель,DS0984h,0.0,0.0
2025-06,Акварель,DS0984h,1.0,0.5506969
2024-07,Віват Канцелярія,DS0984h,2.0,0.5971454
2024-08,Віват Канцелярія,DS0984h,4.0,0.5913273
2024-09,Віват Канцелярія,DS0984h,0.0,0.0
2024-10,Віват Канцелярія,DS0984h,5.0,0.4882621
2024-11,Віват Канцелярія,DS0984h,1.0,0.5814445
2024-12,Віват Канцелярія,DS0984h,4.0,2.257467
2025-01,Віват Канцелярія,DS0984h,4.0,0.9203965
2025-02,Віват Канцелярія,DS0984h,2.0,0.7754145
2025-03,Віват Канцелярія,DS0984h,2.0,0.5774249
2025-04,Віват Канцелярія,DS0984h,0.0,0.0
2025-05,Віват Канцелярія,DS0984h,0.0,0.0
2025-06,Віват Канцелярія,DS0984h,4.0,0.45590186
2024-07,ІМ-Розетка,DS0986h,12.0,5.7276936
2024-08,ІМ-Розетка,DS0986h,6.0,4.9384174
2024-09,ІМ-Розетка,DS0986h,9.0,3.8687797
2024-10,ІМ-Розетка,DS0986h,24.0,6.387714
2024-11,ІМ-Розетка,DS0986h,22.0,12.390531
2024-12,ІМ-Розетка,DS0986h,100.0,43.65198
2025-01,ІМ-Розетка,DS0986h,22.0,12.874105
2025-02,ІМ-Розетка,DS0986h,6.0,4.389822
2025-03,ІМ-Розетка,DS0986h,0.0,0.31342542
2025-04,ІМ-Розетка,DS0986h,0.0,0.0
2025-05,ІМ-Розетка,DS0986h,0.0,0.0
2025-06,ІМ-Розетка,DS0986h,0.0,0.0
2024-07,Акварель,DS0986h,11.0,4.353273
2024-08,Акварель,DS0986h,9.0,4.049827
2024-09,Акварель,DS0986h,8.0,3.5859
2024-10,Акварель,DS0986h,21.0,5.5929403
2024-11,Акварель,DS0986h,12.0,7.8306985
2024-12,Акварель,DS0986h,31.0,14.275662
2025-01,Акварель,DS0986h,7.0,6.8827553
2025-02,Акварель,DS0986h,17.0,3.447757
2025-03,Акварель,DS0986h,10.0,4.43248
2025-04,Акварель,DS0986h,8.0,2.147504
2025-05,Акварель,DS0986h,6.0,2.2467563
2025-06,Акварель,DS0986h,6.0,1.843594
2024-07,Антошка,DS0986h,1.0,0.64298683
2024-08,Антошка,DS0986h,5.0,0.42877957
2024-09,Антошка,DS0986h,1.0,0.8380095
2024-10,Антошка,DS0986h,2.0,0.88053215
2024-11,Антошка,DS0986h,8.0,1.9718432
2024-12,Антошка,DS0986h,23.0,8.746266
2025-01,Антошка,DS0986h,5.0,3.8522778
2025-02,Антошка,DS0986h,11.0,1.65666
2025-03,Антошка,DS0986h,7.0,2.7572517
2025-04,Антошка,DS0986h,1.0,0.7449251
2025-05,Антошка,DS0986h,0.0,0.13339844
2025-06,Антошка,DS0986h,0.0,0.38666058
2024-07,БІ,DS0986h,20.0,7.240219
2024-08,БІ,DS0986h,11.0,6.1530724
2024-09,БІ,DS0986h,7.0,5.7563024
2024-10,БІ,DS0986h,18.0,7.9545116
2024-11,БІ,DS0986h,33.0,12.932147
2024-12,БІ,DS0986h,55.0,27.857592
2025-01,БІ,DS0986h,30.0,12.026097
2025-02,БІ,DS0986h,30.0,10.158413
2025-03,БІ,DS0986h,7.0,9.854064
2025-04,БІ,DS0986h,4.0,2.077831
2025-05,БІ,DS0986h,4.0,2.4790266
2025-06,БІ,DS0986h,9.0,1.8215544
2024-07,Віват Канцелярія,DS0986h,0.0,0.29535195
2024-08,Віват Канцелярія,DS0986h,2.0,0.4015623
2024-09,Віват Канцелярія,DS0986h,1.0,0.2999969
2024-10,Віват Канцелярія,DS0986h,2.0,0.727353
2024-11,Віват Канцелярія,DS0986h,4.0,0.91537786
2024-12,Віват Канцелярія,DS0986h,22.0,5.534524
2025-01,Віват Канцелярія,DS0986h,7.0,2.6920907
2025-02,Віват Канцелярія,DS0986h,3.0,1.2184961
2025-03,Віват Канцелярія,DS0986h,2.0,1.387363
2025-04,Віват Канцелярія,DS0986h,0.0,0.0
2025-05,Віват Канцелярія,DS0986h,1.0,0.4690777
2025-06,Віват Канцелярія,DS0986h,1.0,0.35243544
2024-07,Епіцентр,DS0986h,4.0,0.676867
2024-08,Епіцентр,DS0986h,8.0,0.4134382
2024-09,Епіцентр,DS0986h,4.0,0.93024665
2024-10,Епіцентр,DS0986h,9.0,1.0961585
2024-11,Епіцентр,DS0986h,7.0,2.1357968
2024-12,Епіцентр,DS0986h,14.0,6.878167
2025-01,Епіцентр,DS0986h,1.0,1.6044106
2025-02,Епіцентр,DS0986h,1.0,0.6649941
2025-03,Епіцентр,DS0986h,4.0,0.5440585
2025-04,Епіцентр,DS0986h,0.0,0.0
2025-05,Епіцентр,DS0986h,0.0,0.0
2025-06,Епіцентр,DS0986h,1.0,0.0
2024-07,МайПлей,DS0986h,3.0,0.7297616
2024-08,МайПлей,DS0986h,1.0,0.33116093
2024-09,МайПлей,DS0986h,2.0,0.41700685
2024-10,МайПлей,DS0986h,3.0,0.81853324
2024-11,МайПлей,DS0986h,2.0,0.64398205
2024-12,МайПлей,DS0986h,7.0,2.6955729
2025-01,МайПлей,DS0986h,3.0,1.4048505
2025-02,МайПлей,DS0986h,0.0,0.0
2025-03,МайПлей,DS0986h,1.0,0.40588325
2025-04,МайПлей,DS0986h,4.0,0.35339716
2025-05,МайПлей,DS0986h,1.0,0.165932
2025-06,МайПлей,DS0986h,0.0,0.0
2024-07,Мегамаркет,DS0986h,0.0,0.0
2024-08,Мегамаркет,DS0986h,5.0,0.0
2024-09,Мегамаркет,DS0986h,0.0,0.0
2024-10,Мегамаркет,DS0986h,1.0,0.0
2024-11,Мегамаркет,DS0986h,0.0,0.00020321288
2024-12,Мегамаркет,DS0986h,3.0,0.558279
2025-01,Мегамаркет,DS0986h,2.0,0.13416736
2025-02,Мегамаркет,DS0986h,1.0,0.002977982
2025-03,Мегамаркет,DS0986h,2.0,0.0
2025-04,Мегамаркет,DS0986h,0.0,0.0
2025-05,Мегамаркет,DS0986h,0.0,0.0
2025-06,Мегамаркет,DS0986h,0.0,0.0
2024-07,Монако,DS0986h,0.0,0.0
2024-08,Монако,DS0986h,2.0,0.0031553113
2024-09,Монако,DS0986h,1.0,0.0
2024-10,Монако,DS0986h,3.0,0.1923269
2024-11,Монако,DS0986h,6.0,0.6094365
2024-12,Монако,DS0986h,0.0,0.8371328
2025-01,Монако,DS0986h,0.0,0.0
2025-02,Монако,DS0986h,0.0,0.0
2025-03,Монако,DS0986h,0.0,0.0
2025-04,Монако,DS0986h,0.0,0.0
2025-05,Монако,DS0986h,0.0,0.0
2025-06,Монако,DS0986h,0.0,0.0
2024-07,РОСТ,DS0986h,1.0,0.0
2024-08,РОСТ,DS0986h,0.0,0.0
2024-09,РОСТ,DS0986h,0.0,0.0
2024-10,РОСТ,DS0986h,1.0,0.0
2024-11,РОСТ,DS0986h,1.0,0.0
2024-12,РОСТ,DS0986h,4.0,0.52241725
2025-01,РОСТ,DS0986h,4.0,0.37204424
2025-02,РОСТ,DS0986h,2.0,0.014885877
2025-03,РОСТ,DS0986h,3.0,0.09093135
2025-04,РОСТ,DS0986h,0.0,0.0
2025-05,РОСТ,DS0986h,1.0,0.0
2025-06,РОСТ,DS0986h,0.0,0.0
2024-07,Росицька ФОП,DS0986h,0.0,0.0
2024-08,Росицька ФОП,DS0986h,0.0,0.0
2024-09,Росицька ФОП,DS0986h,0.0,0.0
2024-10,Росицька ФОП,DS0986h,0.0,0.0
2024-11,Росицька ФОП,DS0986h,1.0,0.0
2024-12,Росицька ФОП,DS0986h,1.0,0.16981333
2025-01,Росицька ФОП,DS0986h,1.0,0.0
2025-02,Росицька ФОП,DS0986h,0.0,0.0
2025-03,Росицька ФОП,DS0986h,0.0,0.0
2025-04,Росицька ФОП,DS0986h,0.0,0.0
2025-05,Росицька ФОП,DS0986h,0.0,0.0
2025-06,Росицька ФОП,DS0986h,0.0,0.0
2024-07,Смік,DS0986h,0.0,0.0
2024-08,Смік,DS0986h,2.0,0.048435785
2024-09,Смік,DS0986h,3.0,0.0
2024-10,Смік,DS0986h,0.0,0.6030398
2024-11,Смік,DS0986h,4.0,0.7142375
2024-12,Смік,DS0986h,10.0,2.6378655
2025-01,Смік,DS0986h,1.0,0.8022675
2025-02,Смік,DS0986h,4.0,0.46315932
2025-03,Смік,DS0986h,2.0,0.5612086
2025-04,Смік,DS0986h,0.0,0.2361031
2025-05,Смік,DS0986h,0.0,0.0
2025-06,Смік,DS0986h,0.0,0.0
2024-07,ІМ-Розетка,DS0990h,7.0,2.259114
2024-08,ІМ-Розетка,DS0990h,1.0,0.91533834
2024-09,ІМ-Розетка,DS0990h,4.0,1.5145981
2024-10,ІМ-Розетка,DS0990h,10.0,2.4489012
2024-11,ІМ-Розетка,DS0990h,9.0,4.430514
2024-12,ІМ-Розетка,DS0990h,23.0,15.837626
2025-01,ІМ-Розетка,DS0990h,14.0,5.1772785
2025-02,ІМ-Розетка,DS0990h,8.0,2.5998206
2025-03,ІМ-Розетка,DS0990h,1.0,1.6938198
2025-04,ІМ-Розетка,DS0990h,0.0,0.15683927
2025-05,ІМ-Розетка,DS0990h,0.0,0.0
2025-06,ІМ-Розетка,DS0990h,0.0,0.35225505
2024-07,Акварель,DS0990h,14.0,4.2109
2024-08,Акварель,DS0990h,9.0,3.8111894
2024-09,Акварель,DS0990h,6.0,3.652671
2024-10,Акварель,DS0990h,14.0,5.000598
2024-11,Акварель,DS0990h,20.0,7.3663363
2024-12,Акварель,DS0990h,38.0,17.369913
2025-01,Акварель,DS0990h,15.0,7.9965143
2025-02,Акварель,DS0990h,14.0,7.269607
2025-03,Акварель,DS0990h,16.0,8.362523
2025-04,Акварель,DS0990h,10.0,4.580939
2025-05,Акварель,DS0990h,10.0,4.348207
2025-06,Акварель,DS0990h,10.0,3.2830818
2024-07,БІ,DS0990h,23.0,10.844524
2024-08,БІ,DS0990h,16.0,8.243473
2024-09,БІ,DS0990h,14.0,7.8815846
2024-10,БІ,DS0990h,22.0,11.096909
2024-11,БІ,DS0990h,24.0,13.947586
2024-12,БІ,DS0990h,32.0,27.21747
2025-01,БІ,DS0990h,21.0,10.958695
2025-02,БІ,DS0990h,19.0,13.421649
2025-03,БІ,DS0990h,28.0,13.12223
2025-04,БІ,DS0990h,18.0,7.8832555
2025-05,БІ,DS0990h,19.0,7.4371367
2025-06,БІ,DS0990h,8.0,6.972661
2024-07,Віват Канцелярія,DS0990h,2.0,0.66104996
2024-08,Віват Канцелярія,DS0990h,1.0,0.48332876
2024-09,Віват Канцелярія,DS0990h,3.0,0.6024101
2024-10,Віват Канцелярія,DS0990h,5.0,0.7156704
2024-11,Віват Канцелярія,DS0990h,7.0,1.4345409
2024-12,Віват Канцелярія,DS0990h,15.0,6.024118
2025-01,Віват Канцелярія,DS0990h,5.0,2.3448083
2025-02,Віват Канцелярія,DS0990h,7.0,2.103701
2025-03,Віват Канцелярія,DS0990h,4.0,2.2718768
2025-04,Віват Канцелярія,DS0990h,2.0,1.076219
2025-05,Віват Канцелярія,DS0990h,0.0,1.0017996
2025-06,Віват Канцелярія,DS0990h,4.0,0.3032738
2024-07,Епіцентр,DS0990h,9.0,2.4638937
2024-08,Епіцентр,DS0990h,11.0,1.992007
2024-09,Епіцентр,DS0990h,2.0,2.4580588
2024-10,Епіцентр,DS0990h,7.0,2.0378335
2024-11,Епіцентр,DS0990h,16.0,3.910142
2024-12,Епіцентр,DS0990h,39.0,14.354939
2025-01,Епіцентр,DS0990h,13.0,5.462345
2025-02,Епіцентр,DS0990h,11.0,4.406075
2025-03,Епіцентр,DS0990h,15.0,4.355494
2025-04,Епіцентр,DS0990h,0.0,2.8501472
2025-05,Епіцентр,DS0990h,4.0,1.3662242
2025-06,Епіцентр,DS0990h,4.0,1.4672813
2024-07,МайПлей,DS0990h,2.0,0.32746226
2024-08,МайПлей,DS0990h,0.0,0.0
2024-09,МайПлей,DS0990h,3.0,0.0033603017
2024-10,МайПлей,DS0990h,2.0,0.37379742
2024-11,МайПлей,DS0990h,0.0,0.38508135
2024-12,МайПлей,DS0990h,5.0,1.8762519
2025-01,МайПлей,DS0990h,2.0,0.7084771
2025-02,МайПлей,DS0990h,5.0,0.48311216
2025-03,МайПлей,DS0990h,1.0,0.5763648
2025-04,МайПлей,DS0990h,2.0,0.31799117
2025-05,МайПлей,DS0990h,2.0,0.26106778
2025-06,МайПлей,DS0990h,2.0,0.00755245
2024-07,Мегамаркет,DS0990h,1.0,0.0
2024-08,Мегамаркет,DS0990h,1.0,0.0
2024-09,Мегамаркет,DS0990h,1.0,0.0
2024-10,Мегамаркет,DS0990h,0.0,0.0
2024-11,Мегамаркет,DS0990h,0.0,0.0
2024-12,Мегамаркет,DS0990h,1.0,0.46612173
2025-01,Мегамаркет,DS0990h,0.0,0.0
2025-02,Мегамаркет,DS0990h,2.0,0.0
2025-03,Мегамаркет,DS0990h,0.0,0.0
2025-04,Мегамаркет,DS0990h,0.0,0.0
2025-05,Мегамаркет,DS0990h,0.0,0.0
2025-06,Мегамаркет,DS0990h,0.0,0.0
2024-07,Монако,DS0990h,1.0,0.0
2024-08,Монако,DS0990h,1.0,0.0
2024-09,Монако,DS0990h,0.0,0.0
2024-10,Монако,DS0990h,2.0,0.16471015
2024-11,Монако,DS0990h,4.0,0.70860565
2024-12,Монако,DS0990h,0.0,0.25228214
2025-01,Монако,DS0990h,0.0,0.0
2025-02,Монако,DS0990h,2.0,0.44227964
2025-03,Монако,DS0990h,3.0,0.33096054
2025-04,Монако,DS0990h,0.0,0.0
2025-05,Монако,DS0990h,0.0,0.0
2025-06,Монако,DS0990h,0.0,0.0
2024-07,Росицька ФОП,DS0990h,0.0,0.0
2024-08,Росицька ФОП,DS0990h,0.0,0.0
2024-09,Росицька ФОП,DS0990h,0.0,0.0
2024-10,Росицька ФОП,DS0990h,0.0,0.0
2024-11,Росицька ФОП,DS0990h,0.0,0.0
2024-12,Росицька ФОП,DS0990h,1.0,0.0
2025-01,Росицька ФОП,DS0990h,1.0,0.0
2025-02,Росицька ФОП,DS0990h,1.0,0.0
2025-03,Росицька ФОП,DS0990h,0.0,0.0
2025-04,Росицька ФОП,DS0990h,0.0,0.0
2025-05,Росицька ФОП,DS0990h,0.0,0.0
2025-06,Росицька ФОП,DS0990h,0.0,0.0
2024-07,Смайл,DS0990h,1.0,0.0
2024-08,Смайл,DS0990h,0.0,0.0
2024-09,Смайл,DS0990h,0.0,0.0
2024-10,Смайл,DS0990h,0.0,0.0
2024-11,Смайл,DS0990h,1.0,0.15824793
2024-12,Смайл,DS0990h,0.0,0.0
2025-01,Смайл,DS0990h,0.0,0.0
2025-02,Смайл,DS0990h,0.0,0.0
2025-03,Смайл,DS0990h,0.0,0.0
2025-04,Смайл,DS0990h,1.0,0.0
2025-05,Смайл,DS0990h,0.0,0.0
2025-06,Смайл,DS0990h,1.0,0.0
2024-07,Смік,DS0990h,2.0,0.2664825
2024-08,Смік,DS0990h,1.0,0.09331952
2024-09,Смік,DS0990h,1.0,0.0
2024-10,Смік,DS0990h,1.0,0.28201064
2024-11,Смік,DS0990h,2.0,0.42446142
2024-12,Смік,DS0990h,4.0,1.2586471
2025-01,Смік,DS0990h,1.0,0.31841043
2025-02,Смік,DS0990h,2.0,0.29757634
2025-03,Смік,DS0990h,2.0,0.5797472
2025-04,Смік,DS0990h,2.0,0.1482146
2025-05,Смік,DS0990h,0.0,0.05385364
2025-06,Смік,DS0990h,0.0,0.0
2024-07,Акварель,DS0991h,4.0,1.1719503
2024-08,Акварель,DS0991h,0.0,0.00093104044
2024-09,Акварель,DS0991h,2.0,0.7744137
2024-10,Акварель,DS0991h,2.0,1.0309236
2024-11,Акварель,DS0991h,2.0,1.2686543
2024-12,Акварель,DS0991h,4.0,5.6020827
2025-01,Акварель,DS0991h,1.0,0.82349986
2025-02,Акварель,DS0991h,1.0,0.6371381
2025-03,Акварель,DS0991h,2.0,0.7766789
2025-04,Акварель,DS0991h,0.0,0.0
2025-05,Акварель,DS0991h,0.0,0.0
2025-06,Акварель,DS0991h,3.0,0.33372876
2024-07,Віват Канцелярія,DS0991h,0.0,0.0
2024-08,Віват Канцелярія,DS0991h,2.0,0.4122434
2024-09,Віват Канцелярія,DS0991h,3.0,0.5857956
2024-10,Віват Канцелярія,DS0991h,3.0,0.7183606
2024-11,Віват Канцелярія,DS0991h,2.0,0.6095956
2024-12,Віват Канцелярія,DS0991h,6.0,2.9001513
2025-01,Віват Канцелярія,DS0991h,2.0,0.7636516
2025-02,Віват Канцелярія,DS0991h,1.0,0.7284339
2025-03,Віват Канцелярія,DS0991h,1.0,0.6581564
2025-04,Віват Канцелярія,DS0991h,0.0,0.0
2025-05,Віват Канцелярія,DS0991h,1.0,0.096469395
2025-06,Віват Канцелярія,DS0991h,1.0,0.4937194
2024-07,Епіцентр,DS0991h,3.0,0.4660457
2024-08,Епіцентр,DS0991h,0.0,0.0
2024-09,Епіцентр,DS0991h,0.0,0.0
2024-10,Епіцентр,DS0991h,2.0,0.30742204
2024-11,Епіцентр,DS0991h,1.0,0.48201728
2024-12,Епіцентр,DS0991h,3.0,2.255495
2025-01,Епіцентр,DS0991h,0.0,0.0
2025-02,Епіцентр,DS0991h,1.0,0.12149296
2025-03,Епіцентр,DS0991h,0.0,0.0
2025-04,Епіцентр,DS0991h,0.0,0.0
2025-05,Епіцентр,DS0991h,0.0,0.0
2025-06,Епіцентр,DS0991h,0.0,0.0
2024-07,ІМ-Розетка,DS0992h,3.0,0.61966586
2024-08,ІМ-Розетка,DS0992h,0.0,0.1357481
2024-09,ІМ-Розетка,DS0992h,0.0,0.0
2024-10,ІМ-Розетка,DS0992h,1.0,0.4391843
2024-11,ІМ-Розетка,DS0992h,3.0,1.4974207
2024-12,ІМ-Розетка,DS0992h,15.0,6.6659536
2025-01,ІМ-Розетка,DS0992h,2.0,1.2205971
2025-02,ІМ-Розетка,DS0992h,1.0,0.40960315
2025-03,ІМ-Розетка,DS0992h,2.0,0.5525308
2025-04,ІМ-Розетка,DS0992h,0.0,0.090175964
2025-05,ІМ-Розетка,DS0992h,0.0,0.0
2025-06,ІМ-Розетка,DS0992h,2.0,0.0
2024-07,Акварель,DS0992h,4.0,2.956831
2024-08,Акварель,DS0992h,3.0,1.716491
2024-09,Акварель,DS0992h,2.0,1.8559952
2024-10,Акварель,DS0992h,9.0,2.4330473
2024-11,Акварель,DS0992h,6.0,3.749198
2024-12,Акварель,DS0992h,12.0,10.128596
2025-01,Акварель,DS0992h,12.0,3.302726
2025-02,Акварель,DS0992h,4.0,3.485101
2025-03,Акварель,DS0992h,10.0,2.9862545
2025-04,Акварель,DS0992h,2.0,2.2915232
2025-05,Акварель,DS0992h,4.0,2.1271794
2025-06,Акварель,DS0992h,3.0,2.4177427
2024-07,БІ,DS0992h,5.0,4.0491447
2024-08,БІ,DS0992h,9.0,3.1731668
2024-09,БІ,DS0992h,3.0,4.370879
2024-10,БІ,DS0992h,8.0,3.7186635
2024-11,БІ,DS0992h,9.0,6.6059957
2024-12,БІ,DS0992h,43.0,14.997257
2025-01,БІ,DS0992h,23.0,9.484303
2025-02,БІ,DS0992h,16.0,10.3142805
2025-03,БІ,DS0992h,17.0,8.912346
2025-04,БІ,DS0992h,9.0,4.718452
2025-05,БІ,DS0992h,3.0,4.355539
2025-06,БІ,DS0992h,8.0,5.3538246
2024-07,Віват Канцелярія,DS0992h,5.0,1.3955257
2024-08,Віват Канцелярія,DS0992h,0.0,0.79091907
2024-09,Віват Канцелярія,DS0992h,2.0,0.77752817
2024-10,Віват Канцелярія,DS0992h,2.0,0.98648924
2024-11,Віват Канцелярія,DS0992h,3.0,1.0366492
2024-12,Віват Канцелярія,DS0992h,13.0,4.9513664
2025-01,Віват Канцелярія,DS0992h,3.0,1.3598964
2025-02,Віват Канцелярія,DS0992h,2.0,1.6781744
2025-03,Віват Канцелярія,DS0992h,1.0,1.2212845
2025-04,Віват Канцелярія,DS0992h,1.0,0.7488567
2025-05,Віват Канцелярія,DS0992h,2.0,0.70268834
2025-06,Віват Канцелярія,DS0992h,1.0,0.78811294
2024-07,Епіцентр,DS0992h,4.0,1.005776
2024-08,Епіцентр,DS0992h,6.0,0.5359302
2024-09,Епіцентр,DS0992h,3.0,0.91432714
2024-10,Епіцентр,DS0992h,1.0,1.347047
2024-11,Епіцентр,DS0992h,10.0,1.9519998
2024-12,Епіцентр,DS0992h,17.0,8.928363
2025-01,Епіцентр,DS0992h,4.0,2.2138145
2025-02,Епіцентр,DS0992h,3.0,2.207738
2025-03,Епіцентр,DS0992h,8.0,1.3953911
2025-04,Епіцентр,DS0992h,0.0,1.0692631
2025-05,Епіцентр,DS0992h,1.0,1.2500308
2025-06,Епіцентр,DS0992h,1.0,0.8965753
2024-07,Кубі,DS0992h,1.0,0.0
2024-08,Кубі,DS0992h,1.0,0.0
2024-09,Кубі,DS0992h,0.0,0.0
2024-10,Кубі,DS0992h,1.0,0.07186833
2024-11,Кубі,DS0992h,1.0,0.2571378
2024-12,Кубі,DS0992h,1.0,0.39169765
2025-01,Кубі,DS0992h,3.0,0.45033702
2025-02,Кубі,DS0992h,0.0,0.0
2025-03,Кубі,DS0992h,3.0,0.33177727
2025-04,Кубі,DS0992h,0.0,0.0
2025-05,Кубі,DS0992h,0.0,0.0
2025-06,Кубі,DS0992h,2.0,0.0462314
2024-07,МайПлей,DS0992h,0.0,0.07522836
2024-08,МайПлей,DS0992h,0.0,0.0
2024-09,МайПлей,DS0992h,1.0,0.0
2024-10,МайПлей,DS0992h,0.0,0.07973514
2024-11,МайПлей,DS0992h,0.0,0.012771773
2024-12,МайПлей,DS0992h,6.0,1.483797
2025-01,МайПлей,DS0992h,1.0,0.47628537
2025-02,МайПлей,DS0992h,1.0,0.38986453
2025-03,МайПлей,DS0992h,0.0,0.25616175
2025-04,МайПлей,DS0992h,1.0,0.07656069
2025-05,МайПлей,DS0992h,0.0,0.0
2025-06,МайПлей,DS0992h,1.0,0.0
2024-07,Мегамаркет,DS0992h,2.0,0.0
2024-08,Мегамаркет,DS0992h,1.0,0.0
2024-09,Мегамаркет,DS0992h,0.0,0.0
2024-10,Мегамаркет,DS0992h,1.0,0.0
2024-11,Мегамаркет,DS0992h,1.0,0.0
2024-12,Мегамаркет,DS0992h,3.0,0.62680113
2025-01,Мегамаркет,DS0992h,2.0,0.03055923
2025-02,Мегамаркет,DS0992h,1.0,0.0
2025-03,Мегамаркет,DS0992h,0.0,0.0
2025-04,Мегамаркет,DS0992h,0.0,0.0
2025-05,Мегамаркет,DS0992h,1.0,0.0
2025-06,Мегамаркет,DS0992h,2.0,0.0
2024-07,Монако,DS0992h,1.0,0.19260466
2024-08,Монако,DS0992h,0.0,0.0
2024-09,Монако,DS0992h,0.0,0.0
2024-10,Монако,DS0992h,1.0,0.15478684
2024-11,Монако,DS0992h,4.0,0.6584272
2024-12,Монако,DS0992h,0.0,0.24911849
2025-01,Монако,DS0992h,0.0,0.0
2025-02,Монако,DS0992h,3.0,0.3910351
2025-03,Монако,DS0992h,1.0,0.49250123
2025-04,Монако,DS0992h,1.0,0.24419932
2025-05,Монако,DS0992h,0.0,0.0
2025-06,Монако,DS0992h,1.0,0.21780367
2024-07,Смайл,DS0992h,0.0,0.0
2024-08,Смайл,DS0992h,0.0,0.0
2024-09,Смайл,DS0992h,0.0,0.0
2024-10,Смайл,DS0992h,0.0,0.0
2024-11,Смайл,DS0992h,1.0,0.13039741
2024-12,Смайл,DS0992h,0.0,0.0
2025-01,Смайл,DS0992h,0.0,0.0
2025-02,Смайл,DS0992h,0.0,0.0
2025-03,Смайл,DS0992h,0.0,0.0
2025-04,Смайл,DS0992h,1.0,0.0
2025-05,Смайл,DS0992h,0.0,0.0
2025-06,Смайл,DS0992h,0.0,0.0
2024-07,Смік,DS0992h,1.0,0.2259947
2024-08,Смік,DS0992h,2.0,0.06535511
2024-09,Смік,DS0992h,2.0,0.3161353
2024-10,Смік,DS0992h,0.0,0.43722096
2024-11,Смік,DS0992h,2.0,0.05237671
2024-12,Смік,DS0992h,3.0,0.80881673
2025-01,Смік,DS0992h,0.0,0.23405436
2025-02,Смік,DS0992h,2.0,0.0
2025-03,Смік,DS0992h,0.0,0.55768836
2025-04,Смік,DS0992h,1.0,0.0
2025-05,Смік,DS0992h,0.0,0.0
2025-06,Смік,DS0992h,0.0,0.0
2024-07,Мегамаркет,DS1011h,1.0,0.0
2024-08,Мегамаркет,DS1011h,0.0,0.0
2024-09,Мегамаркет,DS1011h,0.0,0.0
2024-10,Мегамаркет,DS1011h,1.0,0.0
2024-11,Мегамаркет,DS1011h,0.0,0.0
2024-12,Мегамаркет,DS1011h,2.0,0.0
2025-01,Мегамаркет,DS1011h,0.0,0.0
2025-02,Мегамаркет,DS1011h,0.0,0.0
2025-03,Мегамаркет,DS1011h,1.0,0.0
2025-04,Мегамаркет,DS1011h,1.0,0.0
2025-05,Мегамаркет,DS1011h,0.0,0.0
2025-06,Мегамаркет,DS1011h,0.0,0.0
2024-07,Акварель,DS1030h,3.0,1.4138895
2024-08,Акварель,DS1030h,8.0,2.4538524
2024-09,Акварель,DS1030h,4.0,2.5813324
2024-10,Акварель,DS1030h,3.0,3.1944585
2024-11,Акварель,DS1030h,13.0,3.366819
2024-12,Акварель,DS1030h,25.0,9.723445
2025-01,Акварель,DS1030h,6.0,3.5168028
2025-02,Акварель,DS1030h,9.0,3.120136
2025-03,Акварель,DS1030h,6.0,3.7603064
2025-04,Акварель,DS1030h,5.0,2.405532
2025-05,Акварель,DS1030h,6.0,2.4437397
2025-06,Акварель,DS1030h,9.0,3.0052726
2024-07,Антошка,DS1030h,3.0,0.8050306
2024-08,Антошка,DS1030h,3.0,0.7957903
2024-09,Антошка,DS1030h,0.0,0.88143265
2024-10,Антошка,DS1030h,5.0,1.2264206
2024-11,Антошка,DS1030h,3.0,1.4612348
2024-12,Антошка,DS1030h,5.0,4.595972
2025-01,Антошка,DS1030h,1.0,1.1806296
2025-02,Антошка,DS1030h,0.0,1.0779948
2025-03,Антошка,DS1030h,9.0,0.8084944
2025-04,Антошка,DS1030h,4.0,1.5483855
2025-05,Антошка,DS1030h,1.0,0.9890316
2025-06,Антошка,DS1030h,3.0,1.4784931
2024-07,БІ,DS1030h,9.0,3.9574883
2024-08,БІ,DS1030h,7.0,4.0418596
2024-09,БІ,DS1030h,8.0,4.359146
2024-10,БІ,DS1030h,22.0,7.0348005
2024-11,БІ,DS1030h,14.0,9.752466
2024-12,БІ,DS1030h,36.0,21.538212
2025-01,БІ,DS1030h,9.0,7.774041
2025-02,БІ,DS1030h,15.0,6.1124234
2025-03,БІ,DS1030h,11.0,5.545848
2025-04,БІ,DS1030h,4.0,3.2061782
2025-05,БІ,DS1030h,4.0,3.0783765
2025-06,БІ,DS1030h,4.0,4.4412036
2024-07,Віват Канцелярія,DS1030h,1.0,0.2052045
2024-08,Віват Канцелярія,DS1030h,0.0,0.50650245
2024-09,Віват Канцелярія,DS1030h,0.0,0.3548654
2024-10,Віват Канцелярія,DS1030h,4.0,0.5301919
2024-11,Віват Канцелярія,DS1030h,2.0,0.5784406
2024-12,Віват Канцелярія,DS1030h,12.0,3.3473444
2025-01,Віват Канцелярія,DS1030h,5.0,1.069329
2025-02,Віват Канцелярія,DS1030h,3.0,1.3485827
2025-03,Віват Канцелярія,DS1030h,1.0,0.99600464
2025-04,Віват Канцелярія,DS1030h,2.0,0.46507677
2025-05,Віват Канцелярія,DS1030h,2.0,0.2653312
2025-06,Віват Канцелярія,DS1030h,1.0,0.46370482
2024-07,Епіцентр,DS1030h,2.0,0.3095364
2024-08,Епіцентр,DS1030h,3.0,0.48203883
2024-09,Епіцентр,DS1030h,4.0,0.842946
2024-10,Епіцентр,DS1030h,2.0,0.9796754
2024-11,Епіцентр,DS1030h,7.0,1.6019558
2024-12,Епіцентр,DS1030h,20.0,6.014398
2025-01,Епіцентр,DS1030h,6.0,2.1235402
2025-02,Епіцентр,DS1030h,5.0,2.1210613
2025-03,Епіцентр,DS1030h,10.0,1.2444084
2025-04,Епіцентр,DS1030h,0.0,1.3673519
2025-05,Епіцентр,DS1030h,1.0,1.2294978
2025-06,Епіцентр,DS1030h,3.0,1.2862141
2024-07,Монако,DS1030h,1.0,0.0
2024-08,Монако,DS1030h,1.0,0.072457865
2024-09,Монако,DS1030h,0.0,0.0
2024-10,Монако,DS1030h,1.0,0.14569758
2024-11,Монако,DS1030h,3.0,0.43208563
2024-12,Монако,DS1030h,0.0,0.16680942
2025-01,Монако,DS1030h,0.0,0.0
2025-02,Монако,DS1030h,1.0,0.23487787
2025-03,Монако,DS1030h,0.0,0.0
2025-04,Монако,DS1030h,0.0,0.0
2025-05,Монако,DS1030h,0.0,0.0
2025-06,Монако,DS1030h,1.0,0.0
2024-07,Чудо Острів,DS1030h,3.0,1.2067664
2024-08,Чудо Острів,DS1030h,1.0,0.763655
2024-09,Чудо Острів,DS1030h,3.0,1.0160943
2024-10,Чудо Острів,DS1030h,4.0,1.4117004
2024-11,Чудо Острів,DS1030h,3.0,1.3669876
2024-12,Чудо Острів,DS1030h,10.0,4.784814
2025-01,Чудо Острів,DS1030h,2.0,0.96325773
2025-02,Чудо Острів,DS1030h,6.0,1.1051134
2025-03,Чудо Острів,DS1030h,4.0,0.9577452
2025-04,Чудо Острів,DS1030h,0.0,0.54319584
2025-05,Чудо Острів,DS1030h,3.0,0.35843897
2025-06,Чудо Острів,DS1030h,1.0,0.7430573
2024-07,Акварель,DS1051h,6.0,1.690443
2024-08,Акварель,DS1051h,8.0,2.2463956
2024-09,Акварель,DS1051h,0.0,2.2120657
2024-10,Акварель,DS1051h,7.0,1.9284601
2024-11,Акварель,DS1051h,9.0,3.6785839
2024-12,Акварель,DS1051h,25.0,12.777034
2025-01,Акварель,DS1051h,19.0,5.7002187
2025-02,Акварель,DS1051h,10.0,3.2483606
2025-03,Акварель,DS1051h,5.0,3.3468552
2025-04,Акварель,DS1051h,7.0,2.3669727
2025-05,Акварель,DS1051h,8.0,1.6870316
2025-06,Акварель,DS1051h,2.0,1.5406994
2024-07,Антошка,DS1051h,3.0,1.2455219
2024-08,Антошка,DS1051h,6.0,2.066524
2024-09,Антошка,DS1051h,5.0,2.1251686
2024-10,Антошка,DS1051h,7.0,1.4768308
2024-11,Антошка,DS1051h,8.0,2.480987
2024-12,Антошка,DS1051h,23.0,11.4952545
2025-01,Антошка,DS1051h,12.0,5.525589
2025-02,Антошка,DS1051h,6.0,3.1436121
2025-03,Антошка,DS1051h,2.0,1.8582042
2025-04,Антошка,DS1051h,3.0,1.6844509
2025-05,Антошка,DS1051h,2.0,1.2337066
2025-06,Антошка,DS1051h,3.0,1.293509
2024-07,БІ,DS1051h,7.0,4.679333
2024-08,БІ,DS1051h,21.0,6.6287575
2024-09,БІ,DS1051h,18.0,9.724943
2024-10,БІ,DS1051h,27.0,6.178482
2024-11,БІ,DS1051h,29.0,10.631445
2024-12,БІ,DS1051h,87.0,33.77003
2025-01,БІ,DS1051h,38.0,20.827063
2025-02,БІ,DS1051h,7.0,11.975691
2025-03,БІ,DS1051h,16.0,6.911117
2025-04,БІ,DS1051h,19.0,7.6656904
2025-05,БІ,DS1051h,16.0,6.183264
2025-06,БІ,DS1051h,7.0,6.04562
2024-07,Віват Канцелярія,DS1051h,0.0,0.0
2024-08,Віват Канцелярія,DS1051h,1.0,0.0
2024-09,Віват Канцелярія,DS1051h,0.0,0.0
2024-10,Віват Канцелярія,DS1051h,1.0,0.0
2024-11,Віват Канцелярія,DS1051h,2.0,0.33367804
2024-12,Віват Канцелярія,DS1051h,0.0,2.8474567
2025-01,Віват Канцелярія,DS1051h,1.0,0.0
2025-02,Віват Канцелярія,DS1051h,0.0,0.0
2025-03,Віват Канцелярія,DS1051h,0.0,0.0
2025-04,Віват Канцелярія,DS1051h,2.0,0.0
2025-05,Віват Канцелярія,DS1051h,2.0,0.0
2025-06,Віват Канцелярія,DS1051h,1.0,0.0
2024-07,Епіцентр,DS1051h,4.0,0.43376017
2024-08,Епіцентр,DS1051h,0.0,0.5795685
2024-09,Епіцентр,DS1051h,3.0,0.6026504
2024-10,Епіцентр,DS1051h,3.0,0.4963175
2024-11,Епіцентр,DS1051h,6.0,1.1594368
2024-12,Епіцентр,DS1051h,20.0,6.140841
2025-01,Епіцентр,DS1051h,10.0,2.8183658
2025-02,Епіцентр,DS1051h,5.0,1.8176668
2025-03,Епіцентр,DS1051h,8.0,0.99795055
2025-04,Епіцентр,DS1051h,0.0,0.006918531
2025-05,Епіцентр,DS1051h,2.0,1.171345
2025-06,Епіцентр,DS1051h,5.0,0.47590458
2024-07,Клас,DS1051h,0.0,0.0
2024-08,Клас,DS1051h,0.0,0.0
2024-09,Клас,DS1051h,0.0,0.0
2024-10,Клас,DS1051h,0.0,0.0
2024-11,Клас,DS1051h,1.0,0.0
2024-12,Клас,DS1051h,2.0,0.11016889
2025-01,Клас,DS1051h,0.0,0.0
2025-02,Клас,DS1051h,0.0,0.0
2025-03,Клас,DS1051h,1.0,0.0
2025-04,Клас,DS1051h,0.0,0.0
2025-05,Клас,DS1051h,0.0,0.0
2025-06,Клас,DS1051h,0.0,0.0
2024-07,МайПлей,DS1051h,3.0,0.3911977
2024-08,МайПлей,DS1051h,1.0,0.44620195
2024-09,МайПлей,DS1051h,4.0,0.7545824
2024-10,МайПлей,DS1051h,1.0,0.26696843
2024-11,МайПлей,DS1051h,4.0,0.79332036
2024-12,МайПлей,DS1051h,7.0,3.8759239
2025-01,МайПлей,DS1051h,2.0,0.80198216
2025-02,МайПлей,DS1051h,2.0,0.53610677
2025-03,МайПлей,DS1051h,0.0,0.19405618
2025-04,МайПлей,DS1051h,2.0,0.47192523
2025-05,МайПлей,DS1051h,3.0,0.25899222
2025-06,МайПлей,DS1051h,0.0,0.0
2024-07,Мегамаркет,DS1051h,0.0,0.0
2024-08,Мегамаркет,DS1051h,0.0,0.0
2024-09,Мегамаркет,DS1051h,1.0,0.0
2024-10,Мегамаркет,DS1051h,0.0,0.0
2024-11,Мегамаркет,DS1051h,0.0,0.0
2024-12,Мегамаркет,DS1051h,3.0,0.55121756
2025-01,Мегамаркет,DS1051h,1.0,0.0
2025-02,Мегамаркет,DS1051h,2.0,0.0
2025-03,Мегамаркет,DS1051h,2.0,0.0
2025-04,Мегамаркет,DS1051h,1.0,0.0
2025-05,Мегамаркет,DS1051h,1.0,0.0
2025-06,Мегамаркет,DS1051h,0.0,0.0
2024-07,ІМ-Розетка,DS1052h,1.0,0.0
2024-08,ІМ-Розетка,DS1052h,1.0,0.024638059
2024-09,ІМ-Розетка,DS1052h,1.0,0.3177367
2024-10,ІМ-Розетка,DS1052h,0.0,0.0
2024-11,ІМ-Розетка,DS1052h,2.0,0.32059094
2024-12,ІМ-Розетка,DS1052h,6.0,1.5423552
2025-01,ІМ-Розетка,DS1052h,1.0,0.25521085
2025-02,ІМ-Розетка,DS1052h,3.0,0.3036116
2025-03,ІМ-Розетка,DS1052h,1.0,0.22980087
2025-04,ІМ-Розетка,DS1052h,0.0,0.0
2025-05,ІМ-Розетка,DS1052h,0.0,0.0
2025-06,ІМ-Розетка,DS1052h,0.0,0.0
2024-07,Акварель,DS1052h,0.0,0.5803816
2024-08,Акварель,DS1052h,5.0,1.4408584
2024-09,Акварель,DS1052h,6.0,1.5149684
2024-10,Акварель,DS1052h,2.0,0.9821521
2024-11,Акварель,DS1052h,4.0,1.9112749
2024-12,Акварель,DS1052h,19.0,8.847941
2025-01,Акварель,DS1052h,5.0,2.859243
2025-02,Акварель,DS1052h,3.0,1.0271602
2025-03,Акварель,DS1052h,5.0,1.5837604
2025-04,Акварель,DS1052h,4.0,1.1921477
2025-05,Акварель,DS1052h,3.0,1.312259
2025-06,Акварель,DS1052h,4.0,2.4859245
2024-07,Антошка,DS1052h,2.0,0.70078754
2024-08,Антошка,DS1052h,0.0,1.126901
2024-09,Антошка,DS1052h,3.0,0.84879786
2024-10,Антошка,DS1052h,6.0,0.6861232
2024-11,Антошка,DS1052h,2.0,1.2841666
2024-12,Антошка,DS1052h,17.0,7.1103873
2025-01,Антошка,DS1052h,6.0,2.9889147
2025-02,Антошка,DS1052h,2.0,1.0266695
2025-03,Антошка,DS1052h,3.0,1.009711
2025-04,Антошка,DS1052h,2.0,0.900949
2025-05,Антошка,DS1052h,5.0,0.89977777
2025-06,Антошка,DS1052h,3.0,2.1949959
2024-07,БІ,DS1052h,2.0,2.5920591
2024-08,БІ,DS1052h,11.0,4.069298
2024-09,БІ,DS1052h,16.0,4.940853
2024-10,БІ,DS1052h,3.0,3.5660005
2024-11,БІ,DS1052h,5.0,3.019146
2024-12,БІ,DS1052h,25.0,15.174144
2025-01,БІ,DS1052h,5.0,5.1719255
2025-02,БІ,DS1052h,1.0,2.5080848
2025-03,БІ,DS1052h,3.0,1.6239213
2025-04,БІ,DS1052h,1.0,1.2980291
2025-05,БІ,DS1052h,3.0,1.057301
2025-06,БІ,DS1052h,3.0,2.5065844
2024-07,Віват Канцелярія,DS1052h,0.0,0.0
2024-08,Віват Канцелярія,DS1052h,0.0,0.0
2024-09,Віват Канцелярія,DS1052h,0.0,0.0
2024-10,Віват Канцелярія,DS1052h,0.0,0.0
2024-11,Віват Канцелярія,DS1052h,0.0,0.0
2024-12,Віват Канцелярія,DS1052h,1.0,0.50814587
2025-01,Віват Канцелярія,DS1052h,0.0,0.0
2025-02,Віват Канцелярія,DS1052h,0.0,0.0
2025-03,Віват Канцелярія,DS1052h,1.0,0.0
2025-04,Віват Канцелярія,DS1052h,0.0,0.0
2025-05,Віват Канцелярія,DS1052h,0.0,0.0
2025-06,Віват Канцелярія,DS1052h,0.0,0.0
2024-07,Епіцентр,DS1052h,3.0,0.22386795
2024-08,Епіцентр,DS1052h,5.0,0.3571554
2024-09,Епіцентр,DS1052h,0.0,0.2593163
2024-10,Епіцентр,DS1052h,4.0,0.41394916
2024-11,Епіцентр,DS1052h,4.0,0.83537436
2024-12,Епіцентр,DS1052h,16.0,4.7403913
2025-01,Епіцентр,DS1052h,6.0,1.9294244
2025-02,Епіцентр,DS1052h,2.0,0.9468471
2025-03,Епіцентр,DS1052h,3.0,0.3459361
2025-04,Епіцентр,DS1052h,0.0,0.44778925
2025-05,Епіцентр,DS1052h,3.0,0.62044686
2025-06,Епіцентр,DS1052h,2.0,0.662183
2024-07,Клас,DS1052h,1.0,0.0
2024-08,Клас,DS1052h,0.0,0.0
2024-09,Клас,DS1052h,0.0,0.0
2024-10,Клас,DS1052h,2.0,0.0
2024-11,Клас,DS1052h,1.0,0.0
2024-12,Клас,DS1052h,1.0,0.13548446
2025-01,Клас,DS1052h,0.0,0.0
2025-02,Клас,DS1052h,1.0,0.0
2025-03,Клас,DS1052h,1.0,0.0
2025-04,Клас,DS1052h,1.0,0.0
2025-05,Клас,DS1052h,0.0,0.0
2025-06,Клас,DS1052h,0.0,0.0
2024-07,МайПлей,DS1052h,1.0,0.099679664
2024-08,МайПлей,DS1052h,1.0,0.25098637
2024-09,МайПлей,DS1052h,3.0,0.32501858
2024-10,МайПлей,DS1052h,0.0,0.17633882
2024-11,МайПлей,DS1052h,1.0,0.103999615
2024-12,МайПлей,DS1052h,6.0,2.0558362
2025-01,МайПлей,DS1052h,2.0,0.5213307
2025-02,МайПлей,DS1052h,1.0,0.20303701
2025-03,МайПлей,DS1052h,1.0,0.017523661
2025-04,МайПлей,DS1052h,1.0,0.0
2025-05,МайПлей,DS1052h,2.0,0.0
2025-06,МайПлей,DS1052h,0.0,0.0
2024-07,Мегамаркет,DS1052h,0.0,0.0
2024-08,Мегамаркет,DS1052h,3.0,0.0
2024-09,Мегамаркет,DS1052h,0.0,0.0
2024-10,Мегамаркет,DS1052h,2.0,0.0
2024-11,Мегамаркет,DS1052h,0.0,0.0
2024-12,Мегамаркет,DS1052h,3.0,0.7170214
2025-01,Мегамаркет,DS1052h,2.0,0.015729062
2025-02,Мегамаркет,DS1052h,0.0,0.0
2025-03,Мегамаркет,DS1052h,0.0,0.0
2025-04,Мегамаркет,DS1052h,1.0,0.0
2025-05,Мегамаркет,DS1052h,0.0,0.0
2025-06,Мегамаркет,DS1052h,0.0,0.0
2024-07,Монако,DS1052h,1.0,0.0
2024-08,Монако,DS1052h,0.0,0.0
2024-09,Монако,DS1052h,0.0,0.0
2024-10,Монако,DS1052h,3.0,0.19003609
2024-11,Монако,DS1052h,2.0,0.14317305
2024-12,Монако,DS1052h,0.0,0.13935226
2025-01,Монако,DS1052h,0.0,0.0
2025-02,Монако,DS1052h,2.0,0.2814508
2025-03,Монако,DS1052h,2.0,0.019526627
2025-04,Монако,DS1052h,0.0,0.0
2025-05,Монако,DS1052h,0.0,0.0
2025-06,Монако,DS1052h,0.0,0.0
2024-07,РОСТ,DS1052h,1.0,0.0
2024-08,РОСТ,DS1052h,1.0,0.0
2024-09,РОСТ,DS1052h,0.0,0.0
2024-10,РОСТ,DS1052h,0.0,0.0
2024-11,РОСТ,DS1052h,0.0,0.0
2024-12,РОСТ,DS1052h,4.0,0.20110005
2025-01,РОСТ,DS1052h,1.0,0.0
2025-02,РОСТ,DS1052h,0.0,0.0
2025-03,РОСТ,DS1052h,2.0,0.0
2025-04,РОСТ,DS1052h,0.0,0.0
2025-05,РОСТ,DS1052h,0.0,0.0
2025-06,РОСТ,DS1052h,0.0,0.0
2024-07,ІМ-Розетка,DS1053h,0.0,0.0
2024-08,ІМ-Розетка,DS1053h,1.0,0.0
2024-09,ІМ-Розетка,DS1053h,0.0,0.0
2024-10,ІМ-Розетка,DS1053h,0.0,0.0
2024-11,ІМ-Розетка,DS1053h,1.0,0.0
2024-12,ІМ-Розетка,DS1053h,1.0,0.63592523
2025-01,ІМ-Розетка,DS1053h,1.0,0.123815864
2025-02,ІМ-Розетка,DS1053h,0.0,0.0
2025-03,ІМ-Розетка,DS1053h,0.0,0.0
2025-04,ІМ-Розетка,DS1053h,0.0,0.0
2025-05,ІМ-Розетка,DS1053h,5.0,0.0
2025-06,ІМ-Розетка,DS1053h,0.0,0.29255238
2024-07,Акварель,DS1053h,4.0,1.2922686
2024-08,Акварель,DS1053h,6.0,2.3550155
2024-09,Акварель,DS1053h,3.0,1.7305232
2024-10,Акварель,DS1053h,5.0,1.7884417
2024-11,Акварель,DS1053h,3.0,1.5302104
2024-12,Акварель,DS1053h,15.0,7.135455
2025-01,Акварель,DS1053h,7.0,3.1119585
2025-02,Акварель,DS1053h,3.0,1.2952075
2025-03,Акварель,DS1053h,5.0,1.9145001
2025-04,Акварель,DS1053h,4.0,1.4326636
2025-05,Акварель,DS1053h,7.0,1.2218547
2025-06,Акварель,DS1053h,5.0,1.6680516
2024-07,Антошка,DS1053h,2.0,0.7305305
2024-08,Антошка,DS1053h,3.0,0.78767264
2024-09,Антошка,DS1053h,2.0,0.7528992
2024-10,Антошка,DS1053h,0.0,0.3823069
2024-11,Антошка,DS1053h,3.0,0.6490119
2024-12,Антошка,DS1053h,10.0,4.3922615
2025-01,Антошка,DS1053h,5.0,1.6411873
2025-02,Антошка,DS1053h,4.0,0.5129114
2025-03,Антошка,DS1053h,3.0,0.29956275
2025-04,Антошка,DS1053h,2.0,0.8661137
2025-05,Антошка,DS1053h,5.0,0.6310405
2025-06,Антошка,DS1053h,1.0,0.96016663
2024-07,БІ,DS1053h,3.0,1.9906185
2024-08,БІ,DS1053h,11.0,4.1255217
2024-09,БІ,DS1053h,10.0,5.1265707
2024-10,БІ,DS1053h,2.0,3.6119928
2024-11,БІ,DS1053h,10.0,3.6375995
2024-12,БІ,DS1053h,24.0,14.751597
2025-01,БІ,DS1053h,11.0,5.3125386
2025-02,БІ,DS1053h,4.0,2.9930499
2025-03,БІ,DS1053h,5.0,1.578932
2025-04,БІ,DS1053h,5.0,1.3670734
2025-05,БІ,DS1053h,4.0,1.2030506
2025-06,БІ,DS1053h,7.0,2.208128
2024-07,Віват Канцелярія,DS1053h,0.0,0.0
2024-08,Віват Канцелярія,DS1053h,0.0,0.0
2024-09,Віват Канцелярія,DS1053h,0.0,0.0
2024-10,Віват Канцелярія,DS1053h,0.0,0.0
2024-11,Віват Канцелярія,DS1053h,0.0,0.0
2024-12,Віват Канцелярія,DS1053h,2.0,0.62818754
2025-01,Віват Канцелярія,DS1053h,0.0,0.0
2025-02,Віват Канцелярія,DS1053h,0.0,0.0
2025-03,Віват Канцелярія,DS1053h,1.0,0.0
2025-04,Віват Канцелярія,DS1053h,1.0,0.0
2025-05,Віват Канцелярія,DS1053h,1.0,0.0
2025-06,Віват Канцелярія,DS1053h,1.0,0.0
2024-07,Епіцентр,DS1053h,1.0,0.042601734
2024-08,Епіцентр,DS1053h,1.0,0.25608096
2024-09,Епіцентр,DS1053h,3.0,0.29986218
2024-10,Епіцентр,DS1053h,2.0,0.15529968
2024-11,Епіцентр,DS1053h,2.0,0.25790322
2024-12,Епіцентр,DS1053h,11.0,1.8146911
2025-01,Епіцентр,DS1053h,3.0,0.78701276
2025-02,Епіцентр,DS1053h,2.0,0.26434264
2025-03,Епіцентр,DS1053h,1.0,0.08132013
2025-04,Епіцентр,DS1053h,0.0,0.30133447
2025-05,Епіцентр,DS1053h,0.0,0.23322412
2025-06,Епіцентр,DS1053h,0.0,0.09620807
2024-07,Клас,DS1053h,0.0,0.0
2024-08,Клас,DS1053h,0.0,0.0
2024-09,Клас,DS1053h,0.0,0.0
2024-10,Клас,DS1053h,1.0,0.0
2024-11,Клас,DS1053h,1.0,0.0
2024-12,Клас,DS1053h,2.0,0.36265412
2025-01,Клас,DS1053h,0.0,0.0
2025-02,Клас,DS1053h,1.0,0.0
2025-03,Клас,DS1053h,0.0,0.0
2025-04,Клас,DS1053h,0.0,0.0
2025-05,Клас,DS1053h,1.0,0.0
2025-06,Клас,DS1053h,1.0,0.0
2024-07,Кубі,DS1053h,0.0,0.0
2024-08,Кубі,DS1053h,2.0,0.11527326
2024-09,Кубі,DS1053h,2.0,0.1642792
2024-10,Кубі,DS1053h,0.0,0.0
2024-11,Кубі,DS1053h,0.0,0.0
2024-12,Кубі,DS1053h,5.0,0.5548291
2025-01,Кубі,DS1053h,3.0,0.5583455
2025-02,Кубі,DS1053h,0.0,0.0
2025-03,Кубі,DS1053h,3.0,0.06786912
2025-04,Кубі,DS1053h,0.0,0.0
2025-05,Кубі,DS1053h,0.0,0.0
2025-06,Кубі,DS1053h,2.0,0.024030257
2024-07,МайПлей,DS1053h,1.0,0.0
2024-08,МайПлей,DS1053h,0.0,0.08313513
2024-09,МайПлей,DS1053h,0.0,0.21906509
2024-10,МайПлей,DS1053h,1.0,0.019436086
2024-11,МайПлей,DS1053h,0.0,0.0
2024-12,МайПлей,DS1053h,2.0,1.3275853
2025-01,МайПлей,DS1053h,3.0,0.25003818
2025-02,МайПлей,DS1053h,0.0,0.0
2025-03,МайПлей,DS1053h,1.0,0.0
2025-04,МайПлей,DS1053h,3.0,0.0
2025-05,МайПлей,DS1053h,1.0,0.0
2025-06,МайПлей,DS1053h,2.0,0.0
2024-07,Мегамаркет,DS1053h,0.0,0.0
2024-08,Мегамаркет,DS1053h,0.0,0.0
2024-09,Мегамаркет,DS1053h,0.0,0.0
2024-10,Мегамаркет,DS1053h,1.0,0.0
2024-11,Мегамаркет,DS1053h,0.0,0.0
2024-12,Мегамаркет,DS1053h,2.0,0.25161254
2025-01,Мегамаркет,DS1053h,2.0,0.0
2025-02,Мегамаркет,DS1053h,2.0,0.0
2025-03,Мегамаркет,DS1053h,0.0,0.0
2025-04,Мегамаркет,DS1053h,1.0,0.0
2025-05,Мегамаркет,DS1053h,1.0,0.0
2025-06,Мегамаркет,DS1053h,0.0,0.0
2024-07,Монако,DS1053h,1.0,0.0
2024-08,Монако,DS1053h,1.0,0.10171137
2024-09,Монако,DS1053h,0.0,0.0
2024-10,Монако,DS1053h,1.0,0.20853783
2024-11,Монако,DS1053h,2.0,0.20943679
2024-12,Монако,DS1053h,0.0,0.17374112
2025-01,Монако,DS1053h,0.0,0.0
2025-02,Монако,DS1053h,0.0,0.0
2025-03,Монако,DS1053h,0.0,0.0
2025-04,Монако,DS1053h,1.0,0.0
2025-05,Монако,DS1053h,0.0,0.0
2025-06,Монако,DS1053h,0.0,0.0
2024-07,РОСТ,DS1053h,0.0,0.0
2024-08,РОСТ,DS1053h,0.0,0.0
2024-09,РОСТ,DS1053h,0.0,0.0
2024-10,РОСТ,DS1053h,0.0,0.0
2024-11,РОСТ,DS1053h,1.0,0.0
2024-12,РОСТ,DS1053h,1.0,0.00808714
2025-01,РОСТ,DS1053h,0.0,0.0
2025-02,РОСТ,DS1053h,0.0,0.0
2025-03,РОСТ,DS1053h,0.0,0.0
2025-04,РОСТ,DS1053h,0.0,0.0
2025-05,РОСТ,DS1053h,0.0,0.0
2025-06,РОСТ,DS1053h,0.0,0.0
2024-07,Чудо Острів,DS1053h,0.0,0.0
2024-08,Чудо Острів,DS1053h,1.0,0.0
2024-09,Чудо Острів,DS1053h,5.0,0.0
2024-10,Чудо Острів,DS1053h,0.0,0.0
2024-11,Чудо Острів,DS1053h,1.0,0.0
2024-12,Чудо Острів,DS1053h,0.0,1.3422521
2025-01,Чудо Острів,DS1053h,1.0,0.115873694
2025-02,Чудо Острів,DS1053h,0.0,0.0
2025-03,Чудо Острів,DS1053h,1.0,0.0
2025-04,Чудо Острів,DS1053h,0.0,0.0
2025-05,Чудо Острів,DS1053h,0.0,0.0
2025-06,Чудо Острів,DS1053h,0.0,0.0
2024-07,ІМ-Розетка,DS1054h,0.0,0.0
2024-08,ІМ-Розетка,DS1054h,0.0,0.0
2024-09,ІМ-Розетка,DS1054h,0.0,0.0
2024-10,ІМ-Розетка,DS1054h,1.0,0.0
2024-11,ІМ-Розетка,DS1054h,1.0,0.0
2024-12,ІМ-Розетка,DS1054h,1.0,0.4801011
2025-01,ІМ-Розетка,DS1054h,0.0,0.0
2025-02,ІМ-Розетка,DS1054h,1.0,0.0
2025-03,ІМ-Розетка,DS1054h,1.0,0.0
2025-04,ІМ-Розетка,DS1054h,1.0,0.1254172
2025-05,ІМ-Розетка,DS1054h,0.0,0.0
2025-06,ІМ-Розетка,DS1054h,0.0,0.0
2024-07,Акварель,DS1054h,0.0,0.621529
2024-08,Акварель,DS1054h,0.0,0.91617054
2024-09,Акварель,DS1054h,2.0,0.5065308
2024-10,Акварель,DS1054h,2.0,0.42207456
2024-11,Акварель,DS1054h,2.0,0.47251877
2024-12,Акварель,DS1054h,6.0,2.3969104
2025-01,Акварель,DS1054h,0.0,0.46408108
2025-02,Акварель,DS1054h,2.0,0.33798692
2025-03,Акварель,DS1054h,1.0,0.58517754
2025-04,Акварель,DS1054h,2.0,0.70160604
2025-05,Акварель,DS1054h,0.0,0.31428593
2025-06,Акварель,DS1054h,4.0,0.5286706
2024-07,Антошка,DS1054h,4.0,0.40043795
2024-08,Антошка,DS1054h,0.0,0.5232508
2024-09,Антошка,DS1054h,1.0,0.4187835
2024-10,Антошка,DS1054h,3.0,0.36300537
2024-11,Антошка,DS1054h,3.0,0.45314217
2024-12,Антошка,DS1054h,6.0,3.0230055
2025-01,Антошка,DS1054h,4.0,1.219079
2025-02,Антошка,DS1054h,2.0,0.52433294
2025-03,Антошка,DS1054h,1.0,0.4634133
2025-04,Антошка,DS1054h,3.0,0.53383815
2025-05,Антошка,DS1054h,1.0,0.6226418
2025-06,Антошка,DS1054h,1.0,0.79948413
2024-07,БІ,DS1054h,0.0,1.3094175
2024-08,БІ,DS1054h,7.0,1.7287791
2024-09,БІ,DS1054h,4.0,2.2441323
2024-10,БІ,DS1054h,2.0,1.477428
2024-11,БІ,DS1054h,1.0,1.8374745
2024-12,БІ,DS1054h,19.0,6.8007674
2025-01,БІ,DS1054h,7.0,3.0793393
2025-02,БІ,DS1054h,3.0,1.5478691
2025-03,БІ,DS1054h,0.0,0.6561536
2025-04,БІ,DS1054h,0.0,1.4652495
2025-05,БІ,DS1054h,2.0,0.6066652
2025-06,БІ,DS1054h,2.0,1.9426476
2024-07,Епіцентр,DS1054h,1.0,0.0
2024-08,Епіцентр,DS1054h,3.0,0.010298468
2024-09,Епіцентр,DS1054h,0.0,0.0
2024-10,Епіцентр,DS1054h,1.0,0.0
2024-11,Епіцентр,DS1054h,3.0,0.024628777
2024-12,Епіцентр,DS1054h,8.0,1.5376126
2025-01,Епіцентр,DS1054h,0.0,0.47018406
2025-02,Епіцентр,DS1054h,0.0,0.20535465
2025-03,Епіцентр,DS1054h,1.0,0.0
2025-04,Епіцентр,DS1054h,0.0,0.08665373
2025-05,Епіцентр,DS1054h,2.0,0.0
2025-06,Епіцентр,DS1054h,0.0,0.02229541
2024-07,МайПлей,DS1054h,1.0,0.0
2024-08,МайПлей,DS1054h,0.0,0.06953773
2024-09,МайПлей,DS1054h,0.0,0.12732604
2024-10,МайПлей,DS1054h,0.0,0.0
2024-11,МайПлей,DS1054h,0.0,0.0
2024-12,МайПлей,DS1054h,1.0,1.2201384
2025-01,МайПлей,DS1054h,1.0,0.029831711
2025-02,МайПлей,DS1054h,0.0,0.0
2025-03,МайПлей,DS1054h,0.0,0.0
2025-04,МайПлей,DS1054h,0.0,0.0
2025-05,МайПлей,DS1054h,2.0,0.0
2025-06,МайПлей,DS1054h,1.0,0.079743564
2024-07,Мегамаркет,DS1054h,0.0,0.0
2024-08,Мегамаркет,DS1054h,0.0,0.0
2024-09,Мегамаркет,DS1054h,2.0,0.0
2024-10,Мегамаркет,DS1054h,0.0,0.0
2024-11,Мегамаркет,DS1054h,0.0,0.0
2024-12,Мегамаркет,DS1054h,1.0,0.023274714
2025-01,Мегамаркет,DS1054h,1.0,0.0
2025-02,Мегамаркет,DS1054h,1.0,0.0
2025-03,Мегамаркет,DS1054h,1.0,0.0
2025-04,Мегамаркет,DS1054h,0.0,0.0
2025-05,Мегамаркет,DS1054h,0.0,0.0
2025-06,Мегамаркет,DS1054h,1.0,0.0
2024-07,Монако,DS1054h,1.0,0.0
2024-08,Монако,DS1054h,2.0,0.0
2024-09,Монако,DS1054h,1.0,0.010939697
2024-10,Монако,DS1054h,2.0,0.19893159
2024-11,Монако,DS1054h,0.0,0.0
2024-12,Монако,DS1054h,0.0,0.05816334
2025-01,Монако,DS1054h,0.0,0.0
2025-02,Монако,DS1054h,1.0,0.09293699
2025-03,Монако,DS1054h,1.0,0.0
2025-04,Монако,DS1054h,1.0,0.0
2025-05,Монако,DS1054h,0.0,0.0
2025-06,Монако,DS1054h,1.0,0.10440629
2024-07,Смік,DS1054h,0.0,0.0
2024-08,Смік,DS1054h,0.0,0.0
2024-09,Смік,DS1054h,0.0,0.0
2024-10,Смік,DS1054h,0.0,0.0
2024-11,Смік,DS1054h,0.0,0.0
2024-12,Смік,DS1054h,1.0,0.0
2025-01,Смік,DS1054h,1.0,0.0
2025-02,Смік,DS1054h,0.0,0.0
2025-03,Смік,DS1054h,0.0,0.0
2025-04,Смік,DS1054h,0.0,0.0
2025-05,Смік,DS1054h,1.0,0.0
2025-06,Смік,DS1054h,0.0,0.0
2024-07,Чудо Острів,DS1054h,0.0,0.0
2024-08,Чудо Острів,DS1054h,0.0,0.0
2024-09,Чудо Острів,DS1054h,3.0,0.0
2024-10,Чудо Острів,DS1054h,0.0,0.0
2024-11,Чудо Острів,DS1054h,1.0,0.0
2024-12,Чудо Острів,DS1054h,0.0,0.9120478
2025-01,Чудо Острів,DS1054h,1.0,0.0
2025-02,Чудо Острів,DS1054h,0.0,0.0
2025-03,Чудо Острів,DS1054h,1.0,0.0
2025-04,Чудо Острів,DS1054h,1.0,0.0
2025-05,Чудо Острів,DS1054h,0.0,0.0
2025-06,Чудо Острів,DS1054h,0.0,0.0
2024-07,ІМ-Розетка,DS1057h,1.0,0.31754464
2024-08,ІМ-Розетка,DS1057h,2.0,0.2658844
2024-09,ІМ-Розетка,DS1057h,1.0,0.5800979
2024-10,ІМ-Розетка,DS1057h,2.0,0.8086641
2024-11,ІМ-Розетка,DS1057h,2.0,1.389138
2024-12,ІМ-Розетка,DS1057h,14.0,7.05129
2025-01,ІМ-Розетка,DS1057h,4.0,2.0990317
2025-02,ІМ-Розетка,DS1057h,2.0,1.0903653
2025-03,ІМ-Розетка,DS1057h,4.0,1.001188
2025-04,ІМ-Розетка,DS1057h,1.0,0.5633334
2025-05,ІМ-Розетка,DS1057h,3.0,0.22965537
2025-06,ІМ-Розетка,DS1057h,2.0,0.13090251
2024-07,Акварель,DS1057h,1.0,2.374902
2024-08,Акварель,DS1057h,3.0,2.9670591
2024-09,Акварель,DS1057h,8.0,2.785674
2024-10,Акварель,DS1057h,9.0,3.1667006
2024-11,Акварель,DS1057h,6.0,4.1376214
2024-12,Акварель,DS1057h,18.0,13.786356
2025-01,Акварель,DS1057h,10.0,3.5840178
2025-02,Акварель,DS1057h,10.0,3.1405656
2025-03,Акварель,DS1057h,6.0,3.7930334
2025-04,Акварель,DS1057h,8.0,2.815301
2025-05,Акварель,DS1057h,6.0,2.1421185
2025-06,Акварель,DS1057h,4.0,2.0293732
2024-07,Антошка,DS1057h,1.0,0.6571397
2024-08,Антошка,DS1057h,6.0,1.0548216
2024-09,Антошка,DS1057h,5.0,1.2435416
2024-10,Антошка,DS1057h,2.0,1.7487141
2024-11,Антошка,DS1057h,9.0,2.5928018
2024-12,Антошка,DS1057h,14.0,10.282957
2025-01,Антошка,DS1057h,6.0,3.178854
2025-02,Антошка,DS1057h,2.0,2.1152477
2025-03,Антошка,DS1057h,2.0,1.6904459
2025-04,Антошка,DS1057h,5.0,1.130069
2025-05,Антошка,DS1057h,0.0,1.0242113
2025-06,Антошка,DS1057h,1.0,0.70672137
2024-07,БІ,DS1057h,20.0,8.058041
2024-08,БІ,DS1057h,16.0,10.141265
2024-09,БІ,DS1057h,13.0,9.326353
2024-10,БІ,DS1057h,37.0,11.716754
2024-11,БІ,DS1057h,41.0,18.269054
2024-12,БІ,DS1057h,86.0,54.570713
2025-01,БІ,DS1057h,28.0,19.101696
2025-02,БІ,DS1057h,33.0,15.595972
2025-03,БІ,DS1057h,26.0,16.71172
2025-04,БІ,DS1057h,24.0,9.122025
2025-05,БІ,DS1057h,12.0,11.536108
2025-06,БІ,DS1057h,18.0,7.682301
2024-07,Віват Канцелярія,DS1057h,0.0,0.030017655
2024-08,Віват Канцелярія,DS1057h,2.0,0.56173944
2024-09,Віват Канцелярія,DS1057h,1.0,0.27482352
2024-10,Віват Канцелярія,DS1057h,3.0,0.7785282
2024-11,Віват Канцелярія,DS1057h,2.0,0.74901396
2024-12,Віват Канцелярія,DS1057h,9.0,3.8839982
2025-01,Віват Канцелярія,DS1057h,1.0,0.8630576
2025-02,Віват Канцелярія,DS1057h,2.0,0.7015695
2025-03,Віват Канцелярія,DS1057h,3.0,0.73228055
2025-04,Віват Канцелярія,DS1057h,1.0,0.1801099
2025-05,Віват Канцелярія,DS1057h,1.0,0.27858096
2025-06,Віват Канцелярія,DS1057h,2.0,0.11887705
2024-07,Епіцентр,DS1057h,4.0,0.8940601
2024-08,Епіцентр,DS1057h,3.0,0.8753214
2024-09,Епіцентр,DS1057h,3.0,1.1265345
2024-10,Епіцентр,DS1057h,6.0,1.3013262
2024-11,Епіцентр,DS1057h,11.0,2.5873802
2024-12,Епіцентр,DS1057h,20.0,10.537889
2025-01,Епіцентр,DS1057h,7.0,2.5375972
2025-02,Епіцентр,DS1057h,4.0,2.9135754
2025-03,Епіцентр,DS1057h,12.0,1.5348998
2025-04,Епіцентр,DS1057h,0.0,1.8361603
2025-05,Епіцентр,DS1057h,6.0,1.5537695
2025-06,Епіцентр,DS1057h,5.0,1.218087
2024-07,Монако,DS1057h,0.0,0.0
2024-08,Монако,DS1057h,1.0,0.23565522
2024-09,Монако,DS1057h,1.0,0.11425087
2024-10,Монако,DS1057h,3.0,0.30286285
2024-11,Монако,DS1057h,1.0,0.6645962
2024-12,Монако,DS1057h,0.0,0.2886332
2025-01,Монако,DS1057h,0.0,0.0
2025-02,Монако,DS1057h,1.0,0.22432557
2025-03,Монако,DS1057h,0.0,0.0
2025-04,Монако,DS1057h,1.0,0.077840775
2025-05,Монако,DS1057h,0.0,0.0
2025-06,Монако,DS1057h,1.0,0.025157863
2024-07,СмартБі Луцьк,DS1057h,0.0,0.0
2024-08,СмартБі Луцьк,DS1057h,1.0,0.069494
2024-09,СмартБі Луцьк,DS1057h,0.0,0.0
2024-10,СмартБі Луцьк,DS1057h,1.0,0.07348145
2024-11,СмартБі Луцьк,DS1057h,0.0,0.0
2024-12,СмартБі Луцьк,DS1057h,0.0,0.0
2025-01,СмартБі Луцьк,DS1057h,1.0,0.0
2025-02,СмартБі Луцьк,DS1057h,0.0,0.0
2025-03,СмартБі Луцьк,DS1057h,0.0,0.0
2025-04,СмартБі Луцьк,DS1057h,1.0,0.0
2025-05,СмартБі Луцьк,DS1057h,0.0,0.0
2025-06,СмартБі Луцьк,DS1057h,1.0,0.0
2024-07,Смік,DS1057h,0.0,0.0
2024-08,Смік,DS1057h,0.0,0.0
2024-09,Смік,DS1057h,0.0,0.0
2024-10,Смік,DS1057h,0.0,0.0
2024-11,Смік,DS1057h,2.0,0.29968622
2024-12,Смік,DS1057h,4.0,0.5682854
2025-01,Смік,DS1057h,0.0,0.05119266
2025-02,Смік,DS1057h,2.0,0.037705824
2025-03,Смік,DS1057h,0.0,0.18476346
2025-04,Смік,DS1057h,0.0,0.0
2025-05,Смік,DS1057h,0.0,0.0
2025-06,Смік,DS1057h,1.0,0.0
2024-07,Чудо Острів,DS1057h,4.0,1.4762914
2024-08,Чудо Острів,DS1057h,2.0,1.1380477
2024-09,Чудо Острів,DS1057h,0.0,1.2692527
2024-10,Чудо Острів,DS1057h,4.0,1.3620757
2024-11,Чудо Острів,DS1057h,4.0,1.6143777
2024-12,Чудо Острів,DS1057h,4.0,5.3912015
2025-01,Чудо Острів,DS1057h,3.0,1.0736176
2025-02,Чудо Острів,DS1057h,3.0,1.0178094
2025-03,Чудо Острів,DS1057h,6.0,0.6430591
2025-04,Чудо Острів,DS1057h,4.0,0.4545654
2025-05,Чудо Острів,DS1057h,0.0,0.5091476
2025-06,Чудо Острів,DS1057h,4.0,0.32835808
2024-07,ІМ-Розетка,DS1058h,1.0,0.4073263
2024-08,ІМ-Розетка,DS1058h,0.0,0.02285859
2024-09,ІМ-Розетка,DS1058h,0.0,0.0
2024-10,ІМ-Розетка,DS1058h,5.0,0.469029
2024-11,ІМ-Розетка,DS1058h,0.0,1.3426424
2024-12,ІМ-Розетка,DS1058h,9.0,5.298509
2025-01,ІМ-Розетка,DS1058h,3.0,1.333043
2025-02,ІМ-Розетка,DS1058h,8.0,1.1850716
2025-03,ІМ-Розетка,DS1058h,2.0,0.74453735
2025-04,ІМ-Розетка,DS1058h,1.0,0.23233283
2025-05,ІМ-Розетка,DS1058h,0.0,0.0
2025-06,ІМ-Розетка,DS1058h,3.0,0.16770901
2024-07,Акварель,DS1058h,7.0,1.5966558
2024-08,Акварель,DS1058h,3.0,1.7293289
2024-09,Акварель,DS1058h,5.0,2.4081028
2024-10,Акварель,DS1058h,6.0,2.7780397
2024-11,Акварель,DS1058h,5.0,2.8620622
2024-12,Акварель,DS1058h,10.0,7.8710732
2025-01,Акварель,DS1058h,7.0,2.405735
2025-02,Акварель,DS1058h,7.0,2.6530938
2025-03,Акварель,DS1058h,2.0,3.2619948
2025-04,Акварель,DS1058h,6.0,2.292995
2025-05,Акварель,DS1058h,3.0,1.4948426
2025-06,Акварель,DS1058h,2.0,1.411523
2024-07,Антошка,DS1058h,2.0,0.8418193
2024-08,Антошка,DS1058h,2.0,0.54783094
2024-09,Антошка,DS1058h,1.0,0.60151404
2024-10,Антошка,DS1058h,1.0,1.0544091
2024-11,Антошка,DS1058h,4.0,1.5510907
2024-12,Антошка,DS1058h,9.0,5.449576
2025-01,Антошка,DS1058h,1.0,1.0754466
2025-02,Антошка,DS1058h,4.0,1.5540841
2025-03,Антошка,DS1058h,0.0,1.6653821
2025-04,Антошка,DS1058h,0.0,0.73190844
2025-05,Антошка,DS1058h,4.0,0.33711952
2025-06,Антошка,DS1058h,0.0,0.525805
2024-07,БІ,DS1058h,5.0,3.2318697
2024-08,БІ,DS1058h,4.0,3.1052651
2024-09,БІ,DS1058h,6.0,3.159568
2024-10,БІ,DS1058h,9.0,4.406386
2024-11,БІ,DS1058h,10.0,5.307443
2024-12,БІ,DS1058h,51.0,16.054764
2025-01,БІ,DS1058h,17.0,9.020917
2025-02,БІ,DS1058h,12.0,8.725538
2025-03,БІ,DS1058h,16.0,7.815979
2025-04,БІ,DS1058h,6.0,4.8989863
2025-05,БІ,DS1058h,8.0,3.6049676
2025-06,БІ,DS1058h,7.0,4.5724015
2024-07,Віват Канцелярія,DS1058h,0.0,0.0
2024-08,Віват Канцелярія,DS1058h,0.0,0.16920124
2024-09,Віват Канцелярія,DS1058h,2.0,0.22166035
2024-10,Віват Канцелярія,DS1058h,5.0,0.27345112
2024-11,Віват Канцелярія,DS1058h,3.0,0.659949
2024-12,Віват Канцелярія,DS1058h,3.0,3.0557282
2025-01,Віват Канцелярія,DS1058h,4.0,0.9461046
2025-02,Віват Канцелярія,DS1058h,3.0,1.1477687
2025-03,Віват Канцелярія,DS1058h,1.0,0.5375372
2025-04,Віват Канцелярія,DS1058h,0.0,0.48526946
2025-05,Віват Канцелярія,DS1058h,1.0,0.07075144
2025-06,Віват Канцелярія,DS1058h,0.0,0.11904999
2024-07,Епіцентр,DS1058h,1.0,0.4121515
2024-08,Епіцентр,DS1058h,2.0,0.40167725
2024-09,Епіцентр,DS1058h,5.0,1.0372798
2024-10,Епіцентр,DS1058h,3.0,0.8237777
2024-11,Епіцентр,DS1058h,8.0,1.8215114
2024-12,Епіцентр,DS1058h,8.0,5.5550747
2025-01,Епіцентр,DS1058h,2.0,0.9193316
2025-02,Епіцентр,DS1058h,2.0,1.0632637
2025-03,Епіцентр,DS1058h,5.0,0.94578516
2025-04,Епіцентр,DS1058h,0.0,0.47676608
2025-05,Епіцентр,DS1058h,4.0,0.36195514
2025-06,Епіцентр,DS1058h,0.0,0.5900174
2024-07,Монако,DS1058h,1.0,0.011926762
2024-08,Монако,DS1058h,1.0,0.029509563
2024-09,Монако,DS1058h,1.0,0.20406486
2024-10,Монако,DS1058h,3.0,0.41443518
2024-11,Монако,DS1058h,3.0,0.6221363
2024-12,Монако,DS1058h,0.0,0.41131422
2025-01,Монако,DS1058h,0.0,0.0
2025-02,Монако,DS1058h,4.0,0.47360507
2025-03,Монако,DS1058h,1.0,0.28015924
2025-04,Монако,DS1058h,0.0,0.0
2025-05,Монако,DS1058h,0.0,0.0
2025-06,Монако,DS1058h,1.0,0.092860125
2024-07,Смік,DS1058h,1.0,0.0
2024-08,Смік,DS1058h,0.0,0.0
2024-09,Смік,DS1058h,1.0,0.0
2024-10,Смік,DS1058h,0.0,0.12260162
2024-11,Смік,DS1058h,0.0,0.024218695
2024-12,Смік,DS1058h,0.0,0.17323248
2025-01,Смік,DS1058h,1.0,0.0
2025-02,Смік,DS1058h,1.0,0.0
2025-03,Смік,DS1058h,0.0,0.03295357
2025-04,Смік,DS1058h,0.0,0.0
2025-05,Смік,DS1058h,0.0,0.0
2025-06,Смік,DS1058h,0.0,0.0
2024-07,Чудо Острів,DS1058h,3.0,0.86599404
2024-08,Чудо Острів,DS1058h,1.0,0.56953573
2024-09,Чудо Острів,DS1058h,0.0,0.8319565
2024-10,Чудо Острів,DS1058h,3.0,0.8032144
2024-11,Чудо Острів,DS1058h,8.0,1.0067755
2024-12,Чудо Острів,DS1058h,5.0,5.2731085
2025-01,Чудо Острів,DS1058h,2.0,0.8556907
2025-02,Чудо Острів,DS1058h,6.0,0.9069873
2025-03,Чудо Острів,DS1058h,3.0,0.6622983
2025-04,Чудо Острів,DS1058h,1.0,0.5148431
2025-05,Чудо Острів,DS1058h,1.0,0.43504366
2025-06,Чудо Острів,DS1058h,2.0,0.4440864
2024-07,ІМ-Кідіс,DS1059h,0.0,0.0
2024-08,ІМ-Кідіс,DS1059h,0.0,0.0
2024-09,ІМ-Кідіс,DS1059h,0.0,0.0
2024-10,ІМ-Кідіс,DS1059h,1.0,0.0
2024-11,ІМ-Кідіс,DS1059h,0.0,0.0
2024-12,ІМ-Кідіс,DS1059h,1.0,0.39658767
2025-01,ІМ-Кідіс,DS1059h,1.0,0.043677505
2025-02,ІМ-Кідіс,DS1059h,1.0,0.18168756
2025-03,ІМ-Кідіс,DS1059h,1.0,0.17555155
2025-04,ІМ-Кідіс,DS1059h,1.0,0.0
2025-05,ІМ-Кідіс,DS1059h,0.0,0.0
2025-06,ІМ-Кідіс,DS1059h,2.0,0.0
2024-07,ІМ-Розетка,DS1059h,0.0,0.0
2024-08,ІМ-Розетка,DS1059h,0.0,0.0
2024-09,ІМ-Розетка,DS1059h,0.0,0.0
2024-10,ІМ-Розетка,DS1059h,2.0,0.75324196
2024-11,ІМ-Розетка,DS1059h,2.0,2.0003812
2024-12,ІМ-Розетка,DS1059h,14.0,7.2937274
2025-01,ІМ-Розетка,DS1059h,2.0,1.9305059
2025-02,ІМ-Розетка,DS1059h,6.0,1.1344976
2025-03,ІМ-Розетка,DS1059h,8.0,1.4111156
2025-04,ІМ-Розетка,DS1059h,8.0,0.8602407
2025-05,ІМ-Розетка,DS1059h,7.0,2.1977272
2025-06,ІМ-Розетка,DS1059h,7.0,2.2786517
2024-07,Акварель,DS1059h,6.0,2.2236948
2024-08,Акварель,DS1059h,4.0,2.14295
2024-09,Акварель,DS1059h,6.0,2.7350018
2024-10,Акварель,DS1059h,1.0,2.732586
2024-11,Акварель,DS1059h,13.0,2.8270788
2024-12,Акварель,DS1059h,13.0,10.864141
2025-01,Акварель,DS1059h,6.0,3.09738
2025-02,Акварель,DS1059h,8.0,2.6353164
2025-03,Акварель,DS1059h,6.0,3.3094125
2025-04,Акварель,DS1059h,5.0,2.6077864
2025-05,Акварель,DS1059h,5.0,2.371898
2025-06,Акварель,DS1059h,8.0,2.7320812
2024-07,Антошка,DS1059h,2.0,0.85959595
2024-08,Антошка,DS1059h,2.0,0.66563815
2024-09,Антошка,DS1059h,1.0,0.63953215
2024-10,Антошка,DS1059h,1.0,1.0552946
2024-11,Антошка,DS1059h,3.0,1.6818676
2024-12,Антошка,DS1059h,6.0,5.28754
2025-01,Антошка,DS1059h,0.0,1.0306333
2025-02,Антошка,DS1059h,1.0,0.7963442
2025-03,Антошка,DS1059h,2.0,0.827086
2025-04,Антошка,DS1059h,2.0,0.5575801
2025-05,Антошка,DS1059h,0.0,0.59596044
2025-06,Антошка,DS1059h,2.0,0.4913726
2024-07,БІ,DS1059h,12.0,4.3939767
2024-08,БІ,DS1059h,6.0,4.675559
2024-09,БІ,DS1059h,6.0,4.12373
2024-10,БІ,DS1059h,6.0,5.8538656
2024-11,БІ,DS1059h,11.0,5.9174123
2024-12,БІ,DS1059h,59.0,20.603998
2025-01,БІ,DS1059h,21.0,11.506938
2025-02,БІ,DS1059h,17.0,10.895771
2025-03,БІ,DS1059h,11.0,9.081921
2025-04,БІ,DS1059h,7.0,4.7947416
2025-05,БІ,DS1059h,10.0,4.3746414
2025-06,БІ,DS1059h,8.0,6.8423934
2024-07,Віват Канцелярія,DS1059h,2.0,0.3316082
2024-08,Віват Канцелярія,DS1059h,3.0,0.5074808
2024-09,Віват Канцелярія,DS1059h,5.0,0.53846896
2024-10,Віват Канцелярія,DS1059h,4.0,0.8022215
2024-11,Віват Канцелярія,DS1059h,3.0,0.99313
2024-12,Віват Канцелярія,DS1059h,7.0,3.8757668
2025-01,Віват Канцелярія,DS1059h,6.0,1.2378951
2025-02,Віват Канцелярія,DS1059h,2.0,1.0953021
2025-03,Віват Канцелярія,DS1059h,1.0,0.7593175
2025-04,Віват Канцелярія,DS1059h,2.0,0.761881
2025-05,Віват Канцелярія,DS1059h,1.0,0.3599211
2025-06,Віват Канцелярія,DS1059h,3.0,0.6489657
2024-07,Епіцентр,DS1059h,4.0,0.5642336
2024-08,Епіцентр,DS1059h,2.0,0.46259376
2024-09,Епіцентр,DS1059h,4.0,1.0028677
2024-10,Епіцентр,DS1059h,8.0,1.2480755
2024-11,Епіцентр,DS1059h,5.0,2.2684486
2024-12,Епіцентр,DS1059h,16.0,8.701966
2025-01,Епіцентр,DS1059h,8.0,2.4788954
2025-02,Епіцентр,DS1059h,2.0,2.192694
2025-03,Епіцентр,DS1059h,7.0,1.3715533
2025-04,Епіцентр,DS1059h,0.0,1.2290657
2025-05,Епіцентр,DS1059h,3.0,1.2598292
2025-06,Епіцентр,DS1059h,2.0,1.4110847
2024-07,Смік,DS1059h,2.0,0.0
2024-08,Смік,DS1059h,1.0,0.0
2024-09,Смік,DS1059h,0.0,0.20481113
2024-10,Смік,DS1059h,0.0,0.5622614
2024-11,Смік,DS1059h,2.0,0.53101593
2024-12,Смік,DS1059h,3.0,0.8389635
2025-01,Смік,DS1059h,1.0,0.11929074
2025-02,Смік,DS1059h,2.0,0.32128617
2025-03,Смік,DS1059h,0.0,0.36772233
2025-04,Смік,DS1059h,1.0,0.044479363
2025-05,Смік,DS1059h,0.0,0.0044123433
2025-06,Смік,DS1059h,0.0,0.081100956
2024-07,Чудо Острів,DS1059h,1.0,0.72432
2024-08,Чудо Острів,DS1059h,3.0,0.8736401
2024-09,Чудо Острів,DS1059h,3.0,1.0420959
2024-10,Чудо Острів,DS1059h,4.0,1.4016331
2024-11,Чудо Острів,DS1059h,5.0,1.6800328
2024-12,Чудо Острів,DS1059h,4.0,6.364102
2025-01,Чудо Острів,DS1059h,4.0,1.224641
2025-02,Чудо Острів,DS1059h,5.0,1.1048945
2025-03,Чудо Острів,DS1059h,1.0,0.8082913
2025-04,Чудо Острів,DS1059h,1.0,0.63281727
2025-05,Чудо Острів,DS1059h,1.0,0.4185004
2025-06,Чудо Острів,DS1059h,0.0,0.6882807
2024-07,ІМ-Розетка,DS1079h,0.0,0.21744397
2024-08,ІМ-Розетка,DS1079h,4.0,0.45037833
2024-09,ІМ-Розетка,DS1079h,2.0,0.7998686
2024-10,ІМ-Розетка,DS1079h,4.0,1.1532059
2024-11,ІМ-Розетка,DS1079h,4.0,2.3818192
2024-12,ІМ-Розетка,DS1079h,16.0,8.721523
2025-01,ІМ-Розетка,DS1079h,4.0,2.8583283
2025-02,ІМ-Розетка,DS1079h,5.0,0.76204526
2025-03,ІМ-Розетка,DS1079h,3.0,0.30290198
2025-04,ІМ-Розетка,DS1079h,0.0,0.0
2025-05,ІМ-Розетка,DS1079h,0.0,0.0
2025-06,ІМ-Розетка,DS1079h,0.0,0.0
2024-07,Акварель,DS1079h,7.0,2.6519444
2024-08,Акварель,DS1079h,13.0,4.1483912
2024-09,Акварель,DS1079h,9.0,4.8072414
2024-10,Акварель,DS1079h,10.0,4.000674
2024-11,Акварель,DS1079h,12.0,5.2469673
2024-12,Акварель,DS1079h,33.0,13.323779
2025-01,Акварель,DS1079h,13.0,8.185909
2025-02,Акварель,DS1079h,5.0,4.2899647
2025-03,Акварель,DS1079h,7.0,2.5509267
2025-04,Акварель,DS1079h,5.0,1.8504313
2025-05,Акварель,DS1079h,4.0,1.8027525
2025-06,Акварель,DS1079h,6.0,1.5263712
2024-07,Антошка,DS1079h,8.0,3.2909
2024-08,Антошка,DS1079h,6.0,4.417362
2024-09,Антошка,DS1079h,5.0,3.798113
2024-10,Антошка,DS1079h,6.0,2.9390318
2024-11,Антошка,DS1079h,6.0,3.7151873
2024-12,Антошка,DS1079h,24.0,10.014878
2025-01,Антошка,DS1079h,16.0,5.4061613
2025-02,Антошка,DS1079h,8.0,4.4561167
2025-03,Антошка,DS1079h,6.0,3.6810484
2025-04,Антошка,DS1079h,8.0,2.2896695
2025-05,Антошка,DS1079h,4.0,2.2673914
2025-06,Антошка,DS1079h,3.0,2.0112405
2024-07,БІ,DS1079h,15.0,9.506396
2024-08,БІ,DS1079h,36.0,12.329135
2024-09,БІ,DS1079h,39.0,16.358633
2024-10,БІ,DS1079h,17.0,13.591671
2024-11,БІ,DS1079h,16.0,11.935699
2024-12,БІ,DS1079h,47.0,30.76031
2025-01,БІ,DS1079h,23.0,13.593828
2025-02,БІ,DS1079h,19.0,11.621555
2025-03,БІ,DS1079h,17.0,8.33866
2025-04,БІ,DS1079h,17.0,5.8973503
2025-05,БІ,DS1079h,13.0,6.3681183
2025-06,БІ,DS1079h,15.0,6.535809
2024-07,Віват Канцелярія,DS1079h,1.0,0.0
2024-08,Віват Канцелярія,DS1079h,2.0,0.27486098
2024-09,Віват Канцелярія,DS1079h,1.0,0.08738866
2024-10,Віват Канцелярія,DS1079h,0.0,0.055814963
2024-11,Віват Канцелярія,DS1079h,1.0,0.09119122
2024-12,Віват Канцелярія,DS1079h,5.0,2.8047945
2025-01,Віват Канцелярія,DS1079h,1.0,0.43501115
2025-02,Віват Канцелярія,DS1079h,2.0,0.28732237
2025-03,Віват Канцелярія,DS1079h,3.0,0.3340462
2025-04,Віват Канцелярія,DS1079h,0.0,0.1299706
2025-05,Віват Канцелярія,DS1079h,2.0,0.0
2025-06,Віват Канцелярія,DS1079h,1.0,0.0
2024-07,Епіцентр,DS1079h,4.0,1.5782776
2024-08,Епіцентр,DS1079h,6.0,1.696742
2024-09,Епіцентр,DS1079h,2.0,1.4822367
2024-10,Епіцентр,DS1079h,4.0,1.2751744
2024-11,Епіцентр,DS1079h,8.0,2.1105447
2024-12,Епіцентр,DS1079h,30.0,8.317148
2025-01,Епіцентр,DS1079h,17.0,4.8274317
2025-02,Епіцентр,DS1079h,7.0,2.7365463
2025-03,Епіцентр,DS1079h,9.0,1.7293009
2025-04,Епіцентр,DS1079h,0.0,0.63967055
2025-05,Епіцентр,DS1079h,2.0,1.54509
2025-06,Епіцентр,DS1079h,4.0,0.94777566
2024-07,Коза Дереза,DS1079h,0.0,0.0
2024-08,Коза Дереза,DS1079h,1.0,0.0
2024-09,Коза Дереза,DS1079h,0.0,0.0
2024-10,Коза Дереза,DS1079h,0.0,0.0
2024-11,Коза Дереза,DS1079h,0.0,0.0
2024-12,Коза Дереза,DS1079h,2.0,0.23599693
2025-01,Коза Дереза,DS1079h,0.0,0.0
2025-02,Коза Дереза,DS1079h,0.0,0.0
2025-03,Коза Дереза,DS1079h,0.0,0.0
2025-04,Коза Дереза,DS1079h,0.0,0.0
2025-05,Коза Дереза,DS1079h,0.0,0.0
2025-06,Коза Дереза,DS1079h,0.0,0.0
2024-07,Кубі,DS1079h,3.0,0.5635587
2024-08,Кубі,DS1079h,0.0,0.0
2024-09,Кубі,DS1079h,2.0,0.32479227
2024-10,Кубі,DS1079h,0.0,0.0
2024-11,Кубі,DS1079h,2.0,0.32414508
2024-12,Кубі,DS1079h,2.0,0.95177907
2025-01,Кубі,DS1079h,6.0,0.13032943
2025-02,Кубі,DS1079h,0.0,0.0
2025-03,Кубі,DS1079h,0.0,0.0
2025-04,Кубі,DS1079h,0.0,0.0
2025-05,Кубі,DS1079h,0.0,0.0
2025-06,Кубі,DS1079h,0.0,0.0
2024-07,МайПлей,DS1079h,2.0,0.5807505
2024-08,МайПлей,DS1079h,2.0,0.98436195
2024-09,МайПлей,DS1079h,5.0,0.9379592
2024-10,МайПлей,DS1079h,2.0,0.64540195
2024-11,МайПлей,DS1079h,1.0,0.543718
2024-12,МайПлей,DS1079h,13.0,4.329435
2025-01,МайПлей,DS1079h,1.0,1.2077821
2025-02,МайПлей,DS1079h,3.0,0.6352721
2025-03,МайПлей,DS1079h,1.0,0.55090356
2025-04,МайПлей,DS1079h,2.0,0.42671642
2025-05,МайПлей,DS1079h,2.0,0.3419499
2025-06,МайПлей,DS1079h,1.0,0.049575504
2024-07,Монако,DS1079h,2.0,0.11105455
2024-08,Монако,DS1079h,3.0,0.19712283
2024-09,Монако,DS1079h,1.0,0.24398302
2024-10,Монако,DS1079h,0.0,0.0
2024-11,Монако,DS1079h,5.0,0.15780811
2024-12,Монако,DS1079h,0.0,0.25917384
2025-01,Монако,DS1079h,0.0,0.0
2025-02,Монако,DS1079h,0.0,0.0
2025-03,Монако,DS1079h,0.0,0.0
2025-04,Монако,DS1079h,0.0,0.0
2025-05,Монако,DS1079h,0.0,0.0
2025-06,Монако,DS1079h,0.0,0.0
2024-07,Чудо Острів,DS1079h,0.0,0.014383556
2024-08,Чудо Острів,DS1079h,2.0,0.095076
2024-09,Чудо Острів,DS1079h,4.0,0.4709084
2024-10,Чудо Острів,DS1079h,3.0,1.2188563
2024-11,Чудо Острів,DS1079h,2.0,1.4472157
2024-12,Чудо Острів,DS1079h,12.0,5.204533
2025-01,Чудо Острів,DS1079h,3.0,1.4248859
2025-02,Чудо Острів,DS1079h,5.0,1.1430527
2025-03,Чудо Острів,DS1079h,2.0,0.91334814
2025-04,Чудо Острів,DS1079h,3.0,0.42650586
2025-05,Чудо Острів,DS1079h,7.0,0.5161001
2025-06,Чудо Острів,DS1079h,0.0,0.61601
2024-07,ІМ-Розетка,DS1080h,1.0,0.20639361
2024-08,ІМ-Розетка,DS1080h,0.0,0.0
2024-09,ІМ-Розетка,DS1080h,2.0,0.21697254
2024-10,ІМ-Розетка,DS1080h,1.0,0.24486205
2024-11,ІМ-Розетка,DS1080h,5.0,1.1767824
2024-12,ІМ-Розетка,DS1080h,12.0,4.9695263
2025-01,ІМ-Розетка,DS1080h,2.0,1.196682
2025-02,ІМ-Розетка,DS1080h,2.0,0.22855009
2025-03,ІМ-Розетка,DS1080h,2.0,0.24889001
2025-04,ІМ-Розетка,DS1080h,1.0,0.27875328
2025-05,ІМ-Розетка,DS1080h,2.0,0.57991385
2025-06,ІМ-Розетка,DS1080h,1.0,0.15285446
2024-07,Акварель,DS1080h,1.0,0.7888069
2024-08,Акварель,DS1080h,1.0,1.5314088
2024-09,Акварель,DS1080h,5.0,1.1037391
2024-10,Акварель,DS1080h,1.0,0.549353
2024-11,Акварель,DS1080h,2.0,0.8851518
2024-12,Акварель,DS1080h,9.0,4.406961
2025-01,Акварель,DS1080h,3.0,1.2173058
2025-02,Акварель,DS1080h,3.0,0.6500124
2025-03,Акварель,DS1080h,4.0,0.64787704
2025-04,Акварель,DS1080h,3.0,0.81745005
2025-05,Акварель,DS1080h,3.0,0.8796755
2025-06,Акварель,DS1080h,5.0,1.2270311
2024-07,Антошка,DS1080h,0.0,0.0
2024-08,Антошка,DS1080h,2.0,0.20816381
2024-09,Антошка,DS1080h,1.0,0.2754316
2024-10,Антошка,DS1080h,2.0,0.061788324
2024-11,Антошка,DS1080h,2.0,0.56056887
2024-12,Антошка,DS1080h,5.0,3.09429
2025-01,Антошка,DS1080h,1.0,0.59569484
2025-02,Антошка,DS1080h,1.0,0.0
2025-03,Антошка,DS1080h,1.0,0.041469406
2025-04,Антошка,DS1080h,1.0,0.0
2025-05,Антошка,DS1080h,0.0,0.024825143
2025-06,Антошка,DS1080h,0.0,0.040609814
2024-07,БІ,DS1080h,1.0,0.7432732
2024-08,БІ,DS1080h,1.0,1.4607954
2024-09,БІ,DS1080h,0.0,1.2656814
2024-10,БІ,DS1080h,1.0,0.5909606
2024-11,БІ,DS1080h,13.0,1.2269279
2024-12,БІ,DS1080h,13.0,7.938531
2025-01,БІ,DS1080h,3.0,1.8477693
2025-02,БІ,DS1080h,1.0,1.2472721
2025-03,БІ,DS1080h,0.0,0.55682755
2025-04,БІ,DS1080h,1.0,0.32399687
2025-05,БІ,DS1080h,2.0,0.30229476
2025-06,БІ,DS1080h,3.0,0.6043111
2024-07,Віват Канцелярія,DS1080h,2.0,0.0
2024-08,Віват Канцелярія,DS1080h,1.0,0.0
2024-09,Віват Канцелярія,DS1080h,1.0,0.0
2024-10,Віват Канцелярія,DS1080h,1.0,0.0
2024-11,Віват Канцелярія,DS1080h,0.0,0.0
2024-12,Віват Канцелярія,DS1080h,1.0,0.49507385
2025-01,Віват Канцелярія,DS1080h,0.0,0.0
2025-02,Віват Канцелярія,DS1080h,0.0,0.0
2025-03,Віват Канцелярія,DS1080h,0.0,0.0
2025-04,Віват Канцелярія,DS1080h,0.0,0.0
2025-05,Віват Канцелярія,DS1080h,1.0,0.0
2025-06,Віват Канцелярія,DS1080h,1.0,0.0
2024-07,Епіцентр,DS1080h,1.0,0.09345748
2024-08,Епіцентр,DS1080h,3.0,0.30099756
2024-09,Епіцентр,DS1080h,2.0,0.20272441
2024-10,Епіцентр,DS1080h,3.0,0.18131776
2024-11,Епіцентр,DS1080h,2.0,0.46191567
2024-12,Епіцентр,DS1080h,15.0,3.4684346
2025-01,Епіцентр,DS1080h,3.0,1.3577507
2025-02,Епіцентр,DS1080h,3.0,0.6999139
2025-03,Епіцентр,DS1080h,4.0,0.16968687
2025-04,Епіцентр,DS1080h,0.0,0.4699727
2025-05,Епіцентр,DS1080h,0.0,0.38764003
2025-06,Епіцентр,DS1080h,0.0,0.051633913
2024-07,Клас,DS1080h,1.0,0.0
2024-08,Клас,DS1080h,0.0,0.0
2024-09,Клас,DS1080h,0.0,0.0
2024-10,Клас,DS1080h,2.0,0.0
2024-11,Клас,DS1080h,1.0,0.0
2024-12,Клас,DS1080h,1.0,0.040315673
2025-01,Клас,DS1080h,0.0,0.0
2025-02,Клас,DS1080h,1.0,0.0
2025-03,Клас,DS1080h,1.0,0.0
2025-04,Клас,DS1080h,0.0,0.0
2025-05,Клас,DS1080h,1.0,0.0
2025-06,Клас,DS1080h,0.0,0.0
2024-07,МайПлей,DS1080h,0.0,0.0
2024-08,МайПлей,DS1080h,0.0,0.08500155
2024-09,МайПлей,DS1080h,2.0,0.0
2024-10,МайПлей,DS1080h,2.0,0.0
2024-11,МайПлей,DS1080h,0.0,0.05780528
2024-12,МайПлей,DS1080h,5.0,1.8845752
2025-01,МайПлей,DS1080h,4.0,0.80377525
2025-02,МайПлей,DS1080h,0.0,0.036686633
2025-03,МайПлей,DS1080h,1.0,0.0
2025-04,МайПлей,DS1080h,0.0,0.0
2025-05,МайПлей,DS1080h,0.0,0.0
2025-06,МайПлей,DS1080h,2.0,0.00046788668
2024-07,Смік,DS1080h,1.0,0.0
2024-08,Смік,DS1080h,1.0,0.0
2024-09,Смік,DS1080h,0.0,0.0
2024-10,Смік,DS1080h,0.0,0.0
2024-11,Смік,DS1080h,0.0,0.0
2024-12,Смік,DS1080h,0.0,0.18119314
2025-01,Смік,DS1080h,4.0,0.0
2025-02,Смік,DS1080h,0.0,0.0
2025-03,Смік,DS1080h,0.0,0.0
2025-04,Смік,DS1080h,3.0,0.0
2025-05,Смік,DS1080h,0.0,0.03807991
2025-06,Смік,DS1080h,1.0,0.005056786
2024-07,Чудо Острів,DS1080h,2.0,0.0
2024-08,Чудо Острів,DS1080h,2.0,0.21411446
2024-09,Чудо Острів,DS1080h,3.0,0.412744
2024-10,Чудо Острів,DS1080h,0.0,0.38846844
2024-11,Чудо Острів,DS1080h,1.0,0.3121464
2024-12,Чудо Острів,DS1080h,10.0,3.3952453
2025-01,Чудо Острів,DS1080h,4.0,1.0496296
2025-02,Чудо Острів,DS1080h,1.0,0.7335529
2025-03,Чудо Острів,DS1080h,0.0,0.34654433
2025-04,Чудо Острів,DS1080h,2.0,0.08451727
2025-05,Чудо Острів,DS1080h,3.0,0.23501353
2025-06,Чудо Острів,DS1080h,1.0,0.7062712
2024-07,ІМ-Розетка,DS1082h,1.0,0.4602908
2024-08,ІМ-Розетка,DS1082h,0.0,0.0
2024-09,ІМ-Розетка,DS1082h,0.0,0.0
2024-10,ІМ-Розетка,DS1082h,0.0,0.20316286
2024-11,ІМ-Розетка,DS1082h,4.0,0.941267
2024-12,ІМ-Розетка,DS1082h,4.0,5.1904397
2025-01,ІМ-Розетка,DS1082h,0.0,0.74801695
2025-02,ІМ-Розетка,DS1082h,1.0,0.14088766
2025-03,ІМ-Розетка,DS1082h,1.0,0.0
2025-04,ІМ-Розетка,DS1082h,0.0,0.0
2025-05,ІМ-Розетка,DS1082h,0.0,0.0
2025-06,ІМ-Розетка,DS1082h,1.0,0.0
2024-07,Акварель,DS1082h,5.0,2.2227259
2024-08,Акварель,DS1082h,9.0,3.3134668
2024-09,Акварель,DS1082h,12.0,3.4616842
2024-10,Акварель,DS1082h,6.0,3.1934474
2024-11,Акварель,DS1082h,2.0,3.912327
2024-12,Акварель,DS1082h,14.0,9.412302
2025-01,Акварель,DS1082h,4.0,2.361032
2025-02,Акварель,DS1082h,4.0,1.7250537
2025-03,Акварель,DS1082h,1.0,1.8794129
2025-04,Акварель,DS1082h,3.0,1.6047411
2025-05,Акварель,DS1082h,3.0,1.2811466
2025-06,Акварель,DS1082h,5.0,1.5654615
2024-07,Антошка,DS1082h,6.0,2.0508306
2024-08,Антошка,DS1082h,9.0,2.712325
2024-09,Антошка,DS1082h,8.0,3.5139015
2024-10,Антошка,DS1082h,4.0,2.6628416
2024-11,Антошка,DS1082h,5.0,2.4658232
2024-12,Антошка,DS1082h,22.0,15.654973
2025-01,Антошка,DS1082h,7.0,3.8541152
2025-02,Антошка,DS1082h,8.0,2.0073962
2025-03,Антошка,DS1082h,5.0,1.8319447
2025-04,Антошка,DS1082h,7.0,2.0254338
2025-05,Антошка,DS1082h,4.0,2.5658488
2025-06,Антошка,DS1082h,6.0,2.9317575
2024-07,БІ,DS1082h,23.0,9.59917
2024-08,БІ,DS1082h,35.0,12.279189
2024-09,БІ,DS1082h,31.0,14.377382
2024-10,БІ,DS1082h,15.0,12.324588
2024-11,БІ,DS1082h,14.0,9.375737
2024-12,БІ,DS1082h,48.0,39.65422
2025-01,БІ,DS1082h,19.0,13.609233
2025-02,БІ,DS1082h,7.0,10.684182
2025-03,БІ,DS1082h,15.0,5.824979
2025-04,БІ,DS1082h,15.0,6.517507
2025-05,БІ,DS1082h,15.0,6.9174876
2025-06,БІ,DS1082h,17.0,9.685464
2024-07,Віват Канцелярія,DS1082h,2.0,0.3202158
2024-08,Віват Канцелярія,DS1082h,5.0,0.9068996
2024-09,Віват Канцелярія,DS1082h,5.0,0.7810018
2024-10,Віват Канцелярія,DS1082h,2.0,0.7703256
2024-11,Віват Канцелярія,DS1082h,2.0,0.79181147
2024-12,Віват Канцелярія,DS1082h,4.0,4.211071
2025-01,Віват Канцелярія,DS1082h,1.0,0.5557059
2025-02,Віват Канцелярія,DS1082h,0.0,0.5281579
2025-03,Віват Канцелярія,DS1082h,0.0,0.10724038
2025-04,Віват Канцелярія,DS1082h,1.0,0.00095108646
2025-05,Віват Канцелярія,DS1082h,2.0,0.0948312
2025-06,Віват Канцелярія,DS1082h,2.0,0.50967693
2024-07,Епіцентр,DS1082h,4.0,1.5710354
2024-08,Епіцентр,DS1082h,1.0,1.3891736
2024-09,Епіцентр,DS1082h,6.0,1.2553595
2024-10,Епіцентр,DS1082h,5.0,1.3306948
2024-11,Епіцентр,DS1082h,5.0,1.6941843
2024-12,Епіцентр,DS1082h,14.0,8.22791
2025-01,Епіцентр,DS1082h,1.0,1.56944
2025-02,Епіцентр,DS1082h,1.0,1.0456526
2025-03,Епіцентр,DS1082h,3.0,0.6919966
2025-04,Епіцентр,DS1082h,0.0,0.57895064
2025-05,Епіцентр,DS1082h,3.0,0.5898034
2025-06,Епіцентр,DS1082h,7.0,1.0071977
2024-07,МайПлей,DS1082h,5.0,0.93180346
2024-08,МайПлей,DS1082h,2.0,1.5636742
2024-09,МайПлей,DS1082h,4.0,1.3734092
2024-10,МайПлей,DS1082h,0.0,0.7675277
2024-11,МайПлей,DS1082h,2.0,0.6201235
2024-12,МайПлей,DS1082h,3.0,4.262919
2025-01,МайПлей,DS1082h,0.0,1.0241654
2025-02,МайПлей,DS1082h,2.0,0.28096473
2025-03,МайПлей,DS1082h,0.0,0.19969061
2025-04,МайПлей,DS1082h,2.0,0.23922743
2025-05,МайПлей,DS1082h,2.0,0.30280447
2025-06,МайПлей,DS1082h,1.0,0.44997987
2024-07,Монако,DS1082h,3.0,0.4572387
2024-08,Монако,DS1082h,2.0,0.7637986
2024-09,Монако,DS1082h,0.0,0.09250523
2024-10,Монако,DS1082h,5.0,0.5489185
2024-11,Монако,DS1082h,7.0,0.7857793
2024-12,Монако,DS1082h,0.0,0.989038
2025-01,Монако,DS1082h,0.0,0.0
2025-02,Монако,DS1082h,3.0,0.48272288
2025-03,Монако,DS1082h,3.0,0.10815455
2025-04,Монако,DS1082h,1.0,0.031982657
2025-05,Монако,DS1082h,0.0,0.0
2025-06,Монако,DS1082h,2.0,0.5367077
2024-07,СмартБі Луцьк,DS1082h,0.0,0.0
2024-08,СмартБі Луцьк,DS1082h,0.0,0.0
2024-09,СмартБі Луцьк,DS1082h,0.0,0.0
2024-10,СмартБі Луцьк,DS1082h,4.0,0.075872585
2024-11,СмартБі Луцьк,DS1082h,0.0,0.0
2024-12,СмартБі Луцьк,DS1082h,0.0,0.034736235
2025-01,СмартБі Луцьк,DS1082h,0.0,0.0
2025-02,СмартБі Луцьк,DS1082h,0.0,0.0
2025-03,СмартБі Луцьк,DS1082h,0.0,0.0
2025-04,СмартБі Луцьк,DS1082h,1.0,0.026034717
2025-05,СмартБі Луцьк,DS1082h,0.0,0.0
2025-06,СмартБі Луцьк,DS1082h,1.0,0.0748432
2024-07,Смік,DS1082h,2.0,0.16549064
2024-08,Смік,DS1082h,4.0,0.73941255
2024-09,Смік,DS1082h,8.0,0.7621499
2024-10,Смік,DS1082h,1.0,0.9027546
2024-11,Смік,DS1082h,0.0,0.45372033
2024-12,Смік,DS1082h,0.0,1.3804913
2025-01,Смік,DS1082h,1.0,0.058966987
2025-02,Смік,DS1082h,0.0,0.0
2025-03,Смік,DS1082h,1.0,0.0
2025-04,Смік,DS1082h,0.0,0.0
2025-05,Смік,DS1082h,0.0,0.0
2025-06,Смік,DS1082h,0.0,0.0
2024-07,ІМ-Розетка,DS1083h,0.0,0.0
2024-08,ІМ-Розетка,DS1083h,0.0,0.0
2024-09,ІМ-Розетка,DS1083h,0.0,0.0
2024-10,ІМ-Розетка,DS1083h,1.0,0.0
2024-11,ІМ-Розетка,DS1083h,3.0,0.1522414
2024-12,ІМ-Розетка,DS1083h,3.0,2.2250009
2025-01,ІМ-Розетка,DS1083h,1.0,0.34803125
2025-02,ІМ-Розетка,DS1083h,1.0,0.18135029
2025-03,ІМ-Розетка,DS1083h,2.0,0.15697877
2025-04,ІМ-Розетка,DS1083h,0.0,0.0
2025-05,ІМ-Розетка,DS1083h,0.0,0.0
2025-06,ІМ-Розетка,DS1083h,0.0,0.0
2024-07,Акварель,DS1083h,12.0,2.3237262
2024-08,Акварель,DS1083h,10.0,3.452109
2024-09,Акварель,DS1083h,8.0,3.823051
2024-10,Акварель,DS1083h,4.0,2.8920882
2024-11,Акварель,DS1083h,5.0,2.6190023
2024-12,Акварель,DS1083h,20.0,8.965482
2025-01,Акварель,DS1083h,4.0,3.067204
2025-02,Акварель,DS1083h,10.0,1.9281627
2025-03,Акварель,DS1083h,12.0,2.1965358
2025-04,Акварель,DS1083h,6.0,2.5779946
2025-05,Акварель,DS1083h,2.0,2.6703832
2025-06,Акварель,DS1083h,9.0,3.1255453
2024-07,Антошка,DS1083h,3.0,1.0600911
2024-08,Антошка,DS1083h,2.0,1.0129652
2024-09,Антошка,DS1083h,4.0,1.2854285
2024-10,Антошка,DS1083h,3.0,0.9495246
2024-11,Антошка,DS1083h,3.0,1.2303675
2024-12,Антошка,DS1083h,6.0,4.7861667
2025-01,Антошка,DS1083h,7.0,1.4140489
2025-02,Антошка,DS1083h,2.0,0.87458587
2025-03,Антошка,DS1083h,1.0,0.54928577
2025-04,Антошка,DS1083h,0.0,0.3797005
2025-05,Антошка,DS1083h,2.0,0.16050605
2025-06,Антошка,DS1083h,5.0,0.45134446
2024-07,БІ,DS1083h,4.0,2.137873
2024-08,БІ,DS1083h,8.0,2.029991
2024-09,БІ,DS1083h,9.0,2.1133928
2024-10,БІ,DS1083h,1.0,1.8296824
2024-11,БІ,DS1083h,6.0,1.8323249
2024-12,БІ,DS1083h,10.0,7.1379733
2025-01,БІ,DS1083h,3.0,1.6248755
2025-02,БІ,DS1083h,2.0,1.2434461
2025-03,БІ,DS1083h,1.0,0.52217263
2025-04,БІ,DS1083h,2.0,0.30840033
2025-05,БІ,DS1083h,1.0,0.086573094
2025-06,БІ,DS1083h,1.0,0.2975184
2024-07,Віват Канцелярія,DS1083h,0.0,0.1525369
2024-08,Віват Канцелярія,DS1083h,5.0,0.16133772
2024-09,Віват Канцелярія,DS1083h,2.0,0.62839663
2024-10,Віват Канцелярія,DS1083h,2.0,0.33362222
2024-11,Віват Канцелярія,DS1083h,2.0,0.5352114
2024-12,Віват Канцелярія,DS1083h,3.0,1.8506039
2025-01,Віват Канцелярія,DS1083h,1.0,0.4229701
2025-02,Віват Канцелярія,DS1083h,2.0,0.2145533
2025-03,Віват Канцелярія,DS1083h,1.0,0.0057492387
2025-04,Віват Канцелярія,DS1083h,1.0,0.16786145
2025-05,Віват Канцелярія,DS1083h,0.0,0.061580192
2025-06,Віват Канцелярія,DS1083h,2.0,0.06454497
2024-07,Епіцентр,DS1083h,3.0,0.7805484
2024-08,Епіцентр,DS1083h,4.0,0.74366355
2024-09,Епіцентр,DS1083h,0.0,0.67477816
2024-10,Епіцентр,DS1083h,1.0,0.37357584
2024-11,Епіцентр,DS1083h,4.0,0.9309546
2024-12,Епіцентр,DS1083h,16.0,3.7155325
2025-01,Епіцентр,DS1083h,7.0,1.7299712
2025-02,Епіцентр,DS1083h,3.0,1.0521747
2025-03,Епіцентр,DS1083h,5.0,0.79604787
2025-04,Епіцентр,DS1083h,0.0,0.8757912
2025-05,Епіцентр,DS1083h,5.0,0.7056473
2025-06,Епіцентр,DS1083h,5.0,0.8469241
2024-07,Монако,DS1083h,0.0,0.0
2024-08,Монако,DS1083h,1.0,0.031482264
2024-09,Монако,DS1083h,2.0,0.08706257
2024-10,Монако,DS1083h,3.0,0.0816073
2024-11,Монако,DS1083h,2.0,0.4881397
2024-12,Монако,DS1083h,0.0,0.1736508
2025-01,Монако,DS1083h,0.0,0.0
2025-02,Монако,DS1083h,2.0,0.19823682
2025-03,Монако,DS1083h,2.0,0.0
2025-04,Монако,DS1083h,0.0,0.0
2025-05,Монако,DS1083h,0.0,0.0
2025-06,Монако,DS1083h,1.0,0.16187334
2024-07,Смік,DS1083h,1.0,0.0
2024-08,Смік,DS1083h,1.0,0.09987848
2024-09,Смік,DS1083h,1.0,0.08723597
2024-10,Смік,DS1083h,1.0,0.07337882
2024-11,Смік,DS1083h,0.0,0.0
2024-12,Смік,DS1083h,5.0,0.8197279
2025-01,Смік,DS1083h,1.0,0.32131997
2025-02,Смік,DS1083h,2.0,0.0
2025-03,Смік,DS1083h,1.0,0.0
2025-04,Смік,DS1083h,1.0,0.0
2025-05,Смік,DS1083h,1.0,0.0
2025-06,Смік,DS1083h,3.0,0.0
2024-07,Сільпо,DS1083h,4.0,0.43538925
2024-08,Сільпо,DS1083h,3.0,0.94730085
2024-09,Сільпо,DS1083h,6.0,0.6993059
2024-10,Сільпо,DS1083h,5.0,0.76843864
2024-11,Сільпо,DS1083h,1.0,0.60008913
2024-12,Сільпо,DS1083h,16.0,2.20713
2025-01,Сільпо,DS1083h,4.0,1.125518
2025-02,Сільпо,DS1083h,0.0,0.60195667
2025-03,Сільпо,DS1083h,2.0,0.2319264
2025-04,Сільпо,DS1083h,2.0,0.20726348
2025-05,Сільпо,DS1083h,2.0,0.24282248
2025-06,Сільпо,DS1083h,1.0,0.28423247
2024-07,Акварель,DS1086h,3.0,2.64749
2024-08,Акварель,DS1086h,11.0,3.30391
2024-09,Акварель,DS1086h,8.0,3.1522844
2024-10,Акварель,DS1086h,5.0,2.421861
2024-11,Акварель,DS1086h,4.0,2.5917842
2024-12,Акварель,DS1086h,23.0,8.4524145
2025-01,Акварель,DS1086h,7.0,4.112731
2025-02,Акварель,DS1086h,4.0,1.9121317
2025-03,Акварель,DS1086h,9.0,1.0774494
2025-04,Акварель,DS1086h,8.0,1.2839199
2025-05,Акварель,DS1086h,9.0,1.6119162
2025-06,Акварель,DS1086h,7.0,1.4238101
2024-07,Антошка,DS1086h,0.0,0.643849
2024-08,Антошка,DS1086h,4.0,0.32367098
2024-09,Антошка,DS1086h,1.0,0.47269222
2024-10,Антошка,DS1086h,1.0,0.51657045
2024-11,Антошка,DS1086h,2.0,0.41160464
2024-12,Антошка,DS1086h,6.0,3.0347753
2025-01,Антошка,DS1086h,3.0,1.2782266
2025-02,Антошка,DS1086h,3.0,0.36567023
2025-03,Антошка,DS1086h,0.0,0.23414469
2025-04,Антошка,DS1086h,0.0,0.09165974
2025-05,Антошка,DS1086h,1.0,0.22752489
2025-06,Антошка,DS1086h,0.0,0.43569574
2024-07,БІ,DS1086h,3.0,1.9064598
2024-08,БІ,DS1086h,7.0,2.204561
2024-09,БІ,DS1086h,8.0,2.1221538
2024-10,БІ,DS1086h,2.0,1.4097307
2024-11,БІ,DS1086h,5.0,1.8108217
2024-12,БІ,DS1086h,19.0,7.4874463
2025-01,БІ,DS1086h,3.0,1.8926448
2025-02,БІ,DS1086h,0.0,1.2317833
2025-03,БІ,DS1086h,0.0,0.42241415
2025-04,БІ,DS1086h,2.0,0.21137868
2025-05,БІ,DS1086h,0.0,0.0
2025-06,БІ,DS1086h,3.0,0.2234555
2024-07,Віват Канцелярія,DS1086h,1.0,0.1262407
2024-08,Віват Канцелярія,DS1086h,2.0,0.36102247
2024-09,Віват Канцелярія,DS1086h,2.0,0.39830136
2024-10,Віват Канцелярія,DS1086h,0.0,0.16273142
2024-11,Віват Канцелярія,DS1086h,0.0,0.022995044
2024-12,Віват Канцелярія,DS1086h,4.0,1.5595359
2025-01,Віват Канцелярія,DS1086h,0.0,0.1096452
2025-02,Віват Канцелярія,DS1086h,0.0,0.0
2025-03,Віват Канцелярія,DS1086h,1.0,0.0
2025-04,Віват Канцелярія,DS1086h,1.0,0.0
2025-05,Віват Канцелярія,DS1086h,2.0,0.0
2025-06,Віват Канцелярія,DS1086h,0.0,0.0
2024-07,Епіцентр,DS1086h,4.0,0.85499626
2024-08,Епіцентр,DS1086h,6.0,1.0048729
2024-09,Епіцентр,DS1086h,2.0,0.90412444
2024-10,Епіцентр,DS1086h,4.0,0.9239253
2024-11,Епіцентр,DS1086h,2.0,1.2142494
2024-12,Епіцентр,DS1086h,22.0,5.723665
2025-01,Епіцентр,DS1086h,7.0,1.9314262
2025-02,Епіцентр,DS1086h,3.0,0.7761247
2025-03,Епіцентр,DS1086h,3.0,0.51654315
2025-04,Епіцентр,DS1086h,0.0,0.5650944
2025-05,Епіцентр,DS1086h,1.0,1.0464731
2025-06,Епіцентр,DS1086h,4.0,0.24097872
2024-07,МайПлей,DS1086h,2.0,0.14367098
2024-08,МайПлей,DS1086h,2.0,0.15755232
2024-09,МайПлей,DS1086h,0.0,0.107394956
2024-10,МайПлей,DS1086h,0.0,0.0234804
2024-11,МайПлей,DS1086h,2.0,0.0037770492
2024-12,МайПлей,DS1086h,7.0,1.5127262
2025-01,МайПлей,DS1086h,1.0,0.95457935
2025-02,МайПлей,DS1086h,0.0,0.14931452
2025-03,МайПлей,DS1086h,0.0,0.0
2025-04,МайПлей,DS1086h,0.0,0.0
2025-05,МайПлей,DS1086h,0.0,0.0
2025-06,МайПлей,DS1086h,1.0,0.0
2024-07,Сільпо,DS1086h,3.0,0.30873173
2024-08,Сільпо,DS1086h,1.0,0.6290624
2024-09,Сільпо,DS1086h,1.0,0.12406119
2024-10,Сільпо,DS1086h,4.0,0.08406396
2024-11,Сільпо,DS1086h,2.0,0.17938443
2024-12,Сільпо,DS1086h,14.0,1.7102511
2025-01,Сільпо,DS1086h,3.0,0.80175537
2025-02,Сільпо,DS1086h,2.0,0.2850798
2025-03,Сільпо,DS1086h,0.0,0.19258028
2025-04,Сільпо,DS1086h,1.0,0.0
2025-05,Сільпо,DS1086h,0.0,0.053793527
2025-06,Сільпо,DS1086h,0.0,0.0
2024-07,Акварель,DS1087h,9.0,3.071703
2024-08,Акварель,DS1087h,11.0,3.6655087
2024-09,Акварель,DS1087h,12.0,3.3729272
2024-10,Акварель,DS1087h,13.0,4.500429
2024-11,Акварель,DS1087h,4.0,5.2783275
2024-12,Акварель,DS1087h,31.0,12.734373
2025-01,Акварель,DS1087h,8.0,5.6166573
2025-02,Акварель,DS1087h,8.0,2.7325885
2025-03,Акварель,DS1087h,14.0,2.292432
2025-04,Акварель,DS1087h,10.0,2.428375
2025-05,Акварель,DS1087h,1.0,2.026228
2025-06,Акварель,DS1087h,3.0,1.5096399
2024-07,Антошка,DS1087h,20.0,6.9947033
2024-08,Антошка,DS1087h,12.0,5.8947706
2024-09,Антошка,DS1087h,19.0,5.036756
2024-10,Антошка,DS1087h,13.0,8.417355
2024-11,Антошка,DS1087h,12.0,7.8670154
2024-12,Антошка,DS1087h,49.0,25.18474
2025-01,Антошка,DS1087h,22.0,10.967052
2025-02,Антошка,DS1087h,13.0,7.8100014
2025-03,Антошка,DS1087h,8.0,5.6294093
2025-04,Антошка,DS1087h,7.0,3.7704363
2025-05,Антошка,DS1087h,8.0,3.381256
2025-06,Антошка,DS1087h,5.0,2.9624481
2024-07,БІ,DS1087h,52.0,20.524137
2024-08,БІ,DS1087h,48.0,22.727037
2024-09,БІ,DS1087h,53.0,21.939491
2024-10,БІ,DS1087h,31.0,24.229874
2024-11,БІ,DS1087h,44.0,20.402582
2024-12,БІ,DS1087h,111.0,61.015224
2025-01,БІ,DS1087h,48.0,23.772915
2025-02,БІ,DS1087h,32.0,21.55323
2025-03,БІ,DS1087h,34.0,11.282607
2025-04,БІ,DS1087h,46.0,10.490849
2025-05,БІ,DS1087h,20.0,14.750384
2025-06,БІ,DS1087h,16.0,9.069146
2024-07,Віват Канцелярія,DS1087h,4.0,0.64273924
2024-08,Віват Канцелярія,DS1087h,2.0,0.8471098
2024-09,Віват Канцелярія,DS1087h,2.0,0.5306754
2024-10,Віват Канцелярія,DS1087h,1.0,0.49335656
2024-11,Віват Канцелярія,DS1087h,0.0,0.77300906
2024-12,Віват Канцелярія,DS1087h,9.0,3.1443899
2025-01,Віват Канцелярія,DS1087h,1.0,0.5376219
2025-02,Віват Канцелярія,DS1087h,2.0,0.64793384
2025-03,Віват Канцелярія,DS1087h,1.0,0.4409646
2025-04,Віват Канцелярія,DS1087h,4.0,0.0
2025-05,Віват Канцелярія,DS1087h,0.0,0.048481967
2025-06,Віват Канцелярія,DS1087h,2.0,0.0
2024-07,Епіцентр,DS1087h,10.0,2.584476
2024-08,Епіцентр,DS1087h,9.0,2.0865257
2024-09,Епіцентр,DS1087h,5.0,2.0305386
2024-10,Епіцентр,DS1087h,9.0,2.233217
2024-11,Епіцентр,DS1087h,11.0,2.7804644
2024-12,Епіцентр,DS1087h,26.0,12.245224
2025-01,Епіцентр,DS1087h,13.0,4.371206
2025-02,Епіцентр,DS1087h,4.0,2.5946267
2025-03,Епіцентр,DS1087h,9.0,1.1609703
2025-04,Епіцентр,DS1087h,0.0,0.31359446
2025-05,Епіцентр,DS1087h,6.0,1.6376655
2025-06,Епіцентр,DS1087h,6.0,1.1571267
2024-07,МайПлей,DS1087h,2.0,0.7897047
2024-08,МайПлей,DS1087h,6.0,1.0191263
2024-09,МайПлей,DS1087h,1.0,0.6927572
2024-10,МайПлей,DS1087h,2.0,0.93466574
2024-11,МайПлей,DS1087h,2.0,1.0202401
2024-12,МайПлей,DS1087h,11.0,4.6199813
2025-01,МайПлей,DS1087h,2.0,1.3430866
2025-02,МайПлей,DS1087h,2.0,1.1041592
2025-03,МайПлей,DS1087h,1.0,0.58943045
2025-04,МайПлей,DS1087h,0.0,0.0
2025-05,МайПлей,DS1087h,3.0,0.2996794
2025-06,МайПлей,DS1087h,1.0,0.066306956
2024-07,Монако,DS1087h,1.0,0.24475713
2024-08,Монако,DS1087h,4.0,0.46822682
2024-09,Монако,DS1087h,3.0,0.52475786
2024-10,Монако,DS1087h,4.0,0.5356153
2024-11,Монако,DS1087h,7.0,0.96598876
2024-12,Монако,DS1087h,5.0,2.625201
2025-01,Монако,DS1087h,0.0,0.063338034
2025-02,Монако,DS1087h,0.0,0.0
2025-03,Монако,DS1087h,0.0,0.0
2025-04,Монако,DS1087h,0.0,0.0
2025-05,Монако,DS1087h,0.0,0.0
2025-06,Монако,DS1087h,0.0,0.0
2024-07,Росицька ФОП,DS1087h,0.0,0.0
2024-08,Росицька ФОП,DS1087h,0.0,0.0
2024-09,Росицька ФОП,DS1087h,0.0,0.0
2024-10,Росицька ФОП,DS1087h,0.0,0.0
2024-11,Росицька ФОП,DS1087h,2.0,0.0
2024-12,Росицька ФОП,DS1087h,3.0,0.57256186
2025-01,Росицька ФОП,DS1087h,0.0,0.049870886
2025-02,Росицька ФОП,DS1087h,1.0,0.0
2025-03,Росицька ФОП,DS1087h,0.0,0.0
2025-04,Росицька ФОП,DS1087h,1.0,0.0
2025-05,Росицька ФОП,DS1087h,0.0,0.0
2025-06,Росицька ФОП,DS1087h,0.0,0.0
2024-07,ІМ-Розетка,L523h,7.0,2.3628268
2024-08,ІМ-Розетка,L523h,5.0,2.4840484
2024-09,ІМ-Розетка,L523h,10.0,3.2341616
2024-10,ІМ-Розетка,L523h,5.0,2.6159568
2024-11,ІМ-Розетка,L523h,30.0,2.7879095
2024-12,ІМ-Розетка,L523h,53.0,25.602404
2025-01,ІМ-Розетка,L523h,0.0,2.9697604
2025-02,ІМ-Розетка,L523h,0.0,0.0
2025-03,ІМ-Розетка,L523h,0.0,0.0
2025-04,ІМ-Розетка,L523h,0.0,0.0
2025-05,ІМ-Розетка,L523h,0.0,0.0
2025-06,ІМ-Розетка,L523h,0.0,0.0
2024-07,Акварель,L523h,7.0,3.692212
2024-08,Акварель,L523h,17.0,5.2803917
2024-09,Акварель,L523h,13.0,6.637172
2024-10,Акварель,L523h,12.0,4.556368
2024-11,Акварель,L523h,15.0,6.9198284
2024-12,Акварель,L523h,70.0,24.246988
2025-01,Акварель,L523h,16.0,10.642277
2025-02,Акварель,L523h,11.0,3.047859
2025-03,Акварель,L523h,11.0,3.1103618
2025-04,Акварель,L523h,5.0,2.0869482
2025-05,Акварель,L523h,6.0,1.4956412
2025-06,Акварель,L523h,1.0,1.1717986
2024-07,БІ,L523h,30.0,19.759695
2024-08,БІ,L523h,60.0,20.498991
2024-09,БІ,L523h,56.0,29.77189
2024-10,БІ,L523h,53.0,28.979488
2024-11,БІ,L523h,52.0,36.73704
2024-12,БІ,L523h,206.0,78.2031
2025-01,БІ,L523h,83.0,37.326088
2025-02,БІ,L523h,27.0,16.128557
2025-03,БІ,L523h,26.0,9.221832
2025-04,БІ,L523h,20.0,8.363695
2025-05,БІ,L523h,11.0,7.3342395
2025-06,БІ,L523h,8.0,4.264062
2024-07,Віват Канцелярія,L523h,3.0,0.67816067
2024-08,Віват Канцелярія,L523h,4.0,1.6205381
2024-09,Віват Канцелярія,L523h,2.0,0.9686442
2024-10,Віват Канцелярія,L523h,3.0,1.0349576
2024-11,Віват Канцелярія,L523h,5.0,1.8072788
2024-12,Віват Канцелярія,L523h,12.0,9.758321
2025-01,Віват Канцелярія,L523h,3.0,1.7608021
2025-02,Віват Канцелярія,L523h,1.0,0.7238409
2025-03,Віват Канцелярія,L523h,6.0,0.64321405
2025-04,Віват Канцелярія,L523h,2.0,0.30005324
2025-05,Віват Канцелярія,L523h,0.0,0.0
2025-06,Віват Канцелярія,L523h,2.0,0.0
2024-07,Епіцентр,L523h,7.0,0.90912473
2024-08,Епіцентр,L523h,10.0,2.1072602
2024-09,Епіцентр,L523h,5.0,2.3825572
2024-10,Епіцентр,L523h,4.0,1.6067882
2024-11,Епіцентр,L523h,19.0,2.8365774
2024-12,Епіцентр,L523h,63.0,16.453976
2025-01,Епіцентр,L523h,24.0,7.452279
2025-02,Епіцентр,L523h,6.0,2.6251743
2025-03,Епіцентр,L523h,5.0,1.4933815
2025-04,Епіцентр,L523h,0.0,0.09782497
2025-05,Епіцентр,L523h,4.0,0.8837024
2025-06,Епіцентр,L523h,2.0,0.48009175
2024-07,Країна Казок,L523h,0.0,0.0
2024-08,Країна Казок,L523h,0.0,0.0
2024-09,Країна Казок,L523h,0.0,0.0
2024-10,Країна Казок,L523h,0.0,0.0
2024-11,Країна Казок,L523h,0.0,0.0
2024-12,Країна Казок,L523h,1.0,0.34291226
2025-01,Країна Казок,L523h,0.0,0.0
2025-02,Країна Казок,L523h,0.0,0.0
2025-03,Країна Казок,L523h,1.0,0.0
2025-04,Країна Казок,L523h,6.0,0.0
2025-05,Країна Казок,L523h,0.0,0.0
2025-06,Країна Казок,L523h,0.0,0.0
2024-07,МайПлей,L523h,3.0,1.1007539
2024-08,МайПлей,L523h,5.0,1.9087572
2024-09,МайПлей,L523h,5.0,1.9844329
2024-10,МайПлей,L523h,5.0,1.6510615
2024-11,МайПлей,L523h,11.0,2.0909088
2024-12,МайПлей,L523h,20.0,13.620572
2025-01,МайПлей,L523h,12.0,5.4143763
2025-02,МайПлей,L523h,2.0,1.3818544
2025-03,МайПлей,L523h,2.0,0.6859873
2025-04,МайПлей,L523h,1.0,0.54809886
2025-05,МайПлей,L523h,1.0,0.55277866
2025-06,МайПлей,L523h,0.0,0.38542682
2024-07,Мегамаркет,L523h,2.0,0.0
2024-08,Мегамаркет,L523h,0.0,0.0
2024-09,Мегамаркет,L523h,0.0,0.0
2024-10,Мегамаркет,L523h,1.0,0.0
2024-11,Мегамаркет,L523h,2.0,0.0
2024-12,Мегамаркет,L523h,1.0,0.545152
2025-01,Мегамаркет,L523h,1.0,0.0
2025-02,Мегамаркет,L523h,1.0,0.0
2025-03,Мегамаркет,L523h,1.0,0.0
2025-04,Мегамаркет,L523h,0.0,0.0
2025-05,Мегамаркет,L523h,1.0,0.0
2025-06,Мегамаркет,L523h,0.0,0.0
2024-07,Монако,L523h,1.0,0.0
2024-08,Монако,L523h,4.0,0.16110392
2024-09,Монако,L523h,1.0,0.5746311
2024-10,Монако,L523h,3.0,0.3428996
2024-11,Монако,L523h,0.0,0.0
2024-12,Монако,L523h,0.0,0.4963505
2025-01,Монако,L523h,0.0,0.0
2025-02,Монако,L523h,0.0,0.0
2025-03,Монако,L523h,0.0,0.0
2025-04,Монако,L523h,0.0,0.0
2025-05,Монако,L523h,0.0,0.0
2025-06,Монако,L523h,0.0,0.0
2024-07,РОСТ,L523h,0.0,0.0
2024-08,РОСТ,L523h,0.0,0.0
2024-09,РОСТ,L523h,0.0,0.0
2024-10,РОСТ,L523h,0.0,0.0
2024-11,РОСТ,L523h,0.0,0.0
2024-12,РОСТ,L523h,0.0,0.0
2025-01,РОСТ,L523h,0.0,0.0
2025-02,РОСТ,L523h,0.0,0.0
2025-03,РОСТ,L523h,0.0,0.0
2025-04,РОСТ,L523h,0.0,0.0
2025-05,РОСТ,L523h,0.0,0.0
2025-06,РОСТ,L523h,0.0,0.0
2024-07,Чудо Острів,L523h,10.0,1.416866
2024-08,Чудо Острів,L523h,10.0,2.885988
2024-09,Чудо Острів,L523h,14.0,4.0256815
2024-10,Чудо Острів,L523h,4.0,3.278129
2024-11,Чудо Острів,L523h,13.0,3.414605
2024-12,Чудо Острів,L523h,61.0,15.973047
2025-01,Чудо Острів,L523h,6.0,6.9717393
2025-02,Чудо Острів,L523h,2.0,1.0248095
2025-03,Чудо Острів,L523h,2.0,0.5870611
2025-04,Чудо Острів,L523h,1.0,0.6041916
2025-05,Чудо Острів,L523h,2.0,0.7678215
2025-06,Чудо Острів,L523h,1.0,0.41225317
2024-07,Акварель,L525h,5.0,1.9391515
2024-08,Акварель,L525h,11.0,3.594675
2024-09,Акварель,L525h,10.0,4.3672094
2024-10,Акварель,L525h,5.0,3.4725742
2024-11,Акварель,L525h,11.0,4.5225196
2024-12,Акварель,L525h,46.0,20.200144
2025-01,Акварель,L525h,21.0,9.643717
2025-02,Акварель,L525h,14.0,3.9716482
2025-03,Акварель,L525h,11.0,3.647272
2025-04,Акварель,L525h,5.0,2.2873313
2025-05,Акварель,L525h,5.0,1.9696355
2025-06,Акварель,L525h,0.0,1.4379568
2024-07,Антошка,L525h,0.0,0.0
2024-08,Антошка,L525h,0.0,0.0
2024-09,Антошка,L525h,0.0,0.0
2024-10,Антошка,L525h,0.0,0.0
2024-11,Антошка,L525h,0.0,0.0
2024-12,Антошка,L525h,3.0,2.749301
2025-01,Антошка,L525h,9.0,2.1500287
2025-02,Антошка,L525h,3.0,1.4260526
2025-03,Антошка,L525h,2.0,0.78488034
2025-04,Антошка,L525h,0.0,0.0
2025-05,Антошка,L525h,3.0,0.33458632
2025-06,Антошка,L525h,2.0,0.25937027
2024-07,БІ,L525h,20.0,12.547143
2024-08,БІ,L525h,27.0,13.086387
2024-09,БІ,L525h,32.0,14.526852
2024-10,БІ,L525h,26.0,15.016267
2024-11,БІ,L525h,32.0,17.11494
2024-12,БІ,L525h,125.0,57.484085
2025-01,БІ,L525h,70.0,28.77265
2025-02,БІ,L525h,33.0,23.527842
2025-03,БІ,L525h,30.0,12.586945
2025-04,БІ,L525h,20.0,9.952174
2025-05,БІ,L525h,20.0,8.368041
2025-06,БІ,L525h,14.0,9.338887
2024-07,Віват Канцелярія,L525h,2.0,0.49244517
2024-08,Віват Канцелярія,L525h,2.0,1.0683526
2024-09,Віват Канцелярія,L525h,5.0,1.1620711
2024-10,Віват Канцелярія,L525h,1.0,0.68265265
2024-11,Віват Канцелярія,L525h,1.0,1.6011057
2024-12,Віват Канцелярія,L525h,11.0,5.5904307
2025-01,Віват Канцелярія,L525h,2.0,1.4837008
2025-02,Віват Канцелярія,L525h,3.0,0.9548765
2025-03,Віват Канцелярія,L525h,3.0,0.65232694
2025-04,Віват Канцелярія,L525h,1.0,0.4234879
2025-05,Віват Канцелярія,L525h,3.0,0.21148467
2025-06,Віват Канцелярія,L525h,2.0,0.29294997
2024-07,Еліпс,L525h,0.0,0.0
2024-08,Еліпс,L525h,0.0,0.0
2024-09,Еліпс,L525h,0.0,0.0
2024-10,Еліпс,L525h,1.0,0.17728569
2024-11,Еліпс,L525h,1.0,0.19280195
2024-12,Еліпс,L525h,1.0,0.48768896
2025-01,Еліпс,L525h,1.0,0.16585
2025-02,Еліпс,L525h,0.0,0.0
2025-03,Еліпс,L525h,0.0,0.0
2025-04,Еліпс,L525h,0.0,0.0
2025-05,Еліпс,L525h,0.0,0.0
2025-06,Еліпс,L525h,0.0,0.0
2024-07,Епіцентр,L525h,3.0,0.5703959
2024-08,Епіцентр,L525h,3.0,1.0451409
2024-09,Епіцентр,L525h,4.0,1.280094
2024-10,Епіцентр,L525h,1.0,0.9115179
2024-11,Епіцентр,L525h,12.0,1.7826518
2024-12,Епіцентр,L525h,36.0,10.103151
2025-01,Епіцентр,L525h,13.0,6.7873025
2025-02,Епіцентр,L525h,11.0,2.9255397
2025-03,Епіцентр,L525h,7.0,2.0158727
2025-04,Епіцентр,L525h,0.0,0.39034197
2025-05,Епіцентр,L525h,0.0,0.16053338
2025-06,Епіцентр,L525h,5.0,0.29625052
2024-07,Казка Львів,L525h,1.0,0.0
2024-08,Казка Львів,L525h,0.0,0.0
2024-09,Казка Львів,L525h,0.0,0.0
2024-10,Казка Львів,L525h,2.0,0.13182299
2024-11,Казка Львів,L525h,0.0,0.0
2024-12,Казка Львів,L525h,0.0,0.15495618
2025-01,Казка Львів,L525h,0.0,0.0
2025-02,Казка Львів,L525h,0.0,0.0
2025-03,Казка Львів,L525h,0.0,0.0
2025-04,Казка Львів,L525h,0.0,0.0
2025-05,Казка Львів,L525h,0.0,0.0
2025-06,Казка Львів,L525h,0.0,0.0
2024-07,Країна Казок,L525h,0.0,0.0
2024-08,Країна Казок,L525h,1.0,0.0
2024-09,Країна Казок,L525h,0.0,0.0
2024-10,Країна Казок,L525h,0.0,0.0
2024-11,Країна Казок,L525h,0.0,0.0
2024-12,Країна Казок,L525h,0.0,0.32598135
2025-01,Країна Казок,L525h,1.0,0.0
2025-02,Країна Казок,L525h,0.0,0.0
2025-03,Країна Казок,L525h,1.0,0.0
2025-04,Країна Казок,L525h,2.0,0.0
2025-05,Країна Казок,L525h,0.0,0.0
2025-06,Країна Казок,L525h,1.0,0.0
2024-07,МайПлей,L525h,1.0,0.69988775
2024-08,МайПлей,L525h,4.0,1.513086
2024-09,МайПлей,L525h,6.0,1.9102556
2024-10,МайПлей,L525h,5.0,1.5443465
2024-11,МайПлей,L525h,3.0,2.1364555
2024-12,МайПлей,L525h,15.0,7.759473
2025-01,МайПлей,L525h,4.0,3.1135578
2025-02,МайПлей,L525h,3.0,0.7714079
2025-03,МайПлей,L525h,0.0,0.0
2025-04,МайПлей,L525h,1.0,0.376695
2025-05,МайПлей,L525h,3.0,0.29218704
2025-06,МайПлей,L525h,0.0,0.12831758
2024-07,Мегамаркет,L525h,0.0,0.0
2024-08,Мегамаркет,L525h,1.0,0.0
2024-09,Мегамаркет,L525h,1.0,0.0
2024-10,Мегамаркет,L525h,1.0,0.0
2024-11,Мегамаркет,L525h,0.0,0.0
2024-12,Мегамаркет,L525h,4.0,0.48538968
2025-01,Мегамаркет,L525h,1.0,0.0
2025-02,Мегамаркет,L525h,0.0,0.0
2025-03,Мегамаркет,L525h,0.0,0.0
2025-04,Мегамаркет,L525h,0.0,0.0
2025-05,Мегамаркет,L525h,0.0,0.0
2025-06,Мегамаркет,L525h,0.0,0.0
2024-07,Монако,L525h,0.0,0.0
2024-08,Монако,L525h,2.0,0.16995427
2024-09,Монако,L525h,1.0,0.3504653
2024-10,Монако,L525h,2.0,0.35097042
2024-11,Монако,L525h,3.0,0.5245837
2024-12,Монако,L525h,7.0,1.8890442
2025-01,Монако,L525h,0.0,0.2563613
2025-02,Монако,L525h,0.0,0.0
2025-03,Монако,L525h,0.0,0.0
2025-04,Монако,L525h,0.0,0.0
2025-05,Монако,L525h,0.0,0.0
2025-06,Монако,L525h,0.0,0.0
2024-07,РОСТ,L525h,0.0,0.0
2024-08,РОСТ,L525h,0.0,0.0
2024-09,РОСТ,L525h,0.0,0.0
2024-10,РОСТ,L525h,0.0,0.0
2024-11,РОСТ,L525h,0.0,0.0
2024-12,РОСТ,L525h,0.0,0.0
2025-01,РОСТ,L525h,0.0,0.0
2025-02,РОСТ,L525h,0.0,0.0
2025-03,РОСТ,L525h,0.0,0.0
2025-04,РОСТ,L525h,0.0,0.0
2025-05,РОСТ,L525h,0.0,0.0
2025-06,РОСТ,L525h,0.0,0.0
2024-07,Чудо Острів,L525h,5.0,1.4138535
2024-08,Чудо Острів,L525h,5.0,1.659942
2024-09,Чудо Острів,L525h,9.0,2.29183
2024-10,Чудо Острів,L525h,1.0,1.7632691
2024-11,Чудо Острів,L525h,14.0,2.6983793
2024-12,Чудо Острів,L525h,87.0,20.464293
2025-01,Чудо Острів,L525h,36.0,14.243008
2025-02,Чудо Острів,L525h,9.0,7.024786
2025-03,Чудо Острів,L525h,5.0,2.7747157
2025-04,Чудо Острів,L525h,7.0,1.5026013
2025-05,Чудо Острів,L525h,2.0,1.6975285
2025-06,Чудо Острів,L525h,3.0,1.4814042
2024-07,ІМ-Розетка,L532h,2.0,0.275772
2024-08,ІМ-Розетка,L532h,4.0,0.2481375
2024-09,ІМ-Розетка,L532h,1.0,0.4033599
2024-10,ІМ-Розетка,L532h,8.0,1.1432954
2024-11,ІМ-Розетка,L532h,22.0,2.0120082
2024-12,ІМ-Розетка,L532h,5.0,12.412423
2025-01,ІМ-Розетка,L532h,0.0,0.115927964
2025-02,ІМ-Розетка,L532h,0.0,0.0
2025-03,ІМ-Розетка,L532h,0.0,0.0
2025-04,ІМ-Розетка,L532h,0.0,0.0
2025-05,ІМ-Розетка,L532h,0.0,0.0
2025-06,ІМ-Розетка,L532h,0.0,0.0
2024-07,Акварель,L532h,9.0,2.1245763
2024-08,Акварель,L532h,14.0,4.2179847
2024-09,Акварель,L532h,17.0,5.854333
2024-10,Акварель,L532h,8.0,5.6622653
2024-11,Акварель,L532h,9.0,4.596039
2024-12,Акварель,L532h,56.0,20.556425
2025-01,Акварель,L532h,7.0,6.1052184
2025-02,Акварель,L532h,8.0,1.2380292
2025-03,Акварель,L532h,2.0,1.8449455
2025-04,Акварель,L532h,0.0,0.8094158
2025-05,Акварель,L532h,1.0,0.56854385
2025-06,Акварель,L532h,0.0,0.6291339
2024-07,Антошка,L532h,5.0,2.493186
2024-08,Антошка,L532h,19.0,4.7817597
2024-09,Антошка,L532h,19.0,6.33772
2024-10,Антошка,L532h,12.0,7.8213954
2024-11,Антошка,L532h,21.0,7.801259
2024-12,Антошка,L532h,60.0,25.13688
2025-01,Антошка,L532h,19.0,9.889685
2025-02,Антошка,L532h,5.0,3.5220816
2025-03,Антошка,L532h,1.0,2.7615461
2025-04,Антошка,L532h,3.0,1.5231996
2025-05,Антошка,L532h,3.0,1.4155881
2025-06,Антошка,L532h,3.0,1.6903288
2024-07,БІ,L532h,25.0,14.066229
2024-08,БІ,L532h,55.0,15.368026
2024-09,БІ,L532h,51.0,25.235918
2024-10,БІ,L532h,81.0,27.278164
2024-11,БІ,L532h,104.0,37.723965
2024-12,БІ,L532h,230.0,80.91148
2025-01,БІ,L532h,34.0,22.898956
2025-02,БІ,L532h,10.0,7.758337
2025-03,БІ,L532h,6.0,3.8556175
2025-04,БІ,L532h,3.0,2.4263551
2025-05,БІ,L532h,2.0,1.631086
2025-06,БІ,L532h,1.0,1.0424209
2024-07,Віват Канцелярія,L532h,0.0,0.0
2024-08,Віват Канцелярія,L532h,3.0,0.19989944
2024-09,Віват Канцелярія,L532h,2.0,0.24881908
2024-10,Віват Канцелярія,L532h,1.0,0.32183906
2024-11,Віват Канцелярія,L532h,3.0,0.6283081
2024-12,Віват Канцелярія,L532h,6.0,5.506248
2025-01,Віват Канцелярія,L532h,4.0,0.44124463
2025-02,Віват Канцелярія,L532h,3.0,0.42424732
2025-03,Віват Канцелярія,L532h,2.0,0.36644116
2025-04,Віват Канцелярія,L532h,0.0,0.024664566
2025-05,Віват Канцелярія,L532h,0.0,0.0052440097
2025-06,Віват Канцелярія,L532h,1.0,0.0
2024-07,Еліпс,L532h,0.0,0.0
2024-08,Еліпс,L532h,1.0,0.06389846
2024-09,Еліпс,L532h,0.0,0.0
2024-10,Еліпс,L532h,0.0,0.0
2024-11,Еліпс,L532h,1.0,0.05037895
2024-12,Еліпс,L532h,0.0,0.0
2025-01,Еліпс,L532h,0.0,0.0
2025-02,Еліпс,L532h,0.0,0.0
2025-03,Еліпс,L532h,0.0,0.0
2025-04,Еліпс,L532h,0.0,0.0
2025-05,Еліпс,L532h,0.0,0.0
2025-06,Еліпс,L532h,0.0,0.0
2024-07,Епіцентр,L532h,9.0,2.485544
2024-08,Епіцентр,L532h,7.0,2.1705284
2024-09,Епіцентр,L532h,5.0,2.1030536
2024-10,Епіцентр,L532h,7.0,2.1271377
2024-11,Епіцентр,L532h,21.0,2.2460828
2024-12,Епіцентр,L532h,49.0,15.252409
2025-01,Епіцентр,L532h,8.0,3.9478316
2025-02,Епіцентр,L532h,4.0,0.82129115
2025-03,Епіцентр,L532h,1.0,0.47523862
2025-04,Епіцентр,L532h,0.0,0.5016744
2025-05,Епіцентр,L532h,0.0,0.5779455
2025-06,Епіцентр,L532h,0.0,0.15569693
2024-07,Казка Львів,L532h,1.0,0.21387777
2024-08,Казка Львів,L532h,0.0,0.0
2024-09,Казка Львів,L532h,0.0,0.03350667
2024-10,Казка Львів,L532h,2.0,0.4412529
2024-11,Казка Львів,L532h,2.0,0.5701037
2024-12,Казка Львів,L532h,0.0,0.49631268
2025-01,Казка Львів,L532h,0.0,0.0
2025-02,Казка Львів,L532h,0.0,0.0
2025-03,Казка Львів,L532h,0.0,0.0
2025-04,Казка Львів,L532h,0.0,0.0
2025-05,Казка Львів,L532h,0.0,0.0
2025-06,Казка Львів,L532h,0.0,0.0
2024-07,Країна Казок,L532h,0.0,0.0
2024-08,Країна Казок,L532h,2.0,0.0
2024-09,Країна Казок,L532h,0.0,0.0
2024-10,Країна Казок,L532h,2.0,0.0
2024-11,Країна Казок,L532h,0.0,0.0
2024-12,Країна Казок,L532h,2.0,0.57002133
2025-01,Країна Казок,L532h,0.0,0.0
2025-02,Країна Казок,L532h,0.0,0.0
2025-03,Країна Казок,L532h,0.0,0.0
2025-04,Країна Казок,L532h,2.0,0.0
2025-05,Країна Казок,L532h,0.0,0.0
2025-06,Країна Казок,L532h,0.0,0.0
2024-07,МайПлей,L532h,2.0,0.56646967
2024-08,МайПлей,L532h,3.0,1.090725
2024-09,МайПлей,L532h,7.0,1.3022684
2024-10,МайПлей,L532h,4.0,1.3381077
2024-11,МайПлей,L532h,6.0,1.5201917
2024-12,МайПлей,L532h,10.0,6.0798736
2025-01,МайПлей,L532h,1.0,0.3663786
2025-02,МайПлей,L532h,0.0,0.0
2025-03,МайПлей,L532h,0.0,0.0
2025-04,МайПлей,L532h,0.0,0.0
2025-05,МайПлей,L532h,0.0,0.0
2025-06,МайПлей,L532h,0.0,0.0
2024-07,Мегамаркет,L532h,0.0,0.0
2024-08,Мегамаркет,L532h,0.0,0.0
2024-09,Мегамаркет,L532h,1.0,0.0
2024-10,Мегамаркет,L532h,0.0,0.0
2024-11,Мегамаркет,L532h,0.0,0.0
2024-12,Мегамаркет,L532h,1.0,0.011054673
2025-01,Мегамаркет,L532h,1.0,0.0
2025-02,Мегамаркет,L532h,0.0,0.0
2025-03,Мегамаркет,L532h,0.0,0.0
2025-04,Мегамаркет,L532h,0.0,0.0
2025-05,Мегамаркет,L532h,0.0,0.0
2025-06,Мегамаркет,L532h,0.0,0.0
2024-07,Смік,L532h,0.0,0.0
2024-08,Смік,L532h,1.0,0.2265956
2024-09,Смік,L532h,3.0,0.3524647
2024-10,Смік,L532h,3.0,0.80711126
2024-11,Смік,L532h,4.0,1.7316021
2024-12,Смік,L532h,13.0,4.370541
2025-01,Смік,L532h,5.0,0.93989176
2025-02,Смік,L532h,2.0,0.38394642
2025-03,Смік,L532h,3.0,0.3816737
2025-04,Смік,L532h,0.0,0.16289479
2025-05,Смік,L532h,1.0,0.03694285
2025-06,Смік,L532h,0.0,0.0
2024-07,Чудо Острів,L532h,3.0,1.2817279
2024-08,Чудо Острів,L532h,12.0,1.8335704
2024-09,Чудо Острів,L532h,16.0,2.7868214
2024-10,Чудо Острів,L532h,1.0,4.149033
2024-11,Чудо Острів,L532h,22.0,3.3573112
2024-12,Чудо Острів,L532h,85.0,29.446775
2025-01,Чудо Острів,L532h,11.0,7.12272
2025-02,Чудо Острів,L532h,3.0,1.6882854
2025-03,Чудо Острів,L532h,5.0,0.3395337
2025-04,Чудо Острів,L532h,0.0,0.0
2025-05,Чудо Острів,L532h,0.0,0.0
2025-06,Чудо Острів,L532h,0.0,0.01762489
2024-07,Акварель,L538h,4.0,2.1573267
2024-08,Акварель,L538h,15.0,3.1977587
2024-09,Акварель,L538h,13.0,5.0099115
2024-10,Акварель,L538h,9.0,4.2777324
2024-11,Акварель,L538h,11.0,4.36445
2024-12,Акварель,L538h,25.0,15.728771
2025-01,Акварель,L538h,8.0,5.816259
2025-02,Акварель,L538h,8.0,3.9881482
2025-03,Акварель,L538h,8.0,3.982235
2025-04,Акварель,L538h,12.0,3.0043855
2025-05,Акварель,L538h,8.0,3.00128
2025-06,Акварель,L538h,2.0,3.0280962
2024-07,Антошка,L538h,1.0,1.30477
2024-08,Антошка,L538h,5.0,1.5829481
2024-09,Антошка,L538h,3.0,1.2584723
2024-10,Антошка,L538h,4.0,1.2657895
2024-11,Антошка,L538h,3.0,1.6658127
2024-12,Антошка,L538h,10.0,7.9546375
2025-01,Антошка,L538h,4.0,1.6825845
2025-02,Антошка,L538h,2.0,1.5366148
2025-03,Антошка,L538h,3.0,1.143783
2025-04,Антошка,L538h,2.0,0.92944306
2025-05,Антошка,L538h,1.0,0.7928699
2025-06,Антошка,L538h,0.0,0.7336089
2024-07,БІ,L538h,9.0,4.2272253
2024-08,БІ,L538h,11.0,5.9791164
2024-09,БІ,L538h,8.0,5.725416
2024-10,БІ,L538h,6.0,4.2601514
2024-11,БІ,L538h,14.0,4.365275
2024-12,БІ,L538h,58.0,20.096563
2025-01,БІ,L538h,27.0,12.796859
2025-02,БІ,L538h,7.0,10.90912
2025-03,БІ,L538h,7.0,4.7674026
2025-04,БІ,L538h,11.0,4.201982
2025-05,БІ,L538h,10.0,4.8552656
2025-06,БІ,L538h,7.0,4.331893
2024-07,Віват Канцелярія,L538h,0.0,0.0
2024-08,Віват Канцелярія,L538h,0.0,0.07445432
2024-09,Віват Канцелярія,L538h,1.0,0.0
2024-10,Віват Канцелярія,L538h,2.0,0.0
2024-11,Віват Канцелярія,L538h,1.0,0.0329484
2024-12,Віват Канцелярія,L538h,8.0,3.5666351
2025-01,Віват Канцелярія,L538h,3.0,0.8037815
2025-02,Віват Канцелярія,L538h,4.0,0.642837
2025-03,Віват Канцелярія,L538h,2.0,0.7870379
2025-04,Віват Канцелярія,L538h,0.0,0.3247185
2025-05,Віват Канцелярія,L538h,0.0,0.0
2025-06,Віват Канцелярія,L538h,3.0,0.0
2024-07,Епіцентр,L538h,4.0,0.34984756
2024-08,Епіцентр,L538h,2.0,0.6275547
2024-09,Епіцентр,L538h,4.0,0.7025473
2024-10,Епіцентр,L538h,2.0,0.8611728
2024-11,Епіцентр,L538h,4.0,0.98003536
2024-12,Епіцентр,L538h,18.0,5.449233
2025-01,Епіцентр,L538h,1.0,2.7309167
2025-02,Епіцентр,L538h,5.0,1.5998161
2025-03,Епіцентр,L538h,1.0,1.2173005
2025-04,Епіцентр,L538h,0.0,0.71790487
2025-05,Епіцентр,L538h,4.0,0.48956737
2025-06,Епіцентр,L538h,1.0,0.2187343
2024-07,МайПлей,L538h,1.0,0.14694938
2024-08,МайПлей,L538h,2.0,0.49131
2024-09,МайПлей,L538h,3.0,0.4781002
2024-10,МайПлей,L538h,0.0,0.35709578
2024-11,МайПлей,L538h,0.0,0.22416955
2024-12,МайПлей,L538h,10.0,2.2684002
2025-01,МайПлей,L538h,4.0,1.1488374
2025-02,МайПлей,L538h,3.0,0.35080534
2025-03,МайПлей,L538h,1.0,0.28037155
2025-04,МайПлей,L538h,3.0,0.41850835
2025-05,МайПлей,L538h,0.0,0.10848538
2025-06,МайПлей,L538h,0.0,0.018243033
2024-07,Монако,L538h,1.0,0.22247164
2024-08,Монако,L538h,0.0,0.0
2024-09,Монако,L538h,0.0,0.0
2024-10,Монако,L538h,3.0,0.10073074
2024-11,Монако,L538h,5.0,0.6288525
2024-12,Монако,L538h,3.0,1.5544649
2025-01,Монако,L538h,0.0,0.095606856
2025-02,Монако,L538h,4.0,0.3861584
2025-03,Монако,L538h,0.0,0.0
2025-04,Монако,L538h,0.0,0.0
2025-05,Монако,L538h,0.0,0.0
2025-06,Монако,L538h,0.0,0.0
2024-07,Росицька ФОП,L538h,0.0,0.0
2024-08,Росицька ФОП,L538h,0.0,0.0
2024-09,Росицька ФОП,L538h,0.0,0.0
2024-10,Росицька ФОП,L538h,0.0,0.0
2024-11,Росицька ФОП,L538h,0.0,0.0
2024-12,Росицька ФОП,L538h,0.0,0.03554579
2025-01,Росицька ФОП,L538h,2.0,0.0
2025-02,Росицька ФОП,L538h,0.0,0.0
2025-03,Росицька ФОП,L538h,0.0,0.0
2025-04,Росицька ФОП,L538h,1.0,0.0
2025-05,Росицька ФОП,L538h,0.0,0.0
2025-06,Росицька ФОП,L538h,0.0,0.0
2024-07,Смік,L538h,1.0,0.0
2024-08,Смік,L538h,2.0,0.40740383
2024-09,Смік,L538h,3.0,0.38337973
2024-10,Смік,L538h,0.0,0.58932567
2024-11,Смік,L538h,2.0,0.153945
2024-12,Смік,L538h,1.0,1.7134615
2025-01,Смік,L538h,2.0,0.21524745
2025-02,Смік,L538h,1.0,0.0
2025-03,Смік,L538h,0.0,0.028814733
2025-04,Смік,L538h,0.0,0.0
2025-05,Смік,L538h,2.0,0.0
2025-06,Смік,L538h,0.0,0.0
2024-07,Співробітники,L538h,0.0,0.0
2024-08,Співробітники,L538h,0.0,0.0
2024-09,Співробітники,L538h,0.0,0.0
2024-10,Співробітники,L538h,0.0,0.0
2024-11,Співробітники,L538h,0.0,0.0
2024-12,Співробітники,L538h,0.0,0.0
2025-01,Співробітники,L538h,0.0,0.0
2025-02,Співробітники,L538h,0.0,0.0
2025-03,Співробітники,L538h,0.0,0.0
2025-04,Співробітники,L538h,1.0,0.0
2025-05,Співробітники,L538h,0.0,0.0
2025-06,Співробітники,L538h,0.0,0.0
2024-07,Чудо Острів,L538h,3.0,0.96633583
2024-08,Чудо Острів,L538h,5.0,1.4094759
2024-09,Чудо Острів,L538h,4.0,1.4327435
2024-10,Чудо Острів,L538h,3.0,1.072745
2024-11,Чудо Острів,L538h,3.0,1.2812827
2024-12,Чудо Острів,L538h,9.0,4.9012213
2025-01,Чудо Острів,L538h,6.0,1.4901667
2025-02,Чудо Острів,L538h,4.0,1.3139882
2025-03,Чудо Острів,L538h,5.0,0.9814072
2025-04,Чудо Острів,L538h,1.0,1.3243576
2025-05,Чудо Острів,L538h,3.0,1.1697718
2025-06,Чудо Острів,L538h,3.0,1.1241912
2024-07,Віват Канцелярія,MC087h,0.0,0.0
2024-08,Віват Канцелярія,MC087h,3.0,0.0
2024-09,Віват Канцелярія,MC087h,1.0,0.12666827
2024-10,Віват Канцелярія,MC087h,0.0,0.0
2024-11,Віват Канцелярія,MC087h,0.0,0.0
2024-12,Віват Канцелярія,MC087h,0.0,0.0
2025-01,Віват Канцелярія,MC087h,0.0,0.0
2025-02,Віват Канцелярія,MC087h,0.0,0.0
2025-03,Віват Канцелярія,MC087h,0.0,0.0
2025-04,Віват Канцелярія,MC087h,1.0,0.0
2025-05,Віват Канцелярія,MC087h,2.0,0.0
2025-06,Віват Канцелярія,MC087h,0.0,0.0
2024-07,ІМ-Розетка,MC253h,10.0,5.0803475
2024-08,ІМ-Розетка,MC253h,19.0,6.7546644
2024-09,ІМ-Розетка,MC253h,15.0,8.71947
2024-10,ІМ-Розетка,MC253h,26.0,9.645087
2024-11,ІМ-Розетка,MC253h,15.0,13.934733
2024-12,ІМ-Розетка,MC253h,71.0,38.847816
2025-01,ІМ-Розетка,MC253h,24.0,9.829063
2025-02,ІМ-Розетка,MC253h,16.0,4.6577163
2025-03,ІМ-Розетка,MC253h,0.0,0.30859727
2025-04,ІМ-Розетка,MC253h,0.0,0.0
2025-05,ІМ-Розетка,MC253h,0.0,0.0
2025-06,ІМ-Розетка,MC253h,0.0,0.0
2024-07,Акварель,MC253h,6.0,2.1859393
2024-08,Акварель,MC253h,10.0,3.6884482
2024-09,Акварель,MC253h,9.0,4.227746
2024-10,Акварель,MC253h,7.0,2.8326533
2024-11,Акварель,MC253h,8.0,3.1309695
2024-12,Акварель,MC253h,13.0,11.8532715
2025-01,Акварель,MC253h,7.0,3.8397465
2025-02,Акварель,MC253h,20.0,3.3059402
2025-03,Акварель,MC253h,21.0,4.641228
2025-04,Акварель,MC253h,2.0,3.2436848
2025-05,Акварель,MC253h,6.0,2.458603
2025-06,Акварель,MC253h,2.0,1.6769711
2024-07,Антошка,MC253h,0.0,0.0
2024-08,Антошка,MC253h,0.0,0.0
2024-09,Антошка,MC253h,0.0,0.0
2024-10,Антошка,MC253h,0.0,0.0
2024-11,Антошка,MC253h,0.0,0.0
2024-12,Антошка,MC253h,0.0,0.08500291
2025-01,Антошка,MC253h,0.0,0.0
2025-02,Антошка,MC253h,0.0,0.0
2025-03,Антошка,MC253h,0.0,0.0
2025-04,Антошка,MC253h,0.0,0.0
2025-05,Антошка,MC253h,0.0,0.0
2025-06,Антошка,MC253h,0.0,0.0
2024-07,БІ,MC253h,14.0,11.384378
2024-08,БІ,MC253h,46.0,14.420885
2024-09,БІ,MC253h,42.0,21.256395
2024-10,БІ,MC253h,12.0,15.82444
2024-11,БІ,MC253h,29.0,11.699321
2024-12,БІ,MC253h,151.0,50.4322
2025-01,БІ,MC253h,79.0,28.097797
2025-02,БІ,MC253h,55.0,25.213585
2025-03,БІ,MC253h,58.0,20.661005
2025-04,БІ,MC253h,19.0,14.138488
2025-05,БІ,MC253h,10.0,8.197184
2025-06,БІ,MC253h,14.0,6.609377
2024-07,Віват Канцелярія,MC253h,1.0,0.60946035
2024-08,Віват Канцелярія,MC253h,4.0,1.1889825
2024-09,Віват Канцелярія,MC253h,3.0,1.0426707
2024-10,Віват Канцелярія,MC253h,1.0,0.52444434
2024-11,Віват Канцелярія,MC253h,0.0,1.4523196
2024-12,Віват Канцелярія,MC253h,12.0,5.7950583
2025-01,Віват Канцелярія,MC253h,3.0,1.9164813
2025-02,Віват Канцелярія,MC253h,5.0,1.4326714
2025-03,Віват Канцелярія,MC253h,7.0,1.1002418
2025-04,Віват Канцелярія,MC253h,2.0,0.6437044
2025-05,Віват Канцелярія,MC253h,0.0,0.0
2025-06,Віват Канцелярія,MC253h,4.0,0.18332149
2024-07,Еліпс,MC253h,0.0,0.0
2024-08,Еліпс,MC253h,1.0,0.0
2024-09,Еліпс,MC253h,0.0,0.0
2024-10,Еліпс,MC253h,0.0,0.0
2024-11,Еліпс,MC253h,0.0,0.0
2024-12,Еліпс,MC253h,1.0,0.13326077
2025-01,Еліпс,MC253h,1.0,0.0055248206
2025-02,Еліпс,MC253h,1.0,0.0
2025-03,Еліпс,MC253h,0.0,0.0
2025-04,Еліпс,MC253h,0.0,0.0
2025-05,Еліпс,MC253h,0.0,0.0
2025-06,Еліпс,MC253h,0.0,0.0
2024-07,Епіцентр,MC253h,4.0,1.5575125
2024-08,Епіцентр,MC253h,9.0,2.015782
2024-09,Епіцентр,MC253h,9.0,2.3816547
2024-10,Епіцентр,MC253h,4.0,1.5450126
2024-11,Епіцентр,MC253h,7.0,2.3421195
2024-12,Епіцентр,MC253h,26.0,9.655534
2025-01,Епіцентр,MC253h,11.0,4.192931
2025-02,Епіцентр,MC253h,12.0,3.254909
2025-03,Епіцентр,MC253h,12.0,2.2923489
2025-04,Епіцентр,MC253h,0.0,0.652092
2025-05,Епіцентр,MC253h,6.0,1.2966934
2025-06,Епіцентр,MC253h,3.0,1.1077131
2024-07,Клас,MC253h,0.0,0.0
2024-08,Клас,MC253h,1.0,0.0
2024-09,Клас,MC253h,0.0,0.0
2024-10,Клас,MC253h,0.0,0.0
2024-11,Клас,MC253h,0.0,0.0
2024-12,Клас,MC253h,1.0,0.4280295
2025-01,Клас,MC253h,1.0,0.0
2025-02,Клас,MC253h,0.0,0.0
2025-03,Клас,MC253h,3.0,0.0
2025-04,Клас,MC253h,2.0,0.0
2025-05,Клас,MC253h,0.0,0.0
2025-06,Клас,MC253h,1.0,0.0
2024-07,МайПлей,MC253h,3.0,0.121251
2024-08,МайПлей,MC253h,3.0,0.76139677
2024-09,МайПлей,MC253h,1.0,0.63475865
2024-10,МайПлей,MC253h,0.0,0.24607141
2024-11,МайПлей,MC253h,2.0,0.39577594
2024-12,МайПлей,MC253h,9.0,2.8560827
2025-01,МайПлей,MC253h,3.0,0.917106
2025-02,МайПлей,MC253h,2.0,1.0546066
2025-03,МайПлей,MC253h,2.0,0.7826308
2025-04,МайПлей,MC253h,2.0,0.21932007
2025-05,МайПлей,MC253h,1.0,0.2159478
2025-06,МайПлей,MC253h,1.0,0.0
2024-07,Монако,MC253h,1.0,0.0
2024-08,Монако,MC253h,2.0,0.16099437
2024-09,Монако,MC253h,1.0,0.18070105
2024-10,Монако,MC253h,0.0,0.0
2024-11,Монако,MC253h,6.0,0.31774938
2024-12,Монако,MC253h,0.0,0.4327738
2025-01,Монако,MC253h,0.0,0.0
2025-02,Монако,MC253h,4.0,0.37613162
2025-03,Монако,MC253h,0.0,0.0
2025-04,Монако,MC253h,0.0,0.0
2025-05,Монако,MC253h,0.0,0.0
2025-06,Монако,MC253h,0.0,0.0
2024-07,Новая Лінія,MC253h,0.0,0.0
2024-08,Новая Лінія,MC253h,1.0,0.0
2024-09,Новая Лінія,MC253h,0.0,0.0
2024-10,Новая Лінія,MC253h,0.0,0.0
2024-11,Новая Лінія,MC253h,0.0,0.0
2024-12,Новая Лінія,MC253h,0.0,0.0
2025-01,Новая Лінія,MC253h,0.0,0.0
2025-02,Новая Лінія,MC253h,1.0,0.0
2025-03,Новая Лінія,MC253h,1.0,0.0
2025-04,Новая Лінія,MC253h,0.0,0.0
2025-05,Новая Лінія,MC253h,0.0,0.0
2025-06,Новая Лінія,MC253h,1.0,0.0
2024-07,Росицька ФОП,MC253h,0.0,0.0
2024-08,Росицька ФОП,MC253h,0.0,0.0
2024-09,Росицька ФОП,MC253h,1.0,0.0
2024-10,Росицька ФОП,MC253h,0.0,0.0
2024-11,Росицька ФОП,MC253h,1.0,0.0
2024-12,Росицька ФОП,MC253h,2.0,0.19440113
2025-01,Росицька ФОП,MC253h,0.0,0.0
2025-02,Росицька ФОП,MC253h,1.0,0.0
2025-03,Росицька ФОП,MC253h,1.0,0.0
2025-04,Росицька ФОП,MC253h,0.0,0.0
2025-05,Росицька ФОП,MC253h,0.0,0.0
2025-06,Росицька ФОП,MC253h,0.0,0.0
2024-07,Смік,MC253h,2.0,0.094199106
2024-08,Смік,MC253h,5.0,0.6044125
2024-09,Смік,MC253h,3.0,0.70901364
2024-10,Смік,MC253h,0.0,0.57913303
2024-11,Смік,MC253h,4.0,0.42990434
2024-12,Смік,MC253h,1.0,2.1321735
2025-01,Смік,MC253h,2.0,0.69112164
2025-02,Смік,MC253h,1.0,0.7694869
2025-03,Смік,MC253h,2.0,0.43042076
2025-04,Смік,MC253h,0.0,0.0
2025-05,Смік,MC253h,0.0,0.0
2025-06,Смік,MC253h,0.0,0.0
2024-07,ІМ-Розетка,MC254h,1.0,1.5889744
2024-08,ІМ-Розетка,MC254h,6.0,2.4106739
2024-09,ІМ-Розетка,MC254h,3.0,1.9000688
2024-10,ІМ-Розетка,MC254h,7.0,2.3943748
2024-11,ІМ-Розетка,MC254h,8.0,6.9930525
2024-12,ІМ-Розетка,MC254h,25.0,23.527817
2025-01,ІМ-Розетка,MC254h,10.0,4.206814
2025-02,ІМ-Розетка,MC254h,15.0,1.8165351
2025-03,ІМ-Розетка,MC254h,5.0,1.7872306
2025-04,ІМ-Розетка,MC254h,0.0,0.0
2025-05,ІМ-Розетка,MC254h,0.0,0.0
2025-06,ІМ-Розетка,MC254h,0.0,0.0
2024-07,Акварель,MC254h,6.0,2.314549
2024-08,Акварель,MC254h,7.0,3.3045852
2024-09,Акварель,MC254h,5.0,2.6310806
2024-10,Акварель,MC254h,8.0,2.9076793
2024-11,Акварель,MC254h,7.0,3.0306795
2024-12,Акварель,MC254h,17.0,6.9865
2025-01,Акварель,MC254h,5.0,3.5242503
2025-02,Акварель,MC254h,12.0,2.3059685
2025-03,Акварель,MC254h,11.0,3.2843065
2025-04,Акварель,MC254h,4.0,1.4618423
2025-05,Акварель,MC254h,4.0,1.7959383
2025-06,Акварель,MC254h,4.0,1.2790921
2024-07,Антошка,MC254h,9.0,2.6989648
2024-08,Антошка,MC254h,10.0,4.8815007
2024-09,Антошка,MC254h,10.0,4.726133
2024-10,Антошка,MC254h,10.0,3.020618
2024-11,Антошка,MC254h,10.0,3.5570488
2024-12,Антошка,MC254h,16.0,16.586344
2025-01,Антошка,MC254h,14.0,4.5001473
2025-02,Антошка,MC254h,13.0,4.4102387
2025-03,Антошка,MC254h,11.0,5.360536
2025-04,Антошка,MC254h,8.0,2.6327517
2025-05,Антошка,MC254h,8.0,2.2393126
2025-06,Антошка,MC254h,10.0,1.7927829
2024-07,БІ,MC254h,9.0,7.9186106
2024-08,БІ,MC254h,28.0,9.964248
2024-09,БІ,MC254h,23.0,13.098405
2024-10,БІ,MC254h,13.0,9.723865
2024-11,БІ,MC254h,15.0,10.224899
2024-12,БІ,MC254h,75.0,25.127804
2025-01,БІ,MC254h,40.0,16.130188
2025-02,БІ,MC254h,24.0,13.865857
2025-03,БІ,MC254h,26.0,11.477803
2025-04,БІ,MC254h,15.0,6.2309914
2025-05,БІ,MC254h,12.0,5.3680305
2025-06,БІ,MC254h,9.0,6.1145754
2024-07,Віват Канцелярія,MC254h,1.0,0.14157361
2024-08,Віват Канцелярія,MC254h,3.0,0.8062175
2024-09,Віват Канцелярія,MC254h,3.0,0.7185974
2024-10,Віват Канцелярія,MC254h,1.0,0.38039592
2024-11,Віват Канцелярія,MC254h,2.0,0.56862295
2024-12,Віват Канцелярія,MC254h,3.0,3.7645051
2025-01,Віват Канцелярія,MC254h,3.0,1.0221955
2025-02,Віват Канцелярія,MC254h,4.0,0.851213
2025-03,Віват Канцелярія,MC254h,3.0,0.8516429
2025-04,Віват Канцелярія,MC254h,3.0,0.49457008
2025-05,Віват Канцелярія,MC254h,1.0,0.47648144
2025-06,Віват Канцелярія,MC254h,1.0,0.07263533
2024-07,Еліпс,MC254h,0.0,0.0
2024-08,Еліпс,MC254h,0.0,0.0
2024-09,Еліпс,MC254h,0.0,0.0
2024-10,Еліпс,MC254h,0.0,0.0
2024-11,Еліпс,MC254h,0.0,0.0
2024-12,Еліпс,MC254h,2.0,0.13569388
2025-01,Еліпс,MC254h,0.0,0.0
2025-02,Еліпс,MC254h,0.0,0.0
2025-03,Еліпс,MC254h,0.0,0.0
2025-04,Еліпс,MC254h,0.0,0.0
2025-05,Еліпс,MC254h,0.0,0.0
2025-06,Еліпс,MC254h,0.0,0.0
2024-07,Епіцентр,MC254h,1.0,0.6300887
2024-08,Епіцентр,MC254h,4.0,0.873252
2024-09,Епіцентр,MC254h,2.0,0.94429725
2024-10,Епіцентр,MC254h,2.0,0.6247995
2024-11,Епіцентр,MC254h,7.0,1.5117275
2024-12,Епіцентр,MC254h,25.0,5.5652847
2025-01,Епіцентр,MC254h,13.0,3.041582
2025-02,Епіцентр,MC254h,6.0,2.1069305
2025-03,Епіцентр,MC254h,5.0,1.4888861
2025-04,Епіцентр,MC254h,0.0,0.0
2025-05,Епіцентр,MC254h,0.0,0.19658543
2025-06,Епіцентр,MC254h,4.0,0.13230242
2024-07,Кубі,MC254h,1.0,0.09537146
2024-08,Кубі,MC254h,2.0,0.153204
2024-09,Кубі,MC254h,1.0,0.15379114
2024-10,Кубі,MC254h,2.0,0.08929902
2024-11,Кубі,MC254h,0.0,0.0
2024-12,Кубі,MC254h,0.0,0.07590041
2025-01,Кубі,MC254h,0.0,0.0
2025-02,Кубі,MC254h,0.0,0.0
2025-03,Кубі,MC254h,0.0,0.0
2025-04,Кубі,MC254h,0.0,0.0
2025-05,Кубі,MC254h,0.0,0.0
2025-06,Кубі,MC254h,0.0,0.0
2024-07,МайПлей,MC254h,1.0,0.21512215
2024-08,МайПлей,MC254h,1.0,0.36953014
2024-09,МайПлей,MC254h,1.0,0.35261345
2024-10,МайПлей,MC254h,0.0,0.056854345
2024-11,МайПлей,MC254h,1.0,0.14696243
2024-12,МайПлей,MC254h,3.0,2.2388895
2025-01,МайПлей,MC254h,1.0,0.69011354
2025-02,МайПлей,MC254h,5.0,0.47487903
2025-03,МайПлей,MC254h,3.0,0.602946
2025-04,МайПлей,MC254h,1.0,0.2972231
2025-05,МайПлей,MC254h,1.0,0.18287829
2025-06,МайПлей,MC254h,0.0,0.0
2024-07,Монако,MC254h,1.0,0.0
2024-08,Монако,MC254h,5.0,0.2036847
2024-09,Монако,MC254h,2.0,0.3910313
2024-10,Монако,MC254h,3.0,0.39026514
2024-11,Монако,MC254h,6.0,0.55787426
2024-12,Монако,MC254h,0.0,1.0738335
2025-01,Монако,MC254h,0.0,0.0
2025-02,Монако,MC254h,0.0,0.0
2025-03,Монако,MC254h,0.0,0.0
2025-04,Монако,MC254h,0.0,0.0
2025-05,Монако,MC254h,0.0,0.0
2025-06,Монако,MC254h,0.0,0.0
2024-07,Росицька ФОП,MC254h,0.0,0.0
2024-08,Росицька ФОП,MC254h,0.0,0.0
2024-09,Росицька ФОП,MC254h,0.0,0.0
2024-10,Росицька ФОП,MC254h,0.0,0.0
2024-11,Росицька ФОП,MC254h,1.0,0.0
2024-12,Росицька ФОП,MC254h,2.0,0.19723572
2025-01,Росицька ФОП,MC254h,1.0,0.0
2025-02,Росицька ФОП,MC254h,0.0,0.0
2025-03,Росицька ФОП,MC254h,0.0,0.0
2025-04,Росицька ФОП,MC254h,0.0,0.0
2025-05,Росицька ФОП,MC254h,0.0,0.0
2025-06,Росицька ФОП,MC254h,1.0,0.0
2024-07,Смік,MC254h,1.0,0.0151192825
2024-08,Смік,MC254h,0.0,0.37721986
2024-09,Смік,MC254h,3.0,0.11295163
2024-10,Смік,MC254h,2.0,0.32083946
2024-11,Смік,MC254h,1.0,0.4023991
2024-12,Смік,MC254h,0.0,1.7244405
2025-01,Смік,MC254h,2.0,0.38112476
2025-02,Смік,MC254h,1.0,0.4075597
2025-03,Смік,MC254h,2.0,0.40791664
2025-04,Смік,MC254h,1.0,0.17121038
2025-05,Смік,MC254h,2.0,0.10967437
2025-06,Смік,MC254h,2.0,0.0
2024-07,ІМ-Розетка,MC255h,1.0,1.3098067
2024-08,ІМ-Розетка,MC255h,8.0,2.1202028
2024-09,ІМ-Розетка,MC255h,11.0,3.1264305
2024-10,ІМ-Розетка,MC255h,5.0,3.4432302
2024-11,ІМ-Розетка,MC255h,21.0,4.5992446
2024-12,ІМ-Розетка,MC255h,28.0,32.033947
2025-01,ІМ-Розетка,MC255h,1.0,3.7977402
2025-02,ІМ-Розетка,MC255h,4.0,1.1815456
2025-03,ІМ-Розетка,MC255h,0.0,0.0
2025-04,ІМ-Розетка,MC255h,0.0,0.0
2025-05,ІМ-Розетка,MC255h,0.0,0.0
2025-06,ІМ-Розетка,MC255h,0.0,0.0
2024-07,Акварель,MC255h,3.0,2.5529404
2024-08,Акварель,MC255h,7.0,3.1917522
2024-09,Акварель,MC255h,7.0,3.1630404
2024-10,Акварель,MC255h,6.0,2.2813122
2024-11,Акварель,MC255h,4.0,2.5342808
2024-12,Акварель,MC255h,11.0,8.2650385
2025-01,Акварель,MC255h,4.0,2.5252635
2025-02,Акварель,MC255h,12.0,2.0971024
2025-03,Акварель,MC255h,8.0,3.1587806
2025-04,Акварель,MC255h,2.0,1.1191827
2025-05,Акварель,MC255h,5.0,1.6952845
2025-06,Акварель,MC255h,3.0,1.1272162
2024-07,БІ,MC255h,11.0,6.517606
2024-08,БІ,MC255h,28.0,9.767282
2024-09,БІ,MC255h,12.0,13.026923
2024-10,БІ,MC255h,8.0,8.84627
2024-11,БІ,MC255h,14.0,6.966822
2024-12,БІ,MC255h,72.0,23.409637
2025-01,БІ,MC255h,36.0,16.062643
2025-02,БІ,MC255h,22.0,15.555133
2025-03,БІ,MC255h,16.0,10.644459
2025-04,БІ,MC255h,12.0,4.327237
2025-05,БІ,MC255h,8.0,4.13033
2025-06,БІ,MC255h,5.0,3.9340653
2024-07,Віват Канцелярія,MC255h,1.0,0.20454235
2024-08,Віват Канцелярія,MC255h,2.0,0.5413782
2024-09,Віват Канцелярія,MC255h,1.0,0.42855018
2024-10,Віват Канцелярія,MC255h,1.0,0.24501795
2024-11,Віват Канцелярія,MC255h,3.0,0.80991524
2024-12,Віват Канцелярія,MC255h,8.0,4.351762
2025-01,Віват Канцелярія,MC255h,3.0,1.0096629
2025-02,Віват Канцелярія,MC255h,4.0,1.418187
2025-03,Віват Канцелярія,MC255h,3.0,0.8691712
2025-04,Віват Канцелярія,MC255h,1.0,0.46801874
2025-05,Віват Канцелярія,MC255h,0.0,0.0
2025-06,Віват Канцелярія,MC255h,1.0,0.03920323
2024-07,Епіцентр,MC255h,3.0,0.6556479
2024-08,Епіцентр,MC255h,5.0,1.3003387
2024-09,Епіцентр,MC255h,5.0,1.40547
2024-10,Епіцентр,MC255h,5.0,1.231878
2024-11,Епіцентр,MC255h,6.0,2.0359936
2024-12,Епіцентр,MC255h,13.0,6.5937705
2025-01,Епіцентр,MC255h,13.0,2.1504328
2025-02,Епіцентр,MC255h,14.0,2.504566
2025-03,Епіцентр,MC255h,11.0,2.6014836
2025-04,Епіцентр,MC255h,0.0,0.13863581
2025-05,Епіцентр,MC255h,3.0,1.1591024
2025-06,Епіцентр,MC255h,1.0,0.70619637
2024-07,Клас,MC255h,0.0,0.0
2024-08,Клас,MC255h,0.0,0.0
2024-09,Клас,MC255h,0.0,0.0
2024-10,Клас,MC255h,0.0,0.0
2024-11,Клас,MC255h,0.0,0.0
2024-12,Клас,MC255h,3.0,0.0
2025-01,Клас,MC255h,0.0,0.0
2025-02,Клас,MC255h,0.0,0.0
2025-03,Клас,MC255h,0.0,0.0
2025-04,Клас,MC255h,1.0,0.0
2025-05,Клас,MC255h,0.0,0.0
2025-06,Клас,MC255h,0.0,0.0
2024-07,МайПлей,MC255h,0.0,0.070784055
2024-08,МайПлей,MC255h,3.0,0.33940348
2024-09,МайПлей,MC255h,2.0,0.7606437
2024-10,МайПлей,MC255h,1.0,0.15196136
2024-11,МайПлей,MC255h,2.0,0.335992
2024-12,МайПлей,MC255h,6.0,2.4903572
2025-01,МайПлей,MC255h,1.0,0.8863275
2025-02,МайПлей,MC255h,3.0,0.7139008
2025-03,МайПлей,MC255h,1.0,0.6908737
2025-04,МайПлей,MC255h,0.0,0.0
2025-05,МайПлей,MC255h,3.0,0.11280901
2025-06,МайПлей,MC255h,0.0,0.01990936
2024-07,Мегамаркет,MC255h,2.0,0.0
2024-08,Мегамаркет,MC255h,0.0,0.0
2024-09,Мегамаркет,MC255h,0.0,0.0
2024-10,Мегамаркет,MC255h,0.0,0.0
2024-11,Мегамаркет,MC255h,1.0,0.0
2024-12,Мегамаркет,MC255h,0.0,0.14019215
2025-01,Мегамаркет,MC255h,2.0,0.0
2025-02,Мегамаркет,MC255h,2.0,0.0
2025-03,Мегамаркет,MC255h,0.0,0.0
2025-04,Мегамаркет,MC255h,0.0,0.0
2025-05,Мегамаркет,MC255h,0.0,0.0
2025-06,Мегамаркет,MC255h,2.0,0.0
2024-07,Монако,MC255h,2.0,0.0
2024-08,Монако,MC255h,5.0,0.25219318
2024-09,Монако,MC255h,2.0,0.4867715
2024-10,Монако,MC255h,2.0,0.30967876
2024-11,Монако,MC255h,5.0,0.42045516
2024-12,Монако,MC255h,0.0,0.51413864
2025-01,Монако,MC255h,0.0,0.0
2025-02,Монако,MC255h,0.0,0.0
2025-03,Монако,MC255h,0.0,0.0
2025-04,Монако,MC255h,0.0,0.0
2025-05,Монако,MC255h,0.0,0.0
2025-06,Монако,MC255h,0.0,0.0
2024-07,Новая Лінія,MC255h,0.0,0.0
2024-08,Новая Лінія,MC255h,1.0,0.0
2024-09,Новая Лінія,MC255h,0.0,0.0
2024-10,Новая Лінія,MC255h,0.0,0.0
2024-11,Новая Лінія,MC255h,2.0,0.0
2024-12,Новая Лінія,MC255h,0.0,0.0
2025-01,Новая Лінія,MC255h,0.0,0.0
2025-02,Новая Лінія,MC255h,0.0,0.0
2025-03,Новая Лінія,MC255h,1.0,0.0
2025-04,Новая Лінія,MC255h,0.0,0.0
2025-05,Новая Лінія,MC255h,0.0,0.0
2025-06,Новая Лінія,MC255h,1.0,0.0
2024-07,РОСТ,MC255h,1.0,0.0
2024-08,РОСТ,MC255h,1.0,0.0
2024-09,РОСТ,MC255h,1.0,0.0
2024-10,РОСТ,MC255h,0.0,0.0
2024-11,РОСТ,MC255h,1.0,0.0
2024-12,РОСТ,MC255h,3.0,0.5420458
2025-01,РОСТ,MC255h,1.0,0.11504753
2025-02,РОСТ,MC255h,3.0,0.15613113
2025-03,РОСТ,MC255h,4.0,0.102365606
2025-04,РОСТ,MC255h,1.0,0.0
2025-05,РОСТ,MC255h,1.0,0.0
2025-06,РОСТ,MC255h,1.0,0.0
2024-07,Росицька ФОП,MC255h,0.0,0.0
2024-08,Росицька ФОП,MC255h,1.0,0.0
2024-09,Росицька ФОП,MC255h,1.0,0.0
2024-10,Росицька ФОП,MC255h,0.0,0.0
2024-11,Росицька ФОП,MC255h,0.0,0.0
2024-12,Росицька ФОП,MC255h,0.0,0.0
2025-01,Росицька ФОП,MC255h,0.0,0.0
2025-02,Росицька ФОП,MC255h,1.0,0.0
2025-03,Росицька ФОП,MC255h,1.0,0.0
2025-04,Росицька ФОП,MC255h,0.0,0.0
2025-05,Росицька ФОП,MC255h,0.0,0.0
2025-06,Росицька ФОП,MC255h,0.0,0.0
2024-07,Смік,MC255h,0.0,0.0
2024-08,Смік,MC255h,3.0,0.26773334
2024-09,Смік,MC255h,6.0,0.46597683
2024-10,Смік,MC255h,1.0,0.8636101
2024-11,Смік,MC255h,0.0,0.69070256
2024-12,Смік,MC255h,5.0,1.9438362
2025-01,Смік,MC255h,1.0,0.48080757
2025-02,Смік,MC255h,2.0,0.5752884
2025-03,Смік,MC255h,3.0,0.7382499
2025-04,Смік,MC255h,1.0,0.43522465
2025-05,Смік,MC255h,0.0,0.0
2025-06,Смік,MC255h,0.0,0.0
2024-07,ІМ-Розетка,MC256h,2.0,1.250038
2024-08,ІМ-Розетка,MC256h,3.0,1.8495759
2024-09,ІМ-Розетка,MC256h,6.0,2.267332
2024-10,ІМ-Розетка,MC256h,5.0,2.1260195
2024-11,ІМ-Розетка,MC256h,34.0,3.7996554
2024-12,ІМ-Розетка,MC256h,31.0,28.279743
2025-01,ІМ-Розетка,MC256h,5.0,7.404161
2025-02,ІМ-Розетка,MC256h,2.0,2.429097
2025-03,ІМ-Розетка,MC256h,4.0,2.25358
2025-04,ІМ-Розетка,MC256h,7.0,1.073656
2025-05,ІМ-Розетка,MC256h,6.0,2.3532066
2025-06,ІМ-Розетка,MC256h,3.0,1.4834654
2024-07,Акварель,MC256h,7.0,2.4222126
2024-08,Акварель,MC256h,7.0,3.0696988
2024-09,Акварель,MC256h,9.0,3.2529607
2024-10,Акварель,MC256h,7.0,2.3898344
2024-11,Акварель,MC256h,11.0,3.0132856
2024-12,Акварель,MC256h,38.0,13.643617
2025-01,Акварель,MC256h,12.0,7.914048
2025-02,Акварель,MC256h,11.0,3.4258602
2025-03,Акварель,MC256h,8.0,4.0593305
2025-04,Акварель,MC256h,8.0,2.964011
2025-05,Акварель,MC256h,4.0,3.0316944
2025-06,Акварель,MC256h,2.0,2.3128536
2024-07,БІ,MC256h,7.0,3.8136423
2024-08,БІ,MC256h,15.0,7.0734262
2024-09,БІ,MC256h,18.0,9.472005
2024-10,БІ,MC256h,16.0,5.999515
2024-11,БІ,MC256h,15.0,8.152571
2024-12,БІ,MC256h,63.0,27.121616
2025-01,БІ,MC256h,27.0,17.381023
2025-02,БІ,MC256h,17.0,11.912238
2025-03,БІ,MC256h,13.0,8.191224
2025-04,БІ,MC256h,8.0,5.5171804
2025-05,БІ,MC256h,18.0,4.5110226
2025-06,БІ,MC256h,15.0,6.2297435
2024-07,Віват Канцелярія,MC256h,1.0,0.16666874
2024-08,Віват Канцелярія,MC256h,3.0,0.7046583
2024-09,Віват Канцелярія,MC256h,1.0,0.47254407
2024-10,Віват Канцелярія,MC256h,1.0,0.2241106
2024-11,Віват Канцелярія,MC256h,2.0,0.44304478
2024-12,Віват Канцелярія,MC256h,6.0,3.565479
2025-01,Віват Канцелярія,MC256h,4.0,1.5958537
2025-02,Віват Канцелярія,MC256h,1.0,0.7175942
2025-03,Віват Канцелярія,MC256h,1.0,0.41875914
2025-04,Віват Канцелярія,MC256h,4.0,0.29683298
2025-05,Віват Канцелярія,MC256h,0.0,0.35055143
2025-06,Віват Канцелярія,MC256h,2.0,0.12584746
2024-07,Еліпс,MC256h,0.0,0.0
2024-08,Еліпс,MC256h,1.0,0.075207405
2024-09,Еліпс,MC256h,0.0,0.0
2024-10,Еліпс,MC256h,0.0,0.0
2024-11,Еліпс,MC256h,0.0,0.0
2024-12,Еліпс,MC256h,2.0,0.26109093
2025-01,Еліпс,MC256h,1.0,0.051843733
2025-02,Еліпс,MC256h,1.0,0.020533025
2025-03,Еліпс,MC256h,0.0,0.0
2025-04,Еліпс,MC256h,0.0,0.0
2025-05,Еліпс,MC256h,0.0,0.0
2025-06,Еліпс,MC256h,0.0,0.0
2024-07,Епіцентр,MC256h,2.0,1.0204437
2024-08,Епіцентр,MC256h,4.0,1.2617267
2024-09,Епіцентр,MC256h,2.0,1.154577
2024-10,Епіцентр,MC256h,1.0,0.455213
2024-11,Епіцентр,MC256h,4.0,1.407946
2024-12,Епіцентр,MC256h,23.0,6.277313
2025-01,Епіцентр,MC256h,10.0,3.7261925
2025-02,Епіцентр,MC256h,4.0,1.5835112
2025-03,Епіцентр,MC256h,5.0,1.0341535
2025-04,Епіцентр,MC256h,0.0,1.166382
2025-05,Епіцентр,MC256h,4.0,0.9329481
2025-06,Епіцентр,MC256h,2.0,0.66200507
2024-07,Клас,MC256h,1.0,0.0
2024-08,Клас,MC256h,0.0,0.0
2024-09,Клас,MC256h,0.0,0.0
2024-10,Клас,MC256h,1.0,0.0
2024-11,Клас,MC256h,0.0,0.0
2024-12,Клас,MC256h,2.0,0.44566277
2025-01,Клас,MC256h,1.0,0.0
2025-02,Клас,MC256h,1.0,0.0
2025-03,Клас,MC256h,1.0,0.0
2025-04,Клас,MC256h,2.0,0.0
2025-05,Клас,MC256h,0.0,0.0
2025-06,Клас,MC256h,0.0,0.0
2024-07,Кубі,MC256h,2.0,0.1682138
2024-08,Кубі,MC256h,0.0,0.0
2024-09,Кубі,MC256h,0.0,0.0
2024-10,Кубі,MC256h,3.0,0.2630434
2024-11,Кубі,MC256h,2.0,0.5026901
2024-12,Кубі,MC256h,2.0,1.3309435
2025-01,Кубі,MC256h,1.0,0.71802795
2025-02,Кубі,MC256h,0.0,0.0
2025-03,Кубі,MC256h,2.0,0.33629832
2025-04,Кубі,MC256h,0.0,0.0
2025-05,Кубі,MC256h,0.0,0.0
2025-06,Кубі,MC256h,2.0,0.0
2024-07,МайПлей,MC256h,0.0,0.0
2024-08,МайПлей,MC256h,1.0,0.15519728
2024-09,МайПлей,MC256h,2.0,0.35505542
2024-10,МайПлей,MC256h,1.0,0.19508034
2024-11,МайПлей,MC256h,3.0,0.48605242
2024-12,МайПлей,MC256h,11.0,3.6020315
2025-01,МайПлей,MC256h,3.0,2.0010302
2025-02,МайПлей,MC256h,1.0,0.57217705
2025-03,МайПлей,MC256h,1.0,0.6032158
2025-04,МайПлей,MC256h,1.0,0.3220493
2025-05,МайПлей,MC256h,0.0,0.09652311
2025-06,МайПлей,MC256h,0.0,0.0
2024-07,Мегамаркет,MC256h,1.0,0.0
2024-08,Мегамаркет,MC256h,2.0,0.0
2024-09,Мегамаркет,MC256h,2.0,0.0
2024-10,Мегамаркет,MC256h,2.0,0.0
2024-11,Мегамаркет,MC256h,1.0,0.0
2024-12,Мегамаркет,MC256h,3.0,1.0026225
2025-01,Мегамаркет,MC256h,2.0,0.2532592
2025-02,Мегамаркет,MC256h,0.0,0.0
2025-03,Мегамаркет,MC256h,0.0,0.0
2025-04,Мегамаркет,MC256h,0.0,0.0
2025-05,Мегамаркет,MC256h,0.0,0.0
2025-06,Мегамаркет,MC256h,0.0,0.0
2024-07,Монако,MC256h,1.0,0.1273724
2024-08,Монако,MC256h,3.0,0.48946616
2024-09,Монако,MC256h,0.0,0.05825808
2024-10,Монако,MC256h,4.0,0.46070445
2024-11,Монако,MC256h,8.0,0.7380638
2024-12,Монако,MC256h,0.0,1.9086379
2025-01,Монако,MC256h,0.0,0.07408429
2025-02,Монако,MC256h,5.0,0.5560008
2025-03,Монако,MC256h,2.0,0.29352757
2025-04,Монако,MC256h,0.0,0.0
2025-05,Монако,MC256h,0.0,0.0
2025-06,Монако,MC256h,0.0,0.0
2024-07,РОСТ,MC256h,3.0,0.0
2024-08,РОСТ,MC256h,2.0,0.0
2024-09,РОСТ,MC256h,0.0,0.0
2024-10,РОСТ,MC256h,2.0,0.0659936
2024-11,РОСТ,MC256h,2.0,0.025250074
2024-12,РОСТ,MC256h,4.0,1.1467589
2025-01,РОСТ,MC256h,3.0,0.48874384
2025-02,РОСТ,MC256h,3.0,0.02791933
2025-03,РОСТ,MC256h,0.0,0.0
2025-04,РОСТ,MC256h,0.0,0.0
2025-05,РОСТ,MC256h,1.0,0.0
2025-06,РОСТ,MC256h,1.0,0.0
2024-07,Смік,MC256h,0.0,0.049752623
2024-08,Смік,MC256h,1.0,0.3180787
2024-09,Смік,MC256h,3.0,0.2874053
2024-10,Смік,MC256h,1.0,0.1363079
2024-11,Смік,MC256h,0.0,0.20362121
2024-12,Смік,MC256h,5.0,1.0777073
2025-01,Смік,MC256h,2.0,0.5822135
2025-02,Смік,MC256h,0.0,0.21481119
2025-03,Смік,MC256h,0.0,0.0
2025-04,Смік,MC256h,1.0,0.0
2025-05,Смік,MC256h,2.0,0.0
2025-06,Смік,MC256h,1.0,0.0
2024-07,Акварель,MC260h,2.0,0.4270874
2024-08,Акварель,MC260h,1.0,0.35629934
2024-09,Акварель,MC260h,0.0,0.0
2024-10,Акварель,MC260h,1.0,0.33772337
2024-11,Акварель,MC260h,2.0,0.5278883
2024-12,Акварель,MC260h,8.0,2.2762012
2025-01,Акварель,MC260h,1.0,0.4113319
2025-02,Акварель,MC260h,0.0,0.0
2025-03,Акварель,MC260h,1.0,0.35835508
2025-04,Акварель,MC260h,0.0,0.0
2025-05,Акварель,MC260h,0.0,0.0
2025-06,Акварель,MC260h,0.0,0.0
2024-07,Віват Канцелярія,MC260h,0.0,0.0
2024-08,Віват Канцелярія,MC260h,2.0,0.07845692
2024-09,Віват Канцелярія,MC260h,0.0,0.0
2024-10,Віват Канцелярія,MC260h,0.0,0.0
2024-11,Віват Канцелярія,MC260h,1.0,0.10223867
2024-12,Віват Канцелярія,MC260h,2.0,0.73063076
2025-01,Віват Канцелярія,MC260h,1.0,0.0
2025-02,Віват Канцелярія,MC260h,0.0,0.0
2025-03,Віват Канцелярія,MC260h,2.0,0.0
2025-04,Віват Канцелярія,MC260h,1.0,0.0
2025-05,Віват Канцелярія,MC260h,0.0,0.0
2025-06,Віват Канцелярія,MC260h,0.0,0.0
2024-07,ІМ-Кідіс,MC267h,0.0,0.0
2024-08,ІМ-Кідіс,MC267h,0.0,0.0
2024-09,ІМ-Кідіс,MC267h,0.0,0.0
2024-10,ІМ-Кідіс,MC267h,0.0,0.0
2024-11,ІМ-Кідіс,MC267h,0.0,0.0
2024-12,ІМ-Кідіс,MC267h,1.0,0.51383215
2025-01,ІМ-Кідіс,MC267h,2.0,0.30657244
2025-02,ІМ-Кідіс,MC267h,3.0,0.32305422
2025-03,ІМ-Кідіс,MC267h,2.0,0.6528173
2025-04,ІМ-Кідіс,MC267h,4.0,0.49888474
2025-05,ІМ-Кідіс,MC267h,4.0,0.8426745
2025-06,ІМ-Кідіс,MC267h,0.0,0.3225206
2024-07,ІМ-МауДау,MC267h,0.0,0.0
2024-08,ІМ-МауДау,MC267h,0.0,0.0
2024-09,ІМ-МауДау,MC267h,0.0,0.0
2024-10,ІМ-МауДау,MC267h,0.0,0.0
2024-11,ІМ-МауДау,MC267h,0.0,0.0
2024-12,ІМ-МауДау,MC267h,2.0,0.5172052
2025-01,ІМ-МауДау,MC267h,1.0,0.13208991
2025-02,ІМ-МауДау,MC267h,2.0,0.09566609
2025-03,ІМ-МауДау,MC267h,0.0,0.0
2025-04,ІМ-МауДау,MC267h,0.0,0.0
2025-05,ІМ-МауДау,MC267h,0.0,0.0
2025-06,ІМ-МауДау,MC267h,0.0,0.0
2024-07,ІМ-Розетка,MC267h,1.0,1.3468708
2024-08,ІМ-Розетка,MC267h,3.0,1.9390926
2024-09,ІМ-Розетка,MC267h,2.0,2.2687316
2024-10,ІМ-Розетка,MC267h,4.0,1.7523327
2024-11,ІМ-Розетка,MC267h,29.0,3.4883733
2024-12,ІМ-Розетка,MC267h,35.0,21.582766
2025-01,ІМ-Розетка,MC267h,11.0,7.476425
2025-02,ІМ-Розетка,MC267h,5.0,3.4806848
2025-03,ІМ-Розетка,MC267h,5.0,2.6806238
2025-04,ІМ-Розетка,MC267h,7.0,2.0388048
2025-05,ІМ-Розетка,MC267h,8.0,1.3614079
2025-06,ІМ-Розетка,MC267h,4.0,1.3972505
2024-07,Акварель,MC267h,5.0,1.7520945
2024-08,Акварель,MC267h,7.0,2.7176714
2024-09,Акварель,MC267h,4.0,2.595886
2024-10,Акварель,MC267h,5.0,2.0055878
2024-11,Акварель,MC267h,11.0,2.9622657
2024-12,Акварель,MC267h,28.0,11.670254
2025-01,Акварель,MC267h,19.0,6.652829
2025-02,Акварель,MC267h,14.0,3.567209
2025-03,Акварель,MC267h,8.0,3.6758964
2025-04,Акварель,MC267h,8.0,3.3227396
2025-05,Акварель,MC267h,4.0,3.1043558
2025-06,Акварель,MC267h,2.0,2.35951
2024-07,БІ,MC267h,8.0,3.609592
2024-08,БІ,MC267h,24.0,7.884848
2024-09,БІ,MC267h,16.0,10.224856
2024-10,БІ,MC267h,4.0,5.7742996
2024-11,БІ,MC267h,14.0,4.5464106
2024-12,БІ,MC267h,46.0,22.86942
2025-01,БІ,MC267h,27.0,12.875693
2025-02,БІ,MC267h,6.0,8.488964
2025-03,БІ,MC267h,5.0,5.211752
2025-04,БІ,MC267h,6.0,3.4059775
2025-05,БІ,MC267h,10.0,3.7482324
2025-06,БІ,MC267h,6.0,3.912545
2024-07,Віват Канцелярія,MC267h,0.0,0.080631815
2024-08,Віват Канцелярія,MC267h,0.0,0.49991876
2024-09,Віват Канцелярія,MC267h,0.0,0.09595054
2024-10,Віват Канцелярія,MC267h,3.0,0.027695905
2024-11,Віват Канцелярія,MC267h,3.0,0.47369817
2024-12,Віват Канцелярія,MC267h,1.0,3.7080934
2025-01,Віват Канцелярія,MC267h,2.0,0.7292276
2025-02,Віват Канцелярія,MC267h,0.0,0.22969927
2025-03,Віват Канцелярія,MC267h,2.0,0.07014665
2025-04,Віват Канцелярія,MC267h,1.0,0.17186593
2025-05,Віват Канцелярія,MC267h,2.0,0.12152946
2025-06,Віват Канцелярія,MC267h,0.0,0.06545202
2024-07,Епіцентр,MC267h,1.0,1.4929149
2024-08,Епіцентр,MC267h,6.0,1.2956579
2024-09,Епіцентр,MC267h,3.0,1.5659196
2024-10,Епіцентр,MC267h,1.0,0.76260704
2024-11,Епіцентр,MC267h,6.0,1.6041099
2024-12,Епіцентр,MC267h,28.0,9.101085
2025-01,Епіцентр,MC267h,8.0,5.279937
2025-02,Епіцентр,MC267h,5.0,1.9365774
2025-03,Епіцентр,MC267h,7.0,1.4098016
2025-04,Епіцентр,MC267h,0.0,1.5520793
2025-05,Епіцентр,MC267h,6.0,1.5263989
2025-06,Епіцентр,MC267h,4.0,0.909827
2024-07,Клас,MC267h,0.0,0.0
2024-08,Клас,MC267h,1.0,0.0
2024-09,Клас,MC267h,0.0,0.0
2024-10,Клас,MC267h,0.0,0.0
2024-11,Клас,MC267h,1.0,0.0
2024-12,Клас,MC267h,1.0,0.26960725
2025-01,Клас,MC267h,1.0,0.0
2025-02,Клас,MC267h,1.0,0.0
2025-03,Клас,MC267h,1.0,0.0
2025-04,Клас,MC267h,0.0,0.0
2025-05,Клас,MC267h,1.0,0.0
2025-06,Клас,MC267h,1.0,0.0
2024-07,МайПлей,MC267h,0.0,0.0
2024-08,МайПлей,MC267h,3.0,0.2358236
2024-09,МайПлей,MC267h,1.0,0.32217413
2024-10,МайПлей,MC267h,0.0,0.1314123
2024-11,МайПлей,MC267h,1.0,0.17760529
2024-12,МайПлей,MC267h,6.0,2.6257198
2025-01,МайПлей,MC267h,3.0,1.2310512
2025-02,МайПлей,MC267h,0.0,0.3442316
2025-03,МайПлей,MC267h,3.0,0.18511385
2025-04,МайПлей,MC267h,1.0,0.26991445
2025-05,МайПлей,MC267h,1.0,0.0
2025-06,МайПлей,MC267h,2.0,0.0
2024-07,Монако,MC267h,1.0,0.0
2024-08,Монако,MC267h,2.0,0.099345624
2024-09,Монако,MC267h,1.0,0.1791739
2024-10,Монако,MC267h,2.0,0.31589815
2024-11,Монако,MC267h,1.0,0.47795168
2024-12,Монако,MC267h,0.0,0.3371129
2025-01,Монако,MC267h,0.0,0.0
2025-02,Монако,MC267h,2.0,0.34420285
2025-03,Монако,MC267h,2.0,0.13664787
2025-04,Монако,MC267h,0.0,0.0
2025-05,Монако,MC267h,0.0,0.0
2025-06,Монако,MC267h,0.0,0.0
2024-07,РОСТ,MC267h,0.0,0.0
2024-08,РОСТ,MC267h,1.0,0.0
2024-09,РОСТ,MC267h,1.0,0.0
2024-10,РОСТ,MC267h,1.0,0.0
2024-11,РОСТ,MC267h,1.0,0.0
2024-12,РОСТ,MC267h,0.0,0.05555364
2025-01,РОСТ,MC267h,0.0,0.0
2025-02,РОСТ,MC267h,0.0,0.0
2025-03,РОСТ,MC267h,0.0,0.0
2025-04,РОСТ,MC267h,0.0,0.0
2025-05,РОСТ,MC267h,0.0,0.0
2025-06,РОСТ,MC267h,0.0,0.0
2024-07,Росицька ФОП,MC267h,0.0,0.0
2024-08,Росицька ФОП,MC267h,0.0,0.0
2024-09,Росицька ФОП,MC267h,0.0,0.0
2024-10,Росицька ФОП,MC267h,0.0,0.0
2024-11,Росицька ФОП,MC267h,1.0,0.0
2024-12,Росицька ФОП,MC267h,0.0,0.0
2025-01,Росицька ФОП,MC267h,1.0,0.0
2025-02,Росицька ФОП,MC267h,1.0,0.0
2025-03,Росицька ФОП,MC267h,0.0,0.0
2025-04,Росицька ФОП,MC267h,1.0,0.0
2025-05,Росицька ФОП,MC267h,0.0,0.0
2025-06,Росицька ФОП,MC267h,0.0,0.0
2024-07,Смайл,MC267h,0.0,0.0
2024-08,Смайл,MC267h,0.0,0.0
2024-09,Смайл,MC267h,0.0,0.0
2024-10,Смайл,MC267h,0.0,0.0
2024-11,Смайл,MC267h,2.0,0.1471153
2024-12,Смайл,MC267h,0.0,0.0
2025-01,Смайл,MC267h,0.0,0.0
2025-02,Смайл,MC267h,0.0,0.0
2025-03,Смайл,MC267h,0.0,0.0
2025-04,Смайл,MC267h,1.0,0.016971663
2025-05,Смайл,MC267h,0.0,0.0
2025-06,Смайл,MC267h,0.0,0.0
2024-07,Смік,MC267h,4.0,0.0
2024-08,Смік,MC267h,4.0,0.5463332
2024-09,Смік,MC267h,2.0,0.43294802
2024-10,Смік,MC267h,0.0,0.24492772
2024-11,Смік,MC267h,0.0,0.62946695
2024-12,Смік,MC267h,4.0,1.6702802
2025-01,Смік,MC267h,1.0,0.7143763
2025-02,Смік,MC267h,1.0,0.21273534
2025-03,Смік,MC267h,3.0,0.079328924
2025-04,Смік,MC267h,0.0,0.18965398
2025-05,Смік,MC267h,2.0,0.0
2025-06,Смік,MC267h,1.0,0.06589893
2024-07,Чудо Острів,MC267h,1.0,1.2022156
2024-08,Чудо Острів,MC267h,6.0,2.0570385
2024-09,Чудо Острів,MC267h,3.0,1.9292289
2024-10,Чудо Острів,MC267h,4.0,1.6373199
2024-11,Чудо Острів,MC267h,7.0,2.5889013
2024-12,Чудо Острів,MC267h,31.0,10.849103
2025-01,Чудо Острів,MC267h,13.0,7.860447
2025-02,Чудо Острів,MC267h,10.0,3.402801
2025-03,Чудо Острів,MC267h,8.0,2.8035393
2025-04,Чудо Острів,MC267h,3.0,2.722113
2025-05,Чудо Острів,MC267h,6.0,2.249902
2025-06,Чудо Острів,MC267h,5.0,1.8680443
2024-07,ІМ-Розетка,MC269h,1.0,1.5578997
2024-08,ІМ-Розетка,MC269h,3.0,1.3358012
2024-09,ІМ-Розетка,MC269h,1.0,1.078473
2024-10,ІМ-Розетка,MC269h,1.0,0.5001809
2024-11,ІМ-Розетка,MC269h,4.0,2.0883248
2024-12,ІМ-Розетка,MC269h,19.0,13.327198
2025-01,ІМ-Розетка,MC269h,5.0,2.8556387
2025-02,ІМ-Розетка,MC269h,2.0,1.4324936
2025-03,ІМ-Розетка,MC269h,1.0,1.4169105
2025-04,ІМ-Розетка,MC269h,0.0,0.34217972
2025-05,ІМ-Розетка,MC269h,0.0,0.0
2025-06,ІМ-Розетка,MC269h,2.0,0.25536206
2024-07,Акварель,MC269h,0.0,1.1690953
2024-08,Акварель,MC269h,5.0,1.5663115
2024-09,Акварель,MC269h,6.0,1.8603858
2024-10,Акварель,MC269h,1.0,1.3857657
2024-11,Акварель,MC269h,6.0,2.562549
2024-12,Акварель,MC269h,30.0,8.5541
2025-01,Акварель,MC269h,10.0,6.2403536
2025-02,Акварель,MC269h,3.0,2.2394795
2025-03,Акварель,MC269h,9.0,2.0433733
2025-04,Акварель,MC269h,6.0,2.138072
2025-05,Акварель,MC269h,4.0,2.098555
2025-06,Акварель,MC269h,6.0,2.8397655
2024-07,Антошка,MC269h,3.0,0.9282299
2024-08,Антошка,MC269h,5.0,1.6799437
2024-09,Антошка,MC269h,5.0,1.2811012
2024-10,Антошка,MC269h,1.0,1.144166
2024-11,Антошка,MC269h,5.0,1.1456634
2024-12,Антошка,MC269h,13.0,8.021122
2025-01,Антошка,MC269h,4.0,3.7066073
2025-02,Антошка,MC269h,3.0,1.2683759
2025-03,Антошка,MC269h,4.0,1.0565056
2025-04,Антошка,MC269h,3.0,1.1025028
2025-05,Антошка,MC269h,3.0,1.0782719
2025-06,Антошка,MC269h,4.0,1.3850085
2024-07,БІ,MC269h,6.0,3.480233
2024-08,БІ,MC269h,14.0,5.865672
2024-09,БІ,MC269h,16.0,8.320938
2024-10,БІ,MC269h,8.0,4.747382
2024-11,БІ,MC269h,8.0,4.9992633
2024-12,БІ,MC269h,36.0,17.53446
2025-01,БІ,MC269h,19.0,12.242104
2025-02,БІ,MC269h,6.0,7.343791
2025-03,БІ,MC269h,3.0,4.6720085
2025-04,БІ,MC269h,2.0,3.1257036
2025-05,БІ,MC269h,10.0,2.8607109
2025-06,БІ,MC269h,18.0,5.322802
2024-07,Віват Канцелярія,MC269h,1.0,0.20073521
2024-08,Віват Канцелярія,MC269h,5.0,0.74094266
2024-09,Віват Канцелярія,MC269h,3.0,0.77144
2024-10,Віват Канцелярія,MC269h,1.0,0.32112458
2024-11,Віват Канцелярія,MC269h,0.0,0.5674444
2024-12,Віват Канцелярія,MC269h,1.0,2.5189579
2025-01,Віват Канцелярія,MC269h,1.0,0.40910205
2025-02,Віват Канцелярія,MC269h,1.0,0.100588046
2025-03,Віват Канцелярія,MC269h,2.0,0.216758
2025-04,Віват Канцелярія,MC269h,0.0,0.027574873
2025-05,Віват Канцелярія,MC269h,1.0,0.010697133
2025-06,Віват Канцелярія,MC269h,3.0,0.23526148
2024-07,Епіцентр,MC269h,5.0,0.918907
2024-08,Епіцентр,MC269h,6.0,1.3570116
2024-09,Епіцентр,MC269h,5.0,1.506208
2024-10,Епіцентр,MC269h,4.0,1.0713474
2024-11,Епіцентр,MC269h,3.0,1.6075455
2024-12,Епіцентр,MC269h,21.0,6.9115887
2025-01,Епіцентр,MC269h,5.0,3.4358082
2025-02,Епіцентр,MC269h,7.0,1.322315
2025-03,Епіцентр,MC269h,4.0,1.2550188
2025-04,Епіцентр,MC269h,0.0,1.0160338
2025-05,Епіцентр,MC269h,4.0,1.2622067
2025-06,Епіцентр,MC269h,3.0,1.0429564
2024-07,Клас,MC269h,1.0,0.0
2024-08,Клас,MC269h,1.0,0.0
2024-09,Клас,MC269h,0.0,0.0
2024-10,Клас,MC269h,0.0,0.0
2024-11,Клас,MC269h,0.0,0.0
2024-12,Клас,MC269h,0.0,0.17815529
2025-01,Клас,MC269h,0.0,0.0
2025-02,Клас,MC269h,0.0,0.0
2025-03,Клас,MC269h,0.0,0.0
2025-04,Клас,MC269h,0.0,0.0
2025-05,Клас,MC269h,0.0,0.0
2025-06,Клас,MC269h,0.0,0.0
2024-07,Кубі,MC269h,1.0,0.13619804
2024-08,Кубі,MC269h,0.0,0.0
2024-09,Кубі,MC269h,0.0,0.0
2024-10,Кубі,MC269h,0.0,0.0
2024-11,Кубі,MC269h,0.0,0.0
2024-12,Кубі,MC269h,0.0,0.035446912
2025-01,Кубі,MC269h,0.0,0.0
2025-02,Кубі,MC269h,0.0,0.0
2025-03,Кубі,MC269h,7.0,0.036086317
2025-04,Кубі,MC269h,0.0,0.0
2025-05,Кубі,MC269h,2.0,0.1147643
2025-06,Кубі,MC269h,2.0,0.0
2024-07,МайПлей,MC269h,1.0,0.020441482
2024-08,МайПлей,MC269h,1.0,0.42156896
2024-09,МайПлей,MC269h,2.0,0.3341702
2024-10,МайПлей,MC269h,0.0,0.06909967
2024-11,МайПлей,MC269h,1.0,0.15440634
2024-12,МайПлей,MC269h,7.0,2.628499
2025-01,МайПлей,MC269h,4.0,1.2690003
2025-02,МайПлей,MC269h,0.0,0.33471996
2025-03,МайПлей,MC269h,0.0,0.095549256
2025-04,МайПлей,MC269h,3.0,0.0
2025-05,МайПлей,MC269h,2.0,0.036642823
2025-06,МайПлей,MC269h,1.0,0.08011704
2024-07,Мегамаркет,MC269h,0.0,0.0
2024-08,Мегамаркет,MC269h,0.0,0.0
2024-09,Мегамаркет,MC269h,1.0,0.0
2024-10,Мегамаркет,MC269h,0.0,0.0
2024-11,Мегамаркет,MC269h,0.0,0.0
2024-12,Мегамаркет,MC269h,1.0,0.20516169
2025-01,Мегамаркет,MC269h,0.0,0.0
2025-02,Мегамаркет,MC269h,0.0,0.0
2025-03,Мегамаркет,MC269h,0.0,0.0
2025-04,Мегамаркет,MC269h,1.0,0.0
2025-05,Мегамаркет,MC269h,0.0,0.0
2025-06,Мегамаркет,MC269h,3.0,0.0
2024-07,Монако,MC269h,1.0,0.0
2024-08,Монако,MC269h,1.0,0.2381255
2024-09,Монако,MC269h,0.0,0.0
2024-10,Монако,MC269h,0.0,0.0
2024-11,Монако,MC269h,2.0,0.35386384
2024-12,Монако,MC269h,0.0,0.55102855
2025-01,Монако,MC269h,0.0,0.0
2025-02,Монако,MC269h,3.0,0.32111302
2025-03,Монако,MC269h,1.0,0.1284796
2025-04,Монако,MC269h,0.0,0.0
2025-05,Монако,MC269h,0.0,0.0
2025-06,Монако,MC269h,0.0,0.0
2024-07,Смайл,MC269h,1.0,0.0
2024-08,Смайл,MC269h,0.0,0.0
2024-09,Смайл,MC269h,0.0,0.0
2024-10,Смайл,MC269h,0.0,0.0
2024-11,Смайл,MC269h,2.0,0.15039577
2024-12,Смайл,MC269h,0.0,0.0
2025-01,Смайл,MC269h,0.0,0.0
2025-02,Смайл,MC269h,0.0,0.0
2025-03,Смайл,MC269h,0.0,0.0
2025-04,Смайл,MC269h,1.0,0.017593592
2025-05,Смайл,MC269h,0.0,0.0
2025-06,Смайл,MC269h,1.0,0.0
2024-07,Смік,MC269h,3.0,0.06779096
2024-08,Смік,MC269h,2.0,0.6222498
2024-09,Смік,MC269h,1.0,0.18986714
2024-10,Смік,MC269h,2.0,0.10927561
2024-11,Смік,MC269h,0.0,0.70901567
2024-12,Смік,MC269h,3.0,1.6037066
2025-01,Смік,MC269h,2.0,0.6189073
2025-02,Смік,MC269h,2.0,0.15579751
2025-03,Смік,MC269h,3.0,0.051953956
2025-04,Смік,MC269h,1.0,0.08014774
2025-05,Смік,MC269h,0.0,0.061635494
2025-06,Смік,MC269h,2.0,0.0859705
2024-07,Чудо Острів,MC269h,2.0,1.4387579
2024-08,Чудо Острів,MC269h,2.0,2.3436108
2024-09,Чудо Острів,MC269h,2.0,1.8159536
2024-10,Чудо Острів,MC269h,4.0,1.324916
2024-11,Чудо Острів,MC269h,6.0,2.339472
2024-12,Чудо Острів,MC269h,25.0,11.043908
2025-01,Чудо Острів,MC269h,14.0,5.8550897
2025-02,Чудо Острів,MC269h,7.0,3.18052
2025-03,Чудо Острів,MC269h,9.0,2.3440006
2025-04,Чудо Острів,MC269h,1.0,2.3927395
2025-05,Чудо Острів,MC269h,6.0,2.3813107
2025-06,Чудо Острів,MC269h,8.0,3.6806033
2024-07,Акварель,MC270h,1.0,0.41278425
2024-08,Акварель,MC270h,1.0,0.44552284
2024-09,Акварель,MC270h,1.0,0.6280488
2024-10,Акварель,MC270h,1.0,0.5632333
2024-11,Акварель,MC270h,0.0,0.0
2024-12,Акварель,MC270h,5.0,2.1437483
2025-01,Акварель,MC270h,2.0,0.7494118
2025-02,Акварель,MC270h,3.0,0.38476023
2025-03,Акварель,MC270h,0.0,0.0
2025-04,Акварель,MC270h,1.0,0.33882558
2025-05,Акварель,MC270h,2.0,0.1388915
2025-06,Акварель,MC270h,4.0,0.33216313
2024-07,Віват Канцелярія,MC270h,1.0,0.24280167
2024-08,Віват Канцелярія,MC270h,3.0,0.30656964
2024-09,Віват Канцелярія,MC270h,0.0,0.0
2024-10,Віват Канцелярія,MC270h,1.0,0.17580655
2024-11,Віват Канцелярія,MC270h,1.0,0.20645393
2024-12,Віват Канцелярія,MC270h,6.0,1.4849242
2025-01,Віват Канцелярія,MC270h,3.0,0.1565772
2025-02,Віват Канцелярія,MC270h,0.0,0.0
2025-03,Віват Канцелярія,MC270h,0.0,0.0
2025-04,Віват Канцелярія,MC270h,2.0,0.10779766
2025-05,Віват Канцелярія,MC270h,0.0,0.0
2025-06,Віват Канцелярія,MC270h,0.0,0.0
2024-07,Акварель,S3003h,3.0,1.2183033
2024-08,Акварель,S3003h,5.0,1.2914304
2024-09,Акварель,S3003h,3.0,0.97089237
2024-10,Акварель,S3003h,2.0,0.89976054
2024-11,Акварель,S3003h,2.0,1.0858483
2024-12,Акварель,S3003h,3.0,2.5829234
2025-01,Акварель,S3003h,4.0,0.83731174
2025-02,Акварель,S3003h,3.0,0.6393987
2025-03,Акварель,S3003h,1.0,0.5790901
2025-04,Акварель,S3003h,3.0,0.5786102
2025-05,Акварель,S3003h,1.0,0.58391196
2025-06,Акварель,S3003h,1.0,0.7571803
2024-07,БІ,S3003h,1.0,1.8826694
2024-08,БІ,S3003h,0.0,0.0041023367
2024-09,БІ,S3003h,2.0,0.94815624
2024-10,БІ,S3003h,3.0,0.93769145
2024-11,БІ,S3003h,4.0,1.2765418
2024-12,БІ,S3003h,5.0,4.178103
2025-01,БІ,S3003h,4.0,1.5843195
2025-02,БІ,S3003h,1.0,1.1819977
2025-03,БІ,S3003h,2.0,0.6019078
2025-04,БІ,S3003h,0.0,0.0
2025-05,БІ,S3003h,2.0,0.55834514
2025-06,БІ,S3003h,3.0,0.6956758
2024-07,Віват Канцелярія,S3003h,0.0,0.0
2024-08,Віват Канцелярія,S3003h,0.0,0.0
2024-09,Віват Канцелярія,S3003h,0.0,0.0
2024-10,Віват Канцелярія,S3003h,0.0,0.0
2024-11,Віват Канцелярія,S3003h,2.0,0.34412074
2024-12,Віват Канцелярія,S3003h,0.0,0.060826536
2025-01,Віват Канцелярія,S3003h,2.0,0.23235111
2025-02,Віват Канцелярія,S3003h,2.0,0.27527577
2025-03,Віват Канцелярія,S3003h,2.0,0.20170587
2025-04,Віват Канцелярія,S3003h,1.0,0.20884725
2025-05,Віват Канцелярія,S3003h,0.0,0.0
2025-06,Віват Канцелярія,S3003h,2.0,0.21377105
2024-07,ІМ-МауДау,S3006h,1.0,0.0
2024-08,ІМ-МауДау,S3006h,0.0,0.0
2024-09,ІМ-МауДау,S3006h,1.0,0.0
2024-10,ІМ-МауДау,S3006h,1.0,0.0
2024-11,ІМ-МауДау,S3006h,0.0,0.0
2024-12,ІМ-МауДау,S3006h,1.0,0.3179212
2025-01,ІМ-МауДау,S3006h,0.0,0.0
2025-02,ІМ-МауДау,S3006h,0.0,0.0
2025-03,ІМ-МауДау,S3006h,0.0,0.0
2025-04,ІМ-МауДау,S3006h,1.0,0.0
2025-05,ІМ-МауДау,S3006h,0.0,0.0
2025-06,ІМ-МауДау,S3006h,0.0,0.0
2024-07,ІМ-Розетка,S3006h,6.0,2.9879637
2024-08,ІМ-Розетка,S3006h,1.0,3.2906666
2024-09,ІМ-Розетка,S3006h,5.0,4.209948
2024-10,ІМ-Розетка,S3006h,4.0,3.0186226
2024-11,ІМ-Розетка,S3006h,16.0,4.3129954
2024-12,ІМ-Розетка,S3006h,11.0,17.274181
2025-01,ІМ-Розетка,S3006h,13.0,3.8013964
2025-02,ІМ-Розетка,S3006h,3.0,1.9470856
2025-03,ІМ-Розетка,S3006h,2.0,1.3837533
2025-04,ІМ-Розетка,S3006h,3.0,1.7250654
2025-05,ІМ-Розетка,S3006h,4.0,2.515896
2025-06,ІМ-Розетка,S3006h,20.0,4.280175
2024-07,Акварель,S3006h,22.0,6.962426
2024-08,Акварель,S3006h,26.0,10.972962
2024-09,Акварель,S3006h,19.0,10.928536
2024-10,Акварель,S3006h,22.0,9.343485
2024-11,Акварель,S3006h,19.0,11.06568
2024-12,Акварель,S3006h,39.0,21.30314
2025-01,Акварель,S3006h,36.0,11.112054
2025-02,Акварель,S3006h,24.0,7.7262735
2025-03,Акварель,S3006h,29.0,10.350047
2025-04,Акварель,S3006h,14.0,9.307017
2025-05,Акварель,S3006h,13.0,7.8057046
2025-06,Акварель,S3006h,18.0,9.846221
2024-07,Антошка,S3006h,0.0,0.43010974
2024-08,Антошка,S3006h,1.0,0.4775599
2024-09,Антошка,S3006h,2.0,0.50317115
2024-10,Антошка,S3006h,0.0,0.46773684
2024-11,Антошка,S3006h,0.0,0.43629456
2024-12,Антошка,S3006h,1.0,1.869822
2025-01,Антошка,S3006h,2.0,0.085714914
2025-02,Антошка,S3006h,0.0,0.0
2025-03,Антошка,S3006h,0.0,0.0
2025-04,Антошка,S3006h,0.0,0.0
2025-05,Антошка,S3006h,0.0,0.0
2025-06,Антошка,S3006h,0.0,0.0
2024-07,БІ,S3006h,6.0,9.8234625
2024-08,БІ,S3006h,11.0,7.093082
2024-09,БІ,S3006h,14.0,7.8574986
2024-10,БІ,S3006h,19.0,7.49404
2024-11,БІ,S3006h,40.0,11.016288
2024-12,БІ,S3006h,54.0,31.302238
2025-01,БІ,S3006h,37.0,14.014399
2025-02,БІ,S3006h,27.0,13.610989
2025-03,БІ,S3006h,28.0,10.888022
2025-04,БІ,S3006h,20.0,9.521178
2025-05,БІ,S3006h,22.0,12.395905
2025-06,БІ,S3006h,37.0,15.901141
2024-07,БРСМ,S3006h,8.0,2.2882783
2024-08,БРСМ,S3006h,10.0,2.7229862
2024-09,БРСМ,S3006h,6.0,2.7973244
2024-10,БРСМ,S3006h,6.0,2.8592558
2024-11,БРСМ,S3006h,4.0,2.0086155
2024-12,БРСМ,S3006h,4.0,2.6305993
2025-01,БРСМ,S3006h,14.0,2.133456
2025-02,БРСМ,S3006h,3.0,2.0603151
2025-03,БРСМ,S3006h,6.0,2.3282604
2025-04,БРСМ,S3006h,5.0,2.2968254
2025-05,БРСМ,S3006h,4.0,2.2795672
2025-06,БРСМ,S3006h,7.0,2.9348915
2024-07,Белес,S3006h,41.0,2.8655822
2024-08,Белес,S3006h,0.0,3.4285476
2024-09,Белес,S3006h,53.0,5.0630674
2024-10,Белес,S3006h,0.0,4.585457
2024-11,Белес,S3006h,19.0,3.7907336
2024-12,Белес,S3006h,0.0,12.227895
2025-01,Белес,S3006h,0.0,2.4239364
2025-02,Белес,S3006h,27.0,4.786982
2025-03,Белес,S3006h,28.0,5.9567804
2025-04,Белес,S3006h,17.0,5.793453
2025-05,Белес,S3006h,0.0,5.515282
2025-06,Белес,S3006h,0.0,4.4173803
2024-07,Віват Канцелярія,S3006h,2.0,1.083571
2024-08,Віват Канцелярія,S3006h,2.0,1.7938539
2024-09,Віват Канцелярія,S3006h,6.0,2.3335018
2024-10,Віват Канцелярія,S3006h,6.0,1.9711596
2024-11,Віват Канцелярія,S3006h,5.0,2.385808
2024-12,Віват Канцелярія,S3006h,13.0,6.8575554
2025-01,Віват Канцелярія,S3006h,5.0,2.8851452
2025-02,Віват Канцелярія,S3006h,4.0,2.5852656
2025-03,Віват Канцелярія,S3006h,4.0,1.7741073
2025-04,Віват Канцелярія,S3006h,4.0,1.3303039
2025-05,Віват Канцелярія,S3006h,4.0,1.6433988
2025-06,Віват Канцелярія,S3006h,10.0,2.2096205
2024-07,Еліпс,S3006h,0.0,0.0
2024-08,Еліпс,S3006h,1.0,0.19618018
2024-09,Еліпс,S3006h,0.0,0.0
2024-10,Еліпс,S3006h,1.0,0.31112754
2024-11,Еліпс,S3006h,0.0,0.0
2024-12,Еліпс,S3006h,1.0,0.237976
2025-01,Еліпс,S3006h,0.0,0.0
2025-02,Еліпс,S3006h,1.0,0.069290474
2025-03,Еліпс,S3006h,0.0,0.0
2025-04,Еліпс,S3006h,0.0,0.0
2025-05,Еліпс,S3006h,1.0,0.0
2025-06,Еліпс,S3006h,1.0,0.0
2024-07,Епіцентр,S3006h,8.0,3.4544024
2024-08,Епіцентр,S3006h,14.0,3.5307786
2024-09,Епіцентр,S3006h,17.0,4.9279594
2024-10,Епіцентр,S3006h,7.0,4.6554813
2024-11,Епіцентр,S3006h,18.0,4.6474466
2024-12,Епіцентр,S3006h,42.0,17.766697
2025-01,Епіцентр,S3006h,18.0,7.652024
2025-02,Епіцентр,S3006h,17.0,5.3482723
2025-03,Епіцентр,S3006h,19.0,5.281695
2025-04,Епіцентр,S3006h,0.0,5.5224285
2025-05,Епіцентр,S3006h,11.0,2.994344
2025-06,Епіцентр,S3006h,9.0,5.7560463
2024-07,Клас,S3006h,0.0,0.0216907
2024-08,Клас,S3006h,3.0,0.32061487
2024-09,Клас,S3006h,1.0,0.0
2024-10,Клас,S3006h,4.0,0.117772736
2024-11,Клас,S3006h,2.0,0.5825721
2024-12,Клас,S3006h,4.0,1.3374261
2025-01,Клас,S3006h,3.0,0.41370696
2025-02,Клас,S3006h,3.0,0.108765885
2025-03,Клас,S3006h,4.0,0.045328066
2025-04,Клас,S3006h,2.0,0.057614885
2025-05,Клас,S3006h,3.0,0.09639286
2025-06,Клас,S3006h,0.0,0.0608204
2024-07,МайПлей,S3006h,1.0,0.49844185
2024-08,МайПлей,S3006h,3.0,0.6145429
2024-09,МайПлей,S3006h,3.0,0.84563196
2024-10,МайПлей,S3006h,2.0,0.8951862
2024-11,МайПлей,S3006h,2.0,0.760092
2024-12,МайПлей,S3006h,10.0,2.6876295
2025-01,МайПлей,S3006h,3.0,1.3751688
2025-02,МайПлей,S3006h,1.0,0.82412344
2025-03,МайПлей,S3006h,4.0,0.525126
2025-04,МайПлей,S3006h,1.0,0.6203043
2025-05,МайПлей,S3006h,1.0,0.73063385
2025-06,МайПлей,S3006h,4.0,0.87764204
2024-07,Мегамаркет,S3006h,2.0,0.15850146
2024-08,Мегамаркет,S3006h,4.0,0.41293365
2024-09,Мегамаркет,S3006h,5.0,0.541952
2024-10,Мегамаркет,S3006h,0.0,0.42949718
2024-11,Мегамаркет,S3006h,0.0,0.5120265
2024-12,Мегамаркет,S3006h,5.0,1.2578651
2025-01,Мегамаркет,S3006h,1.0,0.37206793
2025-02,Мегамаркет,S3006h,0.0,0.0
2025-03,Мегамаркет,S3006h,4.0,0.0
2025-04,Мегамаркет,S3006h,1.0,0.010689964
2025-05,Мегамаркет,S3006h,2.0,0.0
2025-06,Мегамаркет,S3006h,1.0,0.18919145
2024-07,Монако,S3006h,2.0,0.04205818
2024-08,Монако,S3006h,2.0,0.32896367
2024-09,Монако,S3006h,0.0,0.15192299
2024-10,Монако,S3006h,5.0,0.5757824
2024-11,Монако,S3006h,4.0,1.0007613
2024-12,Монако,S3006h,0.0,0.57202226
2025-01,Монако,S3006h,0.0,0.14380474
2025-02,Монако,S3006h,4.0,0.5456135
2025-03,Монако,S3006h,5.0,0.20948069
2025-04,Монако,S3006h,0.0,0.09904458
2025-05,Монако,S3006h,1.0,0.52973306
2025-06,Монако,S3006h,1.0,0.52205014
2024-07,Новая Лінія,S3006h,0.0,0.0
2024-08,Новая Лінія,S3006h,2.0,0.0
2024-09,Новая Лінія,S3006h,0.0,0.0
2024-10,Новая Лінія,S3006h,1.0,0.0
2024-11,Новая Лінія,S3006h,0.0,0.0
2024-12,Новая Лінія,S3006h,2.0,0.1645289
2025-01,Новая Лінія,S3006h,0.0,0.0
2025-02,Новая Лінія,S3006h,2.0,0.0
2025-03,Новая Лінія,S3006h,0.0,0.0
2025-04,Новая Лінія,S3006h,0.0,0.0
2025-05,Новая Лінія,S3006h,0.0,0.0
2025-06,Новая Лінія,S3006h,0.0,0.0
2024-07,РОСТ,S3006h,2.0,0.0
2024-08,РОСТ,S3006h,4.0,0.033890337
2024-09,РОСТ,S3006h,1.0,0.0
2024-10,РОСТ,S3006h,0.0,0.0
2024-11,РОСТ,S3006h,1.0,0.0
2024-12,РОСТ,S3006h,6.0,0.7500979
2025-01,РОСТ,S3006h,4.0,0.99215776
2025-02,РОСТ,S3006h,3.0,0.6261123
2025-03,РОСТ,S3006h,1.0,0.20718046
2025-04,РОСТ,S3006h,1.0,0.0
2025-05,РОСТ,S3006h,2.0,0.012397393
2025-06,РОСТ,S3006h,0.0,0.0
2024-07,Росицька ФОП,S3006h,0.0,0.0
2024-08,Росицька ФОП,S3006h,1.0,0.0
2024-09,Росицька ФОП,S3006h,0.0,0.0
2024-10,Росицька ФОП,S3006h,0.0,0.0
2024-11,Росицька ФОП,S3006h,0.0,0.0
2024-12,Росицька ФОП,S3006h,0.0,0.0
2025-01,Росицька ФОП,S3006h,0.0,0.0
2025-02,Росицька ФОП,S3006h,1.0,0.0
2025-03,Росицька ФОП,S3006h,0.0,0.0
2025-04,Росицька ФОП,S3006h,0.0,0.0
2025-05,Росицька ФОП,S3006h,0.0,0.0
2025-06,Росицька ФОП,S3006h,0.0,0.0
2024-07,Смайл,S3006h,1.0,0.0
2024-08,Смайл,S3006h,0.0,0.0
2024-09,Смайл,S3006h,0.0,0.0
2024-10,Смайл,S3006h,0.0,0.0
2024-11,Смайл,S3006h,2.0,0.28026554
2024-12,Смайл,S3006h,0.0,0.0
2025-01,Смайл,S3006h,0.0,0.0
2025-02,Смайл,S3006h,0.0,0.0
2025-03,Смайл,S3006h,0.0,0.0
2025-04,Смайл,S3006h,1.0,0.050217997
2025-05,Смайл,S3006h,0.0,0.0
2025-06,Смайл,S3006h,0.0,0.0
2024-07,СмартТойс,S3006h,0.0,0.0
2024-08,СмартТойс,S3006h,0.0,0.0
2024-09,СмартТойс,S3006h,0.0,0.0
2024-10,СмартТойс,S3006h,0.0,0.0
2024-11,СмартТойс,S3006h,0.0,0.0
2024-12,СмартТойс,S3006h,1.0,0.13415492
2025-01,СмартТойс,S3006h,0.0,0.0
2025-02,СмартТойс,S3006h,1.0,0.0
2025-03,СмартТойс,S3006h,0.0,0.0
2025-04,СмартТойс,S3006h,1.0,0.0
2025-05,СмартТойс,S3006h,1.0,0.0
2025-06,СмартТойс,S3006h,0.0,0.0
2024-07,Таврія,S3006h,1.0,0.0
2024-08,Таврія,S3006h,0.0,0.0
2024-09,Таврія,S3006h,0.0,0.0
2024-10,Таврія,S3006h,0.0,0.0
2024-11,Таврія,S3006h,0.0,0.0
2024-12,Таврія,S3006h,2.0,0.9664052
2025-01,Таврія,S3006h,7.0,0.0
2025-02,Таврія,S3006h,1.0,0.0
2025-03,Таврія,S3006h,1.0,0.0
2025-04,Таврія,S3006h,0.0,0.0045833997
2025-05,Таврія,S3006h,0.0,0.14515835
2025-06,Таврія,S3006h,1.0,0.0
2024-07,ІМ-Розетка,S3007h,4.0,2.203096
2024-08,ІМ-Розетка,S3007h,3.0,2.347864
2024-09,ІМ-Розетка,S3007h,5.0,2.1117587
2024-10,ІМ-Розетка,S3007h,6.0,2.1633139
2024-11,ІМ-Розетка,S3007h,5.0,3.3258202
2024-12,ІМ-Розетка,S3007h,14.0,9.979909
2025-01,ІМ-Розетка,S3007h,6.0,3.7416573
2025-02,ІМ-Розетка,S3007h,4.0,1.8357966
2025-03,ІМ-Розетка,S3007h,4.0,1.4924369
2025-04,ІМ-Розетка,S3007h,2.0,0.73082656
2025-05,ІМ-Розетка,S3007h,5.0,0.8586727
2025-06,ІМ-Розетка,S3007h,3.0,1.7503601
2024-07,Акварель,S3007h,8.0,3.3937418
2024-08,Акварель,S3007h,14.0,3.977391
2024-09,Акварель,S3007h,10.0,4.5394974
2024-10,Акварель,S3007h,12.0,4.0308247
2024-11,Акварель,S3007h,10.0,4.2298284
2024-12,Акварель,S3007h,16.0,9.49084
2025-01,Акварель,S3007h,16.0,4.0715575
2025-02,Акварель,S3007h,18.0,3.2928524
2025-03,Акварель,S3007h,10.0,5.697706
2025-04,Акварель,S3007h,11.0,4.152558
2025-05,Акварель,S3007h,5.0,4.0647388
2025-06,Акварель,S3007h,10.0,5.5616107
2024-07,БІ,S3007h,7.0,4.7369637
2024-08,БІ,S3007h,7.0,4.587148
2024-09,БІ,S3007h,7.0,4.0995607
2024-10,БІ,S3007h,9.0,3.8562324
2024-11,БІ,S3007h,21.0,4.931232
2024-12,БІ,S3007h,15.0,17.86454
2025-01,БІ,S3007h,14.0,5.3100767
2025-02,БІ,S3007h,9.0,4.6373897
2025-03,БІ,S3007h,11.0,4.5436106
2025-04,БІ,S3007h,13.0,4.1219583
2025-05,БІ,S3007h,9.0,4.662219
2025-06,БІ,S3007h,13.0,8.000784
2024-07,БРСМ,S3007h,4.0,1.3103055
2024-08,БРСМ,S3007h,2.0,0.9912968
2024-09,БРСМ,S3007h,4.0,1.0405071
2024-10,БРСМ,S3007h,4.0,0.94346833
2024-11,БРСМ,S3007h,1.0,0.6884095
2024-12,БРСМ,S3007h,4.0,1.5926654
2025-01,БРСМ,S3007h,4.0,1.1513028
2025-02,БРСМ,S3007h,2.0,1.0270672
2025-03,БРСМ,S3007h,1.0,0.99012446
2025-04,БРСМ,S3007h,1.0,0.6650322
2025-05,БРСМ,S3007h,1.0,0.5040654
2025-06,БРСМ,S3007h,4.0,0.6206279
2024-07,Белес,S3007h,26.0,3.4518914
2024-08,Белес,S3007h,0.0,3.0265934
2024-09,Белес,S3007h,20.0,4.758351
2024-10,Белес,S3007h,0.0,1.6923969
2024-11,Белес,S3007h,8.0,3.3372047
2024-12,Белес,S3007h,0.0,7.203472
2025-01,Белес,S3007h,0.0,2.1534426
2025-02,Белес,S3007h,21.0,3.3508232
2025-03,Белес,S3007h,19.0,4.9886985
2025-04,Белес,S3007h,17.0,3.3122349
2025-05,Белес,S3007h,0.0,4.083706
2025-06,Белес,S3007h,0.0,3.826968
2024-07,Віват Канцелярія,S3007h,1.0,0.59072185
2024-08,Віват Канцелярія,S3007h,4.0,0.81283814
2024-09,Віват Канцелярія,S3007h,3.0,0.95715135
2024-10,Віват Канцелярія,S3007h,2.0,0.72430044
2024-11,Віват Канцелярія,S3007h,2.0,0.7310246
2024-12,Віват Канцелярія,S3007h,6.0,3.6497025
2025-01,Віват Канцелярія,S3007h,2.0,1.4411092
2025-02,Віват Канцелярія,S3007h,5.0,0.78755134
2025-03,Віват Канцелярія,S3007h,3.0,0.6107083
2025-04,Віват Канцелярія,S3007h,0.0,0.6472093
2025-05,Віват Канцелярія,S3007h,4.0,0.5925954
2025-06,Віват Канцелярія,S3007h,2.0,1.0181267
2024-07,Епіцентр,S3007h,3.0,1.108898
2024-08,Епіцентр,S3007h,6.0,1.0905113
2024-09,Епіцентр,S3007h,5.0,1.2592195
2024-10,Епіцентр,S3007h,1.0,0.9984129
2024-11,Епіцентр,S3007h,8.0,1.5961556
2024-12,Епіцентр,S3007h,19.0,5.727193
2025-01,Епіцентр,S3007h,7.0,2.4935691
2025-02,Епіцентр,S3007h,6.0,1.9322971
2025-03,Епіцентр,S3007h,8.0,1.5481389
2025-04,Епіцентр,S3007h,0.0,1.4442022
2025-05,Епіцентр,S3007h,3.0,2.1754107
2025-06,Епіцентр,S3007h,5.0,2.003983
2024-07,Клас,S3007h,1.0,0.0
2024-08,Клас,S3007h,1.0,0.015648423
2024-09,Клас,S3007h,2.0,0.0
2024-10,Клас,S3007h,1.0,0.0
2024-11,Клас,S3007h,1.0,0.0
2024-12,Клас,S3007h,2.0,0.49041533
2025-01,Клас,S3007h,2.0,0.41230366
2025-02,Клас,S3007h,3.0,0.0
2025-03,Клас,S3007h,0.0,0.0
2025-04,Клас,S3007h,1.0,0.0
2025-05,Клас,S3007h,2.0,0.0
2025-06,Клас,S3007h,0.0,0.0
2024-07,МайПлей,S3007h,0.0,0.14966533
2024-08,МайПлей,S3007h,1.0,0.17771065
2024-09,МайПлей,S3007h,0.0,0.19239065
2024-10,МайПлей,S3007h,1.0,0.16037111
2024-11,МайПлей,S3007h,2.0,0.3426803
2024-12,МайПлей,S3007h,5.0,1.6793029
2025-01,МайПлей,S3007h,6.0,1.1527905
2025-02,МайПлей,S3007h,1.0,0.5094063
2025-03,МайПлей,S3007h,2.0,0.49518293
2025-04,МайПлей,S3007h,2.0,0.56148535
2025-05,МайПлей,S3007h,2.0,0.37482324
2025-06,МайПлей,S3007h,0.0,0.32862422
2024-07,Мегамаркет,S3007h,1.0,0.0
2024-08,Мегамаркет,S3007h,3.0,0.07503522
2024-09,Мегамаркет,S3007h,1.0,0.032886032
2024-10,Мегамаркет,S3007h,1.0,0.0
2024-11,Мегамаркет,S3007h,3.0,0.0160386
2024-12,Мегамаркет,S3007h,3.0,0.8350377
2025-01,Мегамаркет,S3007h,3.0,0.2431925
2025-02,Мегамаркет,S3007h,1.0,0.1298293
2025-03,Мегамаркет,S3007h,2.0,0.04022775
2025-04,Мегамаркет,S3007h,0.0,0.0
2025-05,Мегамаркет,S3007h,1.0,0.0
2025-06,Мегамаркет,S3007h,1.0,0.0
2024-07,Монако,S3007h,0.0,0.0
2024-08,Монако,S3007h,4.0,0.61627704
2024-09,Монако,S3007h,0.0,0.0
2024-10,Монако,S3007h,5.0,0.47458526
2024-11,Монако,S3007h,1.0,0.5812562
2024-12,Монако,S3007h,0.0,0.4670763
2025-01,Монако,S3007h,0.0,0.0
2025-02,Монако,S3007h,1.0,0.7514845
2025-03,Монако,S3007h,3.0,0.3036297
2025-04,Монако,S3007h,0.0,0.0
2025-05,Монако,S3007h,0.0,0.0
2025-06,Монако,S3007h,0.0,0.0
2024-07,РОСТ,S3007h,0.0,0.0
2024-08,РОСТ,S3007h,1.0,0.0
2024-09,РОСТ,S3007h,0.0,0.0
2024-10,РОСТ,S3007h,0.0,0.0
2024-11,РОСТ,S3007h,1.0,0.0
2024-12,РОСТ,S3007h,4.0,0.61630243
2025-01,РОСТ,S3007h,3.0,0.35280648
2025-02,РОСТ,S3007h,2.0,0.0
2025-03,РОСТ,S3007h,0.0,0.0
2025-04,РОСТ,S3007h,0.0,0.0
2025-05,РОСТ,S3007h,4.0,0.0
2025-06,РОСТ,S3007h,1.0,0.0
2024-07,Смайл,S3007h,0.0,0.0
2024-08,Смайл,S3007h,0.0,0.0
2024-09,Смайл,S3007h,0.0,0.0
2024-10,Смайл,S3007h,0.0,0.0
2024-11,Смайл,S3007h,2.0,0.2523388
2024-12,Смайл,S3007h,0.0,0.0
2025-01,Смайл,S3007h,0.0,0.0
2025-02,Смайл,S3007h,0.0,0.0
2025-03,Смайл,S3007h,0.0,0.0
2025-04,Смайл,S3007h,1.0,0.10263011
2025-05,Смайл,S3007h,0.0,0.0
2025-06,Смайл,S3007h,0.0,0.0
2024-07,Смік,S3007h,1.0,0.36443296
2024-08,Смік,S3007h,2.0,0.8804485
2024-09,Смік,S3007h,4.0,0.43288603
2024-10,Смік,S3007h,0.0,0.40947604
2024-11,Смік,S3007h,3.0,0.2781804
2024-12,Смік,S3007h,2.0,1.5331306
2025-01,Смік,S3007h,2.0,0.45761588
2025-02,Смік,S3007h,1.0,0.17978041
2025-03,Смік,S3007h,3.0,0.178023
2025-04,Смік,S3007h,0.0,0.2856285
2025-05,Смік,S3007h,2.0,0.13156141
2025-06,Смік,S3007h,1.0,0.3450496
2024-07,Супрун ФОП,S3007h,2.0,0.08004403
2024-08,Супрун ФОП,S3007h,0.0,0.0
2024-09,Супрун ФОП,S3007h,0.0,0.14116848
2024-10,Супрун ФОП,S3007h,1.0,0.0
2024-11,Супрун ФОП,S3007h,0.0,0.0
2024-12,Супрун ФОП,S3007h,2.0,0.3617247
2025-01,Супрун ФОП,S3007h,0.0,0.0
2025-02,Супрун ФОП,S3007h,0.0,0.0
2025-03,Супрун ФОП,S3007h,1.0,0.06156399
2025-04,Супрун ФОП,S3007h,1.0,0.059033137
2025-05,Супрун ФОП,S3007h,1.0,0.0
2025-06,Супрун ФОП,S3007h,0.0,0.0
2024-07,Таврія,S3007h,0.0,0.0
2024-08,Таврія,S3007h,1.0,0.0
2024-09,Таврія,S3007h,0.0,0.0
2024-10,Таврія,S3007h,0.0,0.0
2024-11,Таврія,S3007h,0.0,0.0
2024-12,Таврія,S3007h,1.0,1.3443885
2025-01,Таврія,S3007h,3.0,0.0
2025-02,Таврія,S3007h,1.0,0.0
2025-03,Таврія,S3007h,2.0,0.0
2025-04,Таврія,S3007h,1.0,0.0
2025-05,Таврія,S3007h,1.0,0.0
2025-06,Таврія,S3007h,0.0,0.0
2024-07,ІМ-Розетка,S3008h,1.0,0.75505453
2024-08,ІМ-Розетка,S3008h,2.0,1.0108033
2024-09,ІМ-Розетка,S3008h,1.0,1.3193043
2024-10,ІМ-Розетка,S3008h,5.0,1.4472635
2024-11,ІМ-Розетка,S3008h,1.0,2.877789
2024-12,ІМ-Розетка,S3008h,12.0,6.8300533
2025-01,ІМ-Розетка,S3008h,7.0,2.5579765
2025-02,ІМ-Розетка,S3008h,5.0,1.2692881
2025-03,ІМ-Розетка,S3008h,5.0,1.2826747
2025-04,ІМ-Розетка,S3008h,3.0,0.81426024
2025-05,ІМ-Розетка,S3008h,3.0,1.3500116
2025-06,ІМ-Розетка,S3008h,3.0,1.6809305
2024-07,Акварель,S3008h,6.0,3.4367592
2024-08,Акварель,S3008h,4.0,3.8239145
2024-09,Акварель,S3008h,14.0,3.6306067
2024-10,Акварель,S3008h,9.0,4.0224967
2024-11,Акварель,S3008h,6.0,3.5831501
2024-12,Акварель,S3008h,21.0,10.482565
2025-01,Акварель,S3008h,16.0,4.5247293
2025-02,Акварель,S3008h,11.0,3.5667157
2025-03,Акварель,S3008h,11.0,4.8431582
2025-04,Акварель,S3008h,4.0,3.8099139
2025-05,Акварель,S3008h,6.0,3.6639295
2025-06,Акварель,S3008h,12.0,4.9196744
2024-07,БІ,S3008h,10.0,4.650223
2024-08,БІ,S3008h,6.0,3.9454293
2024-09,БІ,S3008h,4.0,4.1097026
2024-10,БІ,S3008h,7.0,3.752168
2024-11,БІ,S3008h,16.0,4.452283
2024-12,БІ,S3008h,44.0,14.012075
2025-01,БІ,S3008h,14.0,8.054619
2025-02,БІ,S3008h,8.0,4.1887026
2025-03,БІ,S3008h,2.0,3.115338
2025-04,БІ,S3008h,3.0,2.9429002
2025-05,БІ,S3008h,1.0,2.5531487
2025-06,БІ,S3008h,7.0,4.7334332
2024-07,Белес,S3008h,14.0,4.5936165
2024-08,Белес,S3008h,0.0,2.1358364
2024-09,Белес,S3008h,20.0,4.5623984
2024-10,Белес,S3008h,5.0,3.5061133
2024-11,Белес,S3008h,11.0,3.8443203
2024-12,Белес,S3008h,0.0,6.3368363
2025-01,Белес,S3008h,0.0,1.9441065
2025-02,Белес,S3008h,26.0,3.865767
2025-03,Белес,S3008h,28.0,5.787233
2025-04,Белес,S3008h,13.0,4.539771
2025-05,Белес,S3008h,0.0,4.518992
2025-06,Белес,S3008h,0.0,4.2122393
2024-07,Віват Канцелярія,S3008h,3.0,0.7039188
2024-08,Віват Канцелярія,S3008h,3.0,1.1827145
2024-09,Віват Канцелярія,S3008h,2.0,1.0601131
2024-10,Віват Канцелярія,S3008h,2.0,0.8320135
2024-11,Віват Канцелярія,S3008h,4.0,1.2953019
2024-12,Віват Канцелярія,S3008h,4.0,3.2141984
2025-01,Віват Канцелярія,S3008h,4.0,1.3939966
2025-02,Віват Канцелярія,S3008h,1.0,1.0712185
2025-03,Віват Канцелярія,S3008h,4.0,0.7198519
2025-04,Віват Канцелярія,S3008h,3.0,0.94982815
2025-05,Віват Канцелярія,S3008h,4.0,0.78702253
2025-06,Віват Канцелярія,S3008h,1.0,1.5079187
2024-07,Епіцентр,S3008h,5.0,2.2125587
2024-08,Епіцентр,S3008h,7.0,1.8274354
2024-09,Епіцентр,S3008h,9.0,1.880322
2024-10,Епіцентр,S3008h,2.0,1.8056514
2024-11,Епіцентр,S3008h,13.0,2.818842
2024-12,Епіцентр,S3008h,24.0,9.857675
2025-01,Епіцентр,S3008h,12.0,3.3584425
2025-02,Епіцентр,S3008h,8.0,2.7785442
2025-03,Епіцентр,S3008h,11.0,2.2324696
2025-04,Епіцентр,S3008h,0.0,2.4425395
2025-05,Епіцентр,S3008h,4.0,2.3593009
2025-06,Епіцентр,S3008h,12.0,3.209569
2024-07,Клас,S3008h,0.0,0.0
2024-08,Клас,S3008h,2.0,0.08709969
2024-09,Клас,S3008h,3.0,0.0
2024-10,Клас,S3008h,1.0,0.0
2024-11,Клас,S3008h,1.0,0.0
2024-12,Клас,S3008h,1.0,0.5754261
2025-01,Клас,S3008h,0.0,0.0
2025-02,Клас,S3008h,3.0,0.0
2025-03,Клас,S3008h,1.0,0.0
2025-04,Клас,S3008h,0.0,0.0
2025-05,Клас,S3008h,1.0,0.0
2025-06,Клас,S3008h,0.0,0.0
2024-07,МайПлей,S3008h,1.0,0.3258038
2024-08,МайПлей,S3008h,1.0,0.49838576
2024-09,МайПлей,S3008h,1.0,0.40384912
2024-10,МайПлей,S3008h,0.0,0.35328126
2024-11,МайПлей,S3008h,0.0,0.16757101
2024-12,МайПлей,S3008h,6.0,1.5999134
2025-01,МайПлей,S3008h,4.0,0.90253705
2025-02,МайПлей,S3008h,2.0,0.5588652
2025-03,МайПлей,S3008h,4.0,0.6297385
2025-04,МайПлей,S3008h,2.0,0.44300365
2025-05,МайПлей,S3008h,2.0,0.50912297
2025-06,МайПлей,S3008h,2.0,0.70676166
2024-07,Мегамаркет,S3008h,1.0,0.0067937034
2024-08,Мегамаркет,S3008h,1.0,0.0841954
2024-09,Мегамаркет,S3008h,1.0,0.0
2024-10,Мегамаркет,S3008h,1.0,0.0
2024-11,Мегамаркет,S3008h,1.0,0.0
2024-12,Мегамаркет,S3008h,4.0,1.0918243
2025-01,Мегамаркет,S3008h,0.0,0.1595319
2025-02,Мегамаркет,S3008h,1.0,0.0
2025-03,Мегамаркет,S3008h,0.0,0.0
2025-04,Мегамаркет,S3008h,2.0,0.0
2025-05,Мегамаркет,S3008h,1.0,0.0
2025-06,Мегамаркет,S3008h,2.0,0.0
2024-07,Монако,S3008h,0.0,0.0
2024-08,Монако,S3008h,0.0,0.0
2024-09,Монако,S3008h,0.0,0.0
2024-10,Монако,S3008h,0.0,0.0
2024-11,Монако,S3008h,3.0,0.78945786
2024-12,Монако,S3008h,0.0,0.23277722
2025-01,Монако,S3008h,0.0,0.0
2025-02,Монако,S3008h,2.0,0.52891046
2025-03,Монако,S3008h,2.0,0.07146195
2025-04,Монако,S3008h,0.0,0.0
2025-05,Монако,S3008h,1.0,0.2916052
2025-06,Монако,S3008h,0.0,0.0
2024-07,РОСТ,S3008h,0.0,0.0
2024-08,РОСТ,S3008h,0.0,0.0
2024-09,РОСТ,S3008h,0.0,0.0
2024-10,РОСТ,S3008h,0.0,0.0
2024-11,РОСТ,S3008h,2.0,0.0
2024-12,РОСТ,S3008h,5.0,0.6713697
2025-01,РОСТ,S3008h,2.0,0.28401035
2025-02,РОСТ,S3008h,3.0,0.0
2025-03,РОСТ,S3008h,1.0,0.0
2025-04,РОСТ,S3008h,1.0,0.0
2025-05,РОСТ,S3008h,1.0,0.0
2025-06,РОСТ,S3008h,2.0,0.0
2024-07,Росицька ФОП,S3008h,0.0,0.0
2024-08,Росицька ФОП,S3008h,0.0,0.0
2024-09,Росицька ФОП,S3008h,0.0,0.0
2024-10,Росицька ФОП,S3008h,0.0,0.0
2024-11,Росицька ФОП,S3008h,0.0,0.0
2024-12,Росицька ФОП,S3008h,0.0,0.0
2025-01,Росицька ФОП,S3008h,0.0,0.0
2025-02,Росицька ФОП,S3008h,1.0,0.0
2025-03,Росицька ФОП,S3008h,0.0,0.0
2025-04,Росицька ФОП,S3008h,1.0,0.0
2025-05,Росицька ФОП,S3008h,0.0,0.0
2025-06,Росицька ФОП,S3008h,0.0,0.0
2024-07,Смайл,S3008h,1.0,0.0
2024-08,Смайл,S3008h,0.0,0.0
2024-09,Смайл,S3008h,0.0,0.0
2024-10,Смайл,S3008h,0.0,0.0
2024-11,Смайл,S3008h,2.0,0.1944973
2024-12,Смайл,S3008h,0.0,0.0
2025-01,Смайл,S3008h,0.0,0.0
2025-02,Смайл,S3008h,0.0,0.0
2025-03,Смайл,S3008h,0.0,0.0
2025-04,Смайл,S3008h,1.0,0.04272833
2025-05,Смайл,S3008h,0.0,0.0
2025-06,Смайл,S3008h,2.0,0.0
2024-07,Смік,S3008h,1.0,0.024281638
2024-08,Смік,S3008h,2.0,0.9299434
2024-09,Смік,S3008h,1.0,0.48379847
2024-10,Смік,S3008h,2.0,0.327926
2024-11,Смік,S3008h,0.0,0.14653142
2024-12,Смік,S3008h,3.0,0.7533296
2025-01,Смік,S3008h,3.0,0.48997548
2025-02,Смік,S3008h,0.0,0.27426445
2025-03,Смік,S3008h,1.0,0.44480532
2025-04,Смік,S3008h,3.0,0.2080879
2025-05,Смік,S3008h,2.0,0.30030906
2025-06,Смік,S3008h,2.0,0.63144386
2024-07,Супрун ФОП,S3008h,0.0,0.0
2024-08,Супрун ФОП,S3008h,0.0,0.0
2024-09,Супрун ФОП,S3008h,0.0,0.0
2024-10,Супрун ФОП,S3008h,0.0,0.0
2024-11,Супрун ФОП,S3008h,1.0,0.08883243
2024-12,Супрун ФОП,S3008h,0.0,0.0
2025-01,Супрун ФОП,S3008h,0.0,0.0
2025-02,Супрун ФОП,S3008h,0.0,0.0
2025-03,Супрун ФОП,S3008h,1.0,0.0
2025-04,Супрун ФОП,S3008h,0.0,0.0
2025-05,Супрун ФОП,S3008h,2.0,0.0
2025-06,Супрун ФОП,S3008h,0.0,0.0
2024-07,Таврія,S3008h,0.0,0.0
2024-08,Таврія,S3008h,0.0,0.0
2024-09,Таврія,S3008h,1.0,0.0
2024-10,Таврія,S3008h,1.0,0.0
2024-11,Таврія,S3008h,0.0,0.0
2024-12,Таврія,S3008h,6.0,0.9288159
2025-01,Таврія,S3008h,3.0,0.30327582
2025-02,Таврія,S3008h,0.0,0.0
2025-03,Таврія,S3008h,1.0,0.0
2025-04,Таврія,S3008h,2.0,0.0
2025-05,Таврія,S3008h,2.0,0.0
2025-06,Таврія,S3008h,1.0,0.0
2024-07,Юпіджи,S3008h,1.0,1.3977888
2024-08,Юпіджи,S3008h,5.0,1.5360545
2024-09,Юпіджи,S3008h,2.0,1.0893538
2024-10,Юпіджи,S3008h,6.0,1.3834205
2024-11,Юпіджи,S3008h,2.0,0.9764789
2024-12,Юпіджи,S3008h,4.0,2.3999586
2025-01,Юпіджи,S3008h,4.0,1.5560894
2025-02,Юпіджи,S3008h,4.0,0.9314613
2025-03,Юпіджи,S3008h,4.0,0.94743645
2025-04,Юпіджи,S3008h,3.0,0.681484
2025-05,Юпіджи,S3008h,1.0,0.64685076
2025-06,Юпіджи,S3008h,3.0,0.8299589
2024-07,ІМ-МауДау,S3009h,0.0,0.0
2024-08,ІМ-МауДау,S3009h,0.0,0.0
2024-09,ІМ-МауДау,S3009h,0.0,0.0
2024-10,ІМ-МауДау,S3009h,0.0,0.0
2024-11,ІМ-МауДау,S3009h,0.0,0.0
2024-12,ІМ-МауДау,S3009h,0.0,0.025548883
2025-01,ІМ-МауДау,S3009h,0.0,0.0
2025-02,ІМ-МауДау,S3009h,0.0,0.0
2025-03,ІМ-МауДау,S3009h,0.0,0.0
2025-04,ІМ-МауДау,S3009h,0.0,0.0
2025-05,ІМ-МауДау,S3009h,1.0,0.0
2025-06,ІМ-МауДау,S3009h,0.0,0.0
2024-07,ІМ-Розетка,S3009h,3.0,1.3661878
2024-08,ІМ-Розетка,S3009h,3.0,1.6248249
2024-09,ІМ-Розетка,S3009h,4.0,1.5736198
2024-10,ІМ-Розетка,S3009h,8.0,1.7301008
2024-11,ІМ-Розетка,S3009h,4.0,3.2426348
2024-12,ІМ-Розетка,S3009h,28.0,8.535615
2025-01,ІМ-Розетка,S3009h,2.0,3.7645564
2025-02,ІМ-Розетка,S3009h,6.0,1.4320062
2025-03,ІМ-Розетка,S3009h,7.0,2.6910987
2025-04,ІМ-Розетка,S3009h,1.0,1.4104685
2025-05,ІМ-Розетка,S3009h,8.0,1.4485207
2025-06,ІМ-Розетка,S3009h,4.0,2.834956
2024-07,Акварель,S3009h,8.0,3.6841834
2024-08,Акварель,S3009h,12.0,4.2559657
2024-09,Акварель,S3009h,8.0,4.876127
2024-10,Акварель,S3009h,10.0,4.6549096
2024-11,Акварель,S3009h,10.0,4.456624
2024-12,Акварель,S3009h,22.0,10.530269
2025-01,Акварель,S3009h,8.0,4.8145676
2025-02,Акварель,S3009h,6.0,3.3760395
2025-03,Акварель,S3009h,8.0,3.8532774
2025-04,Акварель,S3009h,8.0,3.082555
2025-05,Акварель,S3009h,8.0,2.8421218
2025-06,Акварель,S3009h,10.0,5.279899
2024-07,БІ,S3009h,17.0,3.5753167
2024-08,БІ,S3009h,4.0,4.8168874
2024-09,БІ,S3009h,9.0,3.374214
2024-10,БІ,S3009h,4.0,2.8309221
2024-11,БІ,S3009h,9.0,3.5123844
2024-12,БІ,S3009h,14.0,9.334148
2025-01,БІ,S3009h,6.0,3.1435342
2025-02,БІ,S3009h,4.0,2.751176
2025-03,БІ,S3009h,2.0,2.0995777
2025-04,БІ,S3009h,1.0,1.6534717
2025-05,БІ,S3009h,4.0,1.3246671
2025-06,БІ,S3009h,2.0,2.458481
2024-07,Белес,S3009h,17.0,3.038161
2024-08,Белес,S3009h,0.0,1.77856
2024-09,Белес,S3009h,24.0,4.689663
2024-10,Белес,S3009h,8.0,3.5291696
2024-11,Белес,S3009h,13.0,4.2446547
2024-12,Белес,S3009h,0.0,6.9475336
2025-01,Белес,S3009h,0.0,1.6884754
2025-02,Белес,S3009h,24.0,4.173981
2025-03,Белес,S3009h,18.0,5.4081397
2025-04,Белес,S3009h,17.0,3.7700827
2025-05,Белес,S3009h,0.0,4.109343
2025-06,Белес,S3009h,0.0,3.9813929
2024-07,Віват Канцелярія,S3009h,2.0,0.653198
2024-08,Віват Канцелярія,S3009h,2.0,0.79439276
2024-09,Віват Канцелярія,S3009h,2.0,0.95216185
2024-10,Віват Канцелярія,S3009h,2.0,1.008418
2024-11,Віват Канцелярія,S3009h,5.0,1.1781112
2024-12,Віват Канцелярія,S3009h,7.0,3.7451665
2025-01,Віват Канцелярія,S3009h,6.0,1.637968
2025-02,Віват Канцелярія,S3009h,2.0,1.7197981
2025-03,Віват Канцелярія,S3009h,1.0,1.0625976
2025-04,Віват Канцелярія,S3009h,1.0,0.90711284
2025-05,Віват Канцелярія,S3009h,2.0,0.45160383
2025-06,Віват Канцелярія,S3009h,0.0,0.6970048
2024-07,Еліпс,S3009h,0.0,0.0
2024-08,Еліпс,S3009h,0.0,0.0
2024-09,Еліпс,S3009h,0.0,0.0
2024-10,Еліпс,S3009h,1.0,0.05997466
2024-11,Еліпс,S3009h,0.0,0.0
2024-12,Еліпс,S3009h,0.0,0.0
2025-01,Еліпс,S3009h,0.0,0.0
2025-02,Еліпс,S3009h,0.0,0.0
2025-03,Еліпс,S3009h,0.0,0.0
2025-04,Еліпс,S3009h,0.0,0.0
2025-05,Еліпс,S3009h,1.0,0.0
2025-06,Еліпс,S3009h,1.0,0.0
2024-07,Епіцентр,S3009h,7.0,2.5145986
2024-08,Епіцентр,S3009h,4.0,2.664364
2024-09,Епіцентр,S3009h,12.0,2.8137248
2024-10,Епіцентр,S3009h,9.0,2.6891701
2024-11,Епіцентр,S3009h,8.0,2.6749365
2024-12,Епіцентр,S3009h,19.0,10.463955
2025-01,Епіцентр,S3009h,15.0,3.427115
2025-02,Епіцентр,S3009h,8.0,3.0687373
2025-03,Епіцентр,S3009h,10.0,2.9836142
2025-04,Епіцентр,S3009h,0.0,2.8448772
2025-05,Епіцентр,S3009h,5.0,2.3613093
2025-06,Епіцентр,S3009h,10.0,3.5187922
2024-07,Клас,S3009h,0.0,0.0
2024-08,Клас,S3009h,0.0,0.0
2024-09,Клас,S3009h,0.0,0.0
2024-10,Клас,S3009h,0.0,0.0
2024-11,Клас,S3009h,0.0,0.0
2024-12,Клас,S3009h,2.0,0.17877539
2025-01,Клас,S3009h,3.0,0.18632479
2025-02,Клас,S3009h,1.0,0.0
2025-03,Клас,S3009h,1.0,0.0
2025-04,Клас,S3009h,1.0,0.0
2025-05,Клас,S3009h,2.0,0.0
2025-06,Клас,S3009h,0.0,0.0
2024-07,МайПлей,S3009h,1.0,0.060356144
2024-08,МайПлей,S3009h,3.0,0.16247316
2024-09,МайПлей,S3009h,1.0,0.37459436
2024-10,МайПлей,S3009h,2.0,0.41533503
2024-11,МайПлей,S3009h,2.0,0.62566936
2024-12,МайПлей,S3009h,2.0,1.893865
2025-01,МайПлей,S3009h,3.0,0.68179697
2025-02,МайПлей,S3009h,3.0,0.44933474
2025-03,МайПлей,S3009h,1.0,0.50957835
2025-04,МайПлей,S3009h,2.0,0.2882681
2025-05,МайПлей,S3009h,1.0,0.41748095
2025-06,МайПлей,S3009h,0.0,0.31350332
2024-07,Мегамаркет,S3009h,0.0,0.0
2024-08,Мегамаркет,S3009h,1.0,0.0
2024-09,Мегамаркет,S3009h,2.0,0.0
2024-10,Мегамаркет,S3009h,0.0,0.0
2024-11,Мегамаркет,S3009h,0.0,0.0
2024-12,Мегамаркет,S3009h,2.0,0.35660043
2025-01,Мегамаркет,S3009h,2.0,0.0
2025-02,Мегамаркет,S3009h,1.0,0.0
2025-03,Мегамаркет,S3009h,1.0,0.0
2025-04,Мегамаркет,S3009h,1.0,0.0
2025-05,Мегамаркет,S3009h,0.0,0.0
2025-06,Мегамаркет,S3009h,1.0,0.0
2024-07,Монако,S3009h,0.0,0.0
2024-08,Монако,S3009h,1.0,0.24916644
2024-09,Монако,S3009h,0.0,0.0
2024-10,Монако,S3009h,0.0,0.0
2024-11,Монако,S3009h,3.0,0.30009663
2024-12,Монако,S3009h,0.0,0.1282613
2025-01,Монако,S3009h,0.0,0.0
2025-02,Монако,S3009h,3.0,0.28733203
2025-03,Монако,S3009h,2.0,0.2198226
2025-04,Монако,S3009h,0.0,0.017612334
2025-05,Монако,S3009h,0.0,0.0
2025-06,Монако,S3009h,2.0,0.11771951
2024-07,Новая Лінія,S3009h,0.0,0.0
2024-08,Новая Лінія,S3009h,0.0,0.0
2024-09,Новая Лінія,S3009h,0.0,0.0
2024-10,Новая Лінія,S3009h,0.0,0.0
2024-11,Новая Лінія,S3009h,0.0,0.0
2024-12,Новая Лінія,S3009h,0.0,0.0
2025-01,Новая Лінія,S3009h,0.0,0.0
2025-02,Новая Лінія,S3009h,0.0,0.0
2025-03,Новая Лінія,S3009h,1.0,0.0
2025-04,Новая Лінія,S3009h,0.0,0.0
2025-05,Новая Лінія,S3009h,0.0,0.0
2025-06,Новая Лінія,S3009h,0.0,0.0
2024-07,РОСТ,S3009h,0.0,0.0
2024-08,РОСТ,S3009h,2.0,0.0
2024-09,РОСТ,S3009h,0.0,0.0
2024-10,РОСТ,S3009h,0.0,0.0
2024-11,РОСТ,S3009h,0.0,0.0
2024-12,РОСТ,S3009h,4.0,0.23741283
2025-01,РОСТ,S3009h,5.0,0.50981754
2025-02,РОСТ,S3009h,1.0,0.29398146
2025-03,РОСТ,S3009h,2.0,0.0
2025-04,РОСТ,S3009h,1.0,0.0
2025-05,РОСТ,S3009h,0.0,0.0
2025-06,РОСТ,S3009h,0.0,0.0
2024-07,Смайл,S3009h,1.0,0.0
2024-08,Смайл,S3009h,0.0,0.0
2024-09,Смайл,S3009h,0.0,0.0
2024-10,Смайл,S3009h,0.0,0.0
2024-11,Смайл,S3009h,2.0,0.19143142
2024-12,Смайл,S3009h,0.0,0.0
2025-01,Смайл,S3009h,0.0,0.0
2025-02,Смайл,S3009h,0.0,0.0
2025-03,Смайл,S3009h,0.0,0.0
2025-04,Смайл,S3009h,1.0,0.06134338
2025-05,Смайл,S3009h,0.0,0.0
2025-06,Смайл,S3009h,0.0,0.0
2024-07,Смік,S3009h,1.0,0.036507946
2024-08,Смік,S3009h,1.0,0.4084706
2024-09,Смік,S3009h,0.0,0.22678621
2024-10,Смік,S3009h,3.0,0.11667158
2024-11,Смік,S3009h,3.0,0.11424383
2024-12,Смік,S3009h,1.0,1.2208389
2025-01,Смік,S3009h,3.0,0.46901187
2025-02,Смік,S3009h,0.0,0.0975384
2025-03,Смік,S3009h,1.0,0.23356311
2025-04,Смік,S3009h,1.0,0.22256316
2025-05,Смік,S3009h,0.0,0.076453924
2025-06,Смік,S3009h,4.0,0.07289366
2024-07,Супрун ФОП,S3009h,2.0,0.11632566
2024-08,Супрун ФОП,S3009h,0.0,0.0
2024-09,Супрун ФОП,S3009h,0.0,0.0
2024-10,Супрун ФОП,S3009h,0.0,0.0
2024-11,Супрун ФОП,S3009h,1.0,0.12692992
2024-12,Супрун ФОП,S3009h,13.0,0.34355885
2025-01,Супрун ФОП,S3009h,0.0,0.48112413
2025-02,Супрун ФОП,S3009h,0.0,0.00053241116
2025-03,Супрун ФОП,S3009h,1.0,0.5827462
2025-04,Супрун ФОП,S3009h,0.0,0.0
2025-05,Супрун ФОП,S3009h,0.0,0.0
2025-06,Супрун ФОП,S3009h,0.0,0.0
2024-07,Таврія,S3009h,0.0,0.0
2024-08,Таврія,S3009h,0.0,0.0
2024-09,Таврія,S3009h,1.0,0.0
2024-10,Таврія,S3009h,0.0,0.0
2024-11,Таврія,S3009h,0.0,0.0
2024-12,Таврія,S3009h,1.0,0.7437205
2025-01,Таврія,S3009h,1.0,0.0
2025-02,Таврія,S3009h,2.0,0.0
2025-03,Таврія,S3009h,0.0,0.0
2025-04,Таврія,S3009h,2.0,0.0
2025-05,Таврія,S3009h,1.0,0.0
2025-06,Таврія,S3009h,1.0,0.0
2024-07,Юпіджи,S3009h,3.0,1.6663547
2024-08,Юпіджи,S3009h,4.0,1.151574
2024-09,Юпіджи,S3009h,0.0,1.0410793
2024-10,Юпіджи,S3009h,3.0,1.3052105
2024-11,Юпіджи,S3009h,3.0,0.86347055
2024-12,Юпіджи,S3009h,1.0,1.483861
2025-01,Юпіджи,S3009h,3.0,1.1611651
2025-02,Юпіджи,S3009h,3.0,1.1313376
2025-03,Юпіджи,S3009h,3.0,0.8606523
2025-04,Юпіджи,S3009h,1.0,0.5670649
2025-05,Юпіджи,S3009h,9.0,0.55569625
2025-06,Юпіджи,S3009h,5.0,1.9525657
2024-07,ІМ-Розетка,S3010h,6.0,5.279088
2024-08,ІМ-Розетка,S3010h,6.0,4.528432
2024-09,ІМ-Розетка,S3010h,26.0,6.3357244
2024-10,ІМ-Розетка,S3010h,18.0,8.477532
2024-11,ІМ-Розетка,S3010h,18.0,10.145914
2024-12,ІМ-Розетка,S3010h,115.0,33.04406
2025-01,ІМ-Розетка,S3010h,12.0,11.700877
2025-02,ІМ-Розетка,S3010h,1.0,2.1349604
2025-03,ІМ-Розетка,S3010h,4.0,2.087634
2025-04,ІМ-Розетка,S3010h,5.0,3.3676143
2025-05,ІМ-Розетка,S3010h,8.0,4.089649
2025-06,ІМ-Розетка,S3010h,6.0,3.216687
2024-07,Акварель,S3010h,16.0,6.95598
2024-08,Акварель,S3010h,15.0,8.819965
2024-09,Акварель,S3010h,27.0,10.978216
2024-10,Акварель,S3010h,17.0,9.565468
2024-11,Акварель,S3010h,15.0,11.116748
2024-12,Акварель,S3010h,48.0,23.613182
2025-01,Акварель,S3010h,18.0,8.98175
2025-02,Акварель,S3010h,12.0,6.556144
2025-03,Акварель,S3010h,27.0,9.972168
2025-04,Акварель,S3010h,10.0,7.576322
2025-05,Акварель,S3010h,18.0,5.8219757
2025-06,Акварель,S3010h,19.0,9.810359
2024-07,БІ,S3010h,22.0,12.809505
2024-08,БІ,S3010h,27.0,10.836501
2024-09,БІ,S3010h,29.0,14.475067
2024-10,БІ,S3010h,21.0,12.899003
2024-11,БІ,S3010h,51.0,14.324744
2024-12,БІ,S3010h,85.0,48.501785
2025-01,БІ,S3010h,24.0,16.44404
2025-02,БІ,S3010h,16.0,10.630699
2025-03,БІ,S3010h,20.0,8.142968
2025-04,БІ,S3010h,5.0,6.799073
2025-05,БІ,S3010h,9.0,5.727361
2025-06,БІ,S3010h,14.0,6.388332
2024-07,БРСМ,S3010h,1.0,0.0
2024-08,БРСМ,S3010h,1.0,0.3869451
2024-09,БРСМ,S3010h,3.0,0.5194463
2024-10,БРСМ,S3010h,3.0,0.96719116
2024-11,БРСМ,S3010h,1.0,0.49672085
2024-12,БРСМ,S3010h,2.0,1.3329053
2025-01,БРСМ,S3010h,2.0,0.42203033
2025-02,БРСМ,S3010h,1.0,0.2809707
2025-03,БРСМ,S3010h,1.0,0.32503715
2025-04,БРСМ,S3010h,3.0,0.29715505
2025-05,БРСМ,S3010h,0.0,0.51143193
2025-06,БРСМ,S3010h,2.0,0.4125473
2024-07,Белес,S3010h,35.0,3.8078501
2024-08,Белес,S3010h,0.0,3.2332683
2024-09,Белес,S3010h,42.0,5.3217874
2024-10,Белес,S3010h,13.0,6.5031857
2024-11,Белес,S3010h,9.0,5.6427994
2024-12,Белес,S3010h,0.0,8.084275
2025-01,Белес,S3010h,0.0,0.52016973
2025-02,Белес,S3010h,30.0,3.985927
2025-03,Белес,S3010h,32.0,6.3738756
2025-04,Белес,S3010h,23.0,6.82887
2025-05,Белес,S3010h,3.0,7.330179
2025-06,Белес,S3010h,0.0,5.1261353
2024-07,Віват Канцелярія,S3010h,0.0,1.1177415
2024-08,Віват Канцелярія,S3010h,6.0,1.8339176
2024-09,Віват Канцелярія,S3010h,7.0,2.7427866
2024-10,Віват Канцелярія,S3010h,5.0,2.684291
2024-11,Віват Канцелярія,S3010h,6.0,2.7964382
2024-12,Віват Канцелярія,S3010h,15.0,8.279948
2025-01,Віват Канцелярія,S3010h,5.0,2.6861238
2025-02,Віват Канцелярія,S3010h,7.0,2.6408052
2025-03,Віват Канцелярія,S3010h,2.0,2.2720726
2025-04,Віват Канцелярія,S3010h,4.0,1.5999614
2025-05,Віват Канцелярія,S3010h,2.0,1.4517514
2025-06,Віват Канцелярія,S3010h,5.0,1.7732642
2024-07,Еліпс,S3010h,0.0,0.0
2024-08,Еліпс,S3010h,1.0,0.0
2024-09,Еліпс,S3010h,0.0,0.0
2024-10,Еліпс,S3010h,2.0,0.07772533
2024-11,Еліпс,S3010h,0.0,0.0
2024-12,Еліпс,S3010h,1.0,0.17412925
2025-01,Еліпс,S3010h,2.0,0.0
2025-02,Еліпс,S3010h,1.0,0.0
2025-03,Еліпс,S3010h,0.0,0.0
2025-04,Еліпс,S3010h,0.0,0.0
2025-05,Еліпс,S3010h,1.0,0.004526278
2025-06,Еліпс,S3010h,0.0,0.0
2024-07,Епіцентр,S3010h,25.0,7.359067
2024-08,Епіцентр,S3010h,15.0,7.9216685
2024-09,Епіцентр,S3010h,27.0,7.4676466
2024-10,Епіцентр,S3010h,14.0,8.163285
2024-11,Епіцентр,S3010h,23.0,8.587559
2024-12,Епіцентр,S3010h,78.0,24.053322
2025-01,Епіцентр,S3010h,22.0,10.139421
2025-02,Епіцентр,S3010h,15.0,6.089711
2025-03,Епіцентр,S3010h,11.0,4.8714213
2025-04,Епіцентр,S3010h,0.0,5.2287593
2025-05,Епіцентр,S3010h,14.0,6.8559237
2025-06,Епіцентр,S3010h,15.0,7.929932
2024-07,Клас,S3010h,2.0,0.046772767
2024-08,Клас,S3010h,6.0,0.6287758
2024-09,Клас,S3010h,1.0,0.28033146
2024-10,Клас,S3010h,4.0,0.3948596
2024-11,Клас,S3010h,4.0,0.7931506
2024-12,Клас,S3010h,7.0,2.2793672
2025-01,Клас,S3010h,2.0,0.42448962
2025-02,Клас,S3010h,3.0,0.37738764
2025-03,Клас,S3010h,3.0,0.060094584
2025-04,Клас,S3010h,5.0,0.14365469
2025-05,Клас,S3010h,0.0,0.16568254
2025-06,Клас,S3010h,0.0,0.037604578
2024-07,МайПлей,S3010h,3.0,0.5188277
2024-08,МайПлей,S3010h,3.0,1.0052677
2024-09,МайПлей,S3010h,3.0,0.84270763
2024-10,МайПлей,S3010h,3.0,1.2481893
2024-11,МайПлей,S3010h,3.0,1.0758231
2024-12,МайПлей,S3010h,11.0,3.0229394
2025-01,МайПлей,S3010h,7.0,1.1657447
2025-02,МайПлей,S3010h,1.0,1.0203774
2025-03,МайПлей,S3010h,6.0,1.2254354
2025-04,МайПлей,S3010h,3.0,1.0573891
2025-05,МайПлей,S3010h,2.0,1.0918366
2025-06,МайПлей,S3010h,0.0,1.3013357
2024-07,Мегамаркет,S3010h,2.0,0.25375083
2024-08,Мегамаркет,S3010h,0.0,0.6328922
2024-09,Мегамаркет,S3010h,0.0,0.1104029
2024-10,Мегамаркет,S3010h,2.0,0.262017
2024-11,Мегамаркет,S3010h,1.0,0.18550129
2024-12,Мегамаркет,S3010h,4.0,1.2410848
2025-01,Мегамаркет,S3010h,1.0,0.1708297
2025-02,Мегамаркет,S3010h,2.0,0.1435984
2025-03,Мегамаркет,S3010h,0.0,0.02880584
2025-04,Мегамаркет,S3010h,0.0,0.0
2025-05,Мегамаркет,S3010h,2.0,0.0
2025-06,Мегамаркет,S3010h,0.0,0.092230015
2024-07,Монако,S3010h,2.0,0.17474087
2024-08,Монако,S3010h,4.0,0.43671614
2024-09,Монако,S3010h,0.0,0.0
2024-10,Монако,S3010h,0.0,0.027245348
2024-11,Монако,S3010h,6.0,0.98495156
2024-12,Монако,S3010h,0.0,0.45074424
2025-01,Монако,S3010h,0.0,0.0
2025-02,Монако,S3010h,4.0,0.8482556
2025-03,Монако,S3010h,3.0,0.3700571
2025-04,Монако,S3010h,0.0,0.115182586
2025-05,Монако,S3010h,0.0,0.00059121434
2025-06,Монако,S3010h,0.0,0.0
2024-07,РОСТ,S3010h,1.0,0.0
2024-08,РОСТ,S3010h,2.0,0.02868989
2024-09,РОСТ,S3010h,3.0,0.47414058
2024-10,РОСТ,S3010h,2.0,0.36847866
2024-11,РОСТ,S3010h,1.0,0.31287497
2024-12,РОСТ,S3010h,17.0,1.6703155
2025-01,РОСТ,S3010h,5.0,0.9587441
2025-02,РОСТ,S3010h,4.0,0.3610146
2025-03,РОСТ,S3010h,2.0,1.2003592
2025-04,РОСТ,S3010h,4.0,0.3764445
2025-05,РОСТ,S3010h,2.0,0.37512705
2025-06,РОСТ,S3010h,4.0,0.63104266
2024-07,Росицька ФОП,S3010h,0.0,0.0
2024-08,Росицька ФОП,S3010h,0.0,0.0
2024-09,Росицька ФОП,S3010h,0.0,0.0
2024-10,Росицька ФОП,S3010h,1.0,0.0
2024-11,Росицька ФОП,S3010h,1.0,0.0
2024-12,Росицька ФОП,S3010h,1.0,0.25800595
2025-01,Росицька ФОП,S3010h,1.0,0.0
2025-02,Росицька ФОП,S3010h,0.0,0.0
2025-03,Росицька ФОП,S3010h,0.0,0.0
2025-04,Росицька ФОП,S3010h,0.0,0.0
2025-05,Росицька ФОП,S3010h,0.0,0.0
2025-06,Росицька ФОП,S3010h,1.0,0.0
2024-07,Смайл,S3010h,1.0,0.0
2024-08,Смайл,S3010h,0.0,0.0
2024-09,Смайл,S3010h,0.0,0.0
2024-10,Смайл,S3010h,0.0,0.0
2024-11,Смайл,S3010h,2.0,0.2751535
2024-12,Смайл,S3010h,0.0,0.0
2025-01,Смайл,S3010h,0.0,0.0
2025-02,Смайл,S3010h,0.0,0.0
2025-03,Смайл,S3010h,0.0,0.0
2025-04,Смайл,S3010h,0.0,0.0
2025-05,Смайл,S3010h,0.0,0.0
2025-06,Смайл,S3010h,0.0,0.0
2024-07,СмартТойс,S3010h,0.0,0.0
2024-08,СмартТойс,S3010h,0.0,0.0
2024-09,СмартТойс,S3010h,0.0,0.0
2024-10,СмартТойс,S3010h,0.0,0.0
2024-11,СмартТойс,S3010h,2.0,0.28947183
2024-12,СмартТойс,S3010h,0.0,0.0
2025-01,СмартТойс,S3010h,0.0,0.0
2025-02,СмартТойс,S3010h,1.0,0.047068235
2025-03,СмартТойс,S3010h,0.0,0.0
2025-04,СмартТойс,S3010h,1.0,0.0
2025-05,СмартТойс,S3010h,1.0,0.0
2025-06,СмартТойс,S3010h,0.0,0.0
2024-07,Смік,S3010h,2.0,0.39830935
2024-08,Смік,S3010h,5.0,1.5291206
2024-09,Смік,S3010h,6.0,1.4206873
2024-10,Смік,S3010h,6.0,0.80093807
2024-11,Смік,S3010h,0.0,0.5899753
2024-12,Смік,S3010h,5.0,2.2793858
2025-01,Смік,S3010h,4.0,0.73602724
2025-02,Смік,S3010h,1.0,0.36269945
2025-03,Смік,S3010h,2.0,0.6674758
2025-04,Смік,S3010h,3.0,0.7229487
2025-05,Смік,S3010h,1.0,0.83726335
2025-06,Смік,S3010h,8.0,0.6264878
2024-07,Супрун ФОП,S3010h,0.0,0.0
2024-08,Супрун ФОП,S3010h,0.0,0.0
2024-09,Супрун ФОП,S3010h,0.0,0.0
2024-10,Супрун ФОП,S3010h,1.0,0.24928759
2024-11,Супрун ФОП,S3010h,1.0,0.39437342
2024-12,Супрун ФОП,S3010h,4.0,1.2090007
2025-01,Супрун ФОП,S3010h,0.0,0.0
2025-02,Супрун ФОП,S3010h,3.0,0.03074285
2025-03,Супрун ФОП,S3010h,3.0,0.38694707
2025-04,Супрун ФОП,S3010h,0.0,0.23702398
2025-05,Супрун ФОП,S3010h,2.0,0.4134424
2025-06,Супрун ФОП,S3010h,0.0,0.0
2024-07,Юпіджи,S3010h,7.0,2.8500683
2024-08,Юпіджи,S3010h,10.0,3.1739779
2024-09,Юпіджи,S3010h,4.0,2.5981612
2024-10,Юпіджи,S3010h,4.0,2.6065273
2024-11,Юпіджи,S3010h,4.0,1.7474587
2024-12,Юпіджи,S3010h,4.0,3.3819778
2025-01,Юпіджи,S3010h,1.0,1.737432
2025-02,Юпіджи,S3010h,2.0,1.2552288
2025-03,Юпіджи,S3010h,6.0,1.1950372
2025-04,Юпіджи,S3010h,3.0,1.1187106
2025-05,Юпіджи,S3010h,1.0,0.8286516
2025-06,Юпіджи,S3010h,1.0,1.2182964
2024-07,ІМ-Розетка,S3012h,1.0,1.6488976
2024-08,ІМ-Розетка,S3012h,0.0,1.5327978
2024-09,ІМ-Розетка,S3012h,9.0,2.465316
2024-10,ІМ-Розетка,S3012h,4.0,2.462763
2024-11,ІМ-Розетка,S3012h,3.0,3.5211005
2024-12,ІМ-Розетка,S3012h,20.0,8.782045
2025-01,ІМ-Розетка,S3012h,15.0,2.9861624
2025-02,ІМ-Розетка,S3012h,4.0,1.1845359
2025-03,ІМ-Розетка,S3012h,4.0,2.2986197
2025-04,ІМ-Розетка,S3012h,3.0,2.5868285
2025-05,ІМ-Розетка,S3012h,3.0,2.1897745
2025-06,ІМ-Розетка,S3012h,5.0,2.5490315
2024-07,Акварель,S3012h,10.0,4.6247616
2024-08,Акварель,S3012h,3.0,4.9024134
2024-09,Акварель,S3012h,12.0,4.78312
2024-10,Акварель,S3012h,12.0,5.3316946
2024-11,Акварель,S3012h,11.0,5.3226104
2024-12,Акварель,S3012h,23.0,14.904215
2025-01,Акварель,S3012h,10.0,5.774083
2025-02,Акварель,S3012h,14.0,3.7873755
2025-03,Акварель,S3012h,9.0,4.8577595
2025-04,Акварель,S3012h,7.0,4.029376
2025-05,Акварель,S3012h,7.0,4.222556
2025-06,Акварель,S3012h,13.0,5.938126
2024-07,БІ,S3012h,6.0,4.6720734
2024-08,БІ,S3012h,6.0,3.9015043
2024-09,БІ,S3012h,5.0,3.0729885
2024-10,БІ,S3012h,5.0,4.049797
2024-11,БІ,S3012h,23.0,5.054741
2024-12,БІ,S3012h,40.0,17.981956
2025-01,БІ,S3012h,23.0,8.731678
2025-02,БІ,S3012h,9.0,8.440763
2025-03,БІ,S3012h,16.0,5.007492
2025-04,БІ,S3012h,5.0,5.2937193
2025-05,БІ,S3012h,10.0,4.7229896
2025-06,БІ,S3012h,21.0,7.747573
2024-07,БРСМ,S3012h,4.0,1.5653431
2024-08,БРСМ,S3012h,3.0,1.4019318
2024-09,БРСМ,S3012h,3.0,1.3576424
2024-10,БРСМ,S3012h,6.0,1.2844152
2024-11,БРСМ,S3012h,1.0,0.9535661
2024-12,БРСМ,S3012h,6.0,1.9962416
2025-01,БРСМ,S3012h,7.0,1.4922048
2025-02,БРСМ,S3012h,4.0,1.4623333
2025-03,БРСМ,S3012h,4.0,1.6637641
2025-04,БРСМ,S3012h,1.0,0.9267911
2025-05,БРСМ,S3012h,4.0,1.5098244
2025-06,БРСМ,S3012h,2.0,1.9143515
2024-07,Белес,S3012h,7.0,4.270625
2024-08,Белес,S3012h,0.0,1.1881137
2024-09,Белес,S3012h,32.0,4.468215
2024-10,Белес,S3012h,5.0,4.4745493
2024-11,Белес,S3012h,14.0,5.1191244
2024-12,Белес,S3012h,0.0,8.296898
2025-01,Белес,S3012h,0.0,1.9205539
2025-02,Белес,S3012h,31.0,4.3132157
2025-03,Белес,S3012h,20.0,6.7783623
2025-04,Белес,S3012h,11.0,5.1186576
2025-05,Белес,S3012h,4.0,5.376716
2025-06,Белес,S3012h,2.0,5.3343024
2024-07,Віват Канцелярія,S3012h,2.0,0.5769486
2024-08,Віват Канцелярія,S3012h,2.0,0.8677368
2024-09,Віват Канцелярія,S3012h,2.0,0.86331236
2024-10,Віват Канцелярія,S3012h,2.0,0.91338444
2024-11,Віват Канцелярія,S3012h,4.0,1.0305474
2024-12,Віват Канцелярія,S3012h,5.0,3.4248464
2025-01,Віват Канцелярія,S3012h,3.0,1.3731226
2025-02,Віват Канцелярія,S3012h,1.0,1.0419284
2025-03,Віват Канцелярія,S3012h,1.0,0.6552524
2025-04,Віват Канцелярія,S3012h,0.0,0.489594
2025-05,Віват Канцелярія,S3012h,3.0,0.3491821
2025-06,Віват Канцелярія,S3012h,2.0,0.7093034
2024-07,Еліпс,S3012h,0.0,0.0
2024-08,Еліпс,S3012h,1.0,0.06801578
2024-09,Еліпс,S3012h,0.0,0.0
2024-10,Еліпс,S3012h,1.0,0.25491026
2024-11,Еліпс,S3012h,2.0,0.31247875
2024-12,Еліпс,S3012h,0.0,0.0
2025-01,Еліпс,S3012h,0.0,0.0
2025-02,Еліпс,S3012h,1.0,0.0
2025-03,Еліпс,S3012h,0.0,0.0
2025-04,Еліпс,S3012h,0.0,0.0
2025-05,Еліпс,S3012h,0.0,0.0
2025-06,Еліпс,S3012h,1.0,0.0
2024-07,Епіцентр,S3012h,7.0,4.0400987
2024-08,Епіцентр,S3012h,4.0,3.257116
2024-09,Епіцентр,S3012h,10.0,3.037983
2024-10,Епіцентр,S3012h,5.0,2.7588673
2024-11,Епіцентр,S3012h,11.0,3.44111
2024-12,Епіцентр,S3012h,23.0,10.672382
2025-01,Епіцентр,S3012h,11.0,3.7443836
2025-02,Епіцентр,S3012h,15.0,3.3931773
2025-03,Епіцентр,S3012h,11.0,4.0329647
2025-04,Епіцентр,S3012h,0.0,3.7114968
2025-05,Епіцентр,S3012h,6.0,2.4084148
2025-06,Епіцентр,S3012h,6.0,3.7681882
2024-07,Клас,S3012h,0.0,0.0
2024-08,Клас,S3012h,1.0,0.0
2024-09,Клас,S3012h,0.0,0.0
2024-10,Клас,S3012h,0.0,0.0
2024-11,Клас,S3012h,0.0,0.0
2024-12,Клас,S3012h,0.0,0.0
2025-01,Клас,S3012h,0.0,0.0
2025-02,Клас,S3012h,0.0,0.0
2025-03,Клас,S3012h,0.0,0.0
2025-04,Клас,S3012h,0.0,0.0
2025-05,Клас,S3012h,0.0,0.0
2025-06,Клас,S3012h,0.0,0.0
2024-07,МайПлей,S3012h,0.0,0.23211499
2024-08,МайПлей,S3012h,2.0,0.17973414
2024-09,МайПлей,S3012h,2.0,0.35826814
2024-10,МайПлей,S3012h,3.0,0.5172569
2024-11,МайПлей,S3012h,1.0,0.6719408
2024-12,МайПлей,S3012h,9.0,2.091062
2025-01,МайПлей,S3012h,3.0,1.1989003
2025-02,МайПлей,S3012h,2.0,0.7872339
2025-03,МайПлей,S3012h,2.0,0.4520315
2025-04,МайПлей,S3012h,2.0,0.30711043
2025-05,МайПлей,S3012h,1.0,0.47540727
2025-06,МайПлей,S3012h,0.0,0.64209783
2024-07,Мегамаркет,S3012h,1.0,0.0
2024-08,Мегамаркет,S3012h,1.0,0.0
2024-09,Мегамаркет,S3012h,2.0,0.0
2024-10,Мегамаркет,S3012h,0.0,0.0
2024-11,Мегамаркет,S3012h,1.0,0.0
2024-12,Мегамаркет,S3012h,5.0,0.48796532
2025-01,Мегамаркет,S3012h,1.0,0.06789242
2025-02,Мегамаркет,S3012h,0.0,0.0
2025-03,Мегамаркет,S3012h,2.0,0.0
2025-04,Мегамаркет,S3012h,2.0,0.0
2025-05,Мегамаркет,S3012h,1.0,0.0
2025-06,Мегамаркет,S3012h,0.0,0.0
2024-07,Монако,S3012h,0.0,0.0
2024-08,Монако,S3012h,6.0,0.3845615
2024-09,Монако,S3012h,1.0,1.0277115
2024-10,Монако,S3012h,0.0,0.082629226
2024-11,Монако,S3012h,2.0,0.72458166
2024-12,Монако,S3012h,0.0,0.35912398
2025-01,Монако,S3012h,0.0,0.0
2025-02,Монако,S3012h,6.0,0.6106768
2025-03,Монако,S3012h,4.0,0.35269842
2025-04,Монако,S3012h,0.0,0.16475062
2025-05,Монако,S3012h,0.0,0.08984942
2025-06,Монако,S3012h,0.0,0.0
2024-07,РОСТ,S3012h,0.0,0.0
2024-08,РОСТ,S3012h,1.0,0.0
2024-09,РОСТ,S3012h,1.0,0.0
2024-10,РОСТ,S3012h,0.0,0.0
2024-11,РОСТ,S3012h,1.0,0.0
2024-12,РОСТ,S3012h,1.0,0.37480593
2025-01,РОСТ,S3012h,2.0,0.15997016
2025-02,РОСТ,S3012h,1.0,0.048223022
2025-03,РОСТ,S3012h,0.0,0.0
2025-04,РОСТ,S3012h,0.0,0.0
2025-05,РОСТ,S3012h,3.0,0.0
2025-06,РОСТ,S3012h,1.0,0.0
2024-07,Росицька ФОП,S3012h,1.0,0.0
2024-08,Росицька ФОП,S3012h,0.0,0.0
2024-09,Росицька ФОП,S3012h,0.0,0.0
2024-10,Росицька ФОП,S3012h,0.0,0.0
2024-11,Росицька ФОП,S3012h,0.0,0.0
2024-12,Росицька ФОП,S3012h,0.0,0.0
2025-01,Росицька ФОП,S3012h,1.0,0.0
2025-02,Росицька ФОП,S3012h,0.0,0.0
2025-03,Росицька ФОП,S3012h,0.0,0.0
2025-04,Росицька ФОП,S3012h,0.0,0.0
2025-05,Росицька ФОП,S3012h,0.0,0.0
2025-06,Росицька ФОП,S3012h,2.0,0.0
2024-07,Смайл,S3012h,1.0,0.0
2024-08,Смайл,S3012h,0.0,0.0
2024-09,Смайл,S3012h,0.0,0.0
2024-10,Смайл,S3012h,0.0,0.0
2024-11,Смайл,S3012h,1.0,0.26267877
2024-12,Смайл,S3012h,0.0,0.0
2025-01,Смайл,S3012h,0.0,0.0
2025-02,Смайл,S3012h,0.0,0.0
2025-03,Смайл,S3012h,0.0,0.0
2025-04,Смайл,S3012h,1.0,0.0
2025-05,Смайл,S3012h,0.0,0.0
2025-06,Смайл,S3012h,0.0,0.0
2024-07,Смік,S3012h,2.0,0.43853688
2024-08,Смік,S3012h,1.0,1.180975
2024-09,Смік,S3012h,3.0,0.57780755
2024-10,Смік,S3012h,3.0,0.85219574
2024-11,Смік,S3012h,3.0,0.70493007
2024-12,Смік,S3012h,2.0,1.6142226
2025-01,Смік,S3012h,3.0,0.70603466
2025-02,Смік,S3012h,2.0,0.36833268
2025-03,Смік,S3012h,0.0,0.37692544
2025-04,Смік,S3012h,2.0,0.23750775
2025-05,Смік,S3012h,0.0,0.30163398
2025-06,Смік,S3012h,2.0,0.21709223
2024-07,Співробітники,S3012h,0.0,0.0
2024-08,Співробітники,S3012h,0.0,0.0
2024-09,Співробітники,S3012h,0.0,0.0
2024-10,Співробітники,S3012h,2.0,0.031968202
2024-11,Співробітники,S3012h,0.0,0.0
2024-12,Співробітники,S3012h,1.0,0.0
2025-01,Співробітники,S3012h,0.0,0.0
2025-02,Співробітники,S3012h,2.0,0.0
2025-03,Співробітники,S3012h,4.0,0.0
2025-04,Співробітники,S3012h,1.0,0.21235193
2025-05,Співробітники,S3012h,0.0,0.0
2025-06,Співробітники,S3012h,0.0,0.0
2024-07,Таврія,S3012h,1.0,0.0
2024-08,Таврія,S3012h,0.0,0.0
2024-09,Таврія,S3012h,0.0,0.0
2024-10,Таврія,S3012h,0.0,0.0
2024-11,Таврія,S3012h,0.0,0.0
2024-12,Таврія,S3012h,1.0,1.063267
2025-01,Таврія,S3012h,6.0,0.0
2025-02,Таврія,S3012h,3.0,0.0
2025-03,Таврія,S3012h,2.0,0.08948993
2025-04,Таврія,S3012h,0.0,0.15162778
2025-05,Таврія,S3012h,1.0,0.11718367
2025-06,Таврія,S3012h,1.0,0.0
2024-07,Юпіджи,S3012h,4.0,1.6032126
2024-08,Юпіджи,S3012h,3.0,1.4578891
2024-09,Юпіджи,S3012h,0.0,1.2294632
2024-10,Юпіджи,S3012h,4.0,1.3908663
2024-11,Юпіджи,S3012h,2.0,1.008388
2024-12,Юпіджи,S3012h,2.0,1.6236151
2025-01,Юпіджи,S3012h,3.0,1.0285927
2025-02,Юпіджи,S3012h,1.0,0.8966609
2025-03,Юпіджи,S3012h,0.0,0.60571647
2025-04,Юпіджи,S3012h,2.0,0.43301618
2025-05,Юпіджи,S3012h,1.0,0.2833215
2025-06,Юпіджи,S3012h,1.0,0.56816226
2024-07,ІМ-Розетка,S3015h,3.0,2.856912
2024-08,ІМ-Розетка,S3015h,4.0,2.804291
2024-09,ІМ-Розетка,S3015h,19.0,3.2664294
2024-10,ІМ-Розетка,S3015h,6.0,4.2514863
2024-11,ІМ-Розетка,S3015h,11.0,4.764972
2024-12,ІМ-Розетка,S3015h,27.0,18.631828
2025-01,ІМ-Розетка,S3015h,13.0,3.7961323
2025-02,ІМ-Розетка,S3015h,7.0,2.4689863
2025-03,ІМ-Розетка,S3015h,8.0,3.919412
2025-04,ІМ-Розетка,S3015h,14.0,3.8450248
2025-05,ІМ-Розетка,S3015h,5.0,4.119304
2025-06,ІМ-Розетка,S3015h,9.0,4.522377
2024-07,Авіація Галичини,S3015h,0.0,0.0
2024-08,Авіація Галичини,S3015h,0.0,0.0
2024-09,Авіація Галичини,S3015h,0.0,0.0
2024-10,Авіація Галичини,S3015h,0.0,0.0
2024-11,Авіація Галичини,S3015h,0.0,0.0
2024-12,Авіація Галичини,S3015h,0.0,0.0
2025-01,Авіація Галичини,S3015h,1.0,0.0
2025-02,Авіація Галичини,S3015h,0.0,0.0
2025-03,Авіація Галичини,S3015h,1.0,0.0
2025-04,Авіація Галичини,S3015h,0.0,0.0
2025-05,Авіація Галичини,S3015h,2.0,0.0
2025-06,Авіація Галичини,S3015h,0.0,0.0
2024-07,Акварель,S3015h,18.0,4.621752
2024-08,Акварель,S3015h,16.0,6.954838
2024-09,Акварель,S3015h,13.0,7.1344876
2024-10,Акварель,S3015h,11.0,7.10023
2024-11,Акварель,S3015h,8.0,6.1233454
2024-12,Акварель,S3015h,23.0,12.915084
2025-01,Акварель,S3015h,23.0,6.8815055
2025-02,Акварель,S3015h,8.0,4.507485
2025-03,Акварель,S3015h,12.0,5.1876807
2025-04,Акварель,S3015h,5.0,4.7605834
2025-05,Акварель,S3015h,10.0,4.197004
2025-06,Акварель,S3015h,15.0,6.044866
2024-07,БІ,S3015h,11.0,4.9994364
2024-08,БІ,S3015h,7.0,5.4311376
2024-09,БІ,S3015h,9.0,4.63462
2024-10,БІ,S3015h,5.0,4.3985314
2024-11,БІ,S3015h,17.0,5.411827
2024-12,БІ,S3015h,32.0,15.696007
2025-01,БІ,S3015h,15.0,7.023627
2025-02,БІ,S3015h,7.0,4.922458
2025-03,БІ,S3015h,4.0,3.4061718
2025-04,БІ,S3015h,7.0,3.6063962
2025-05,БІ,S3015h,5.0,3.9674268
2025-06,БІ,S3015h,9.0,5.9914923
2024-07,БРСМ,S3015h,2.0,1.1594479
2024-08,БРСМ,S3015h,3.0,1.0294875
2024-09,БРСМ,S3015h,2.0,0.7614245
2024-10,БРСМ,S3015h,5.0,0.8971905
2024-11,БРСМ,S3015h,4.0,0.8055385
2024-12,БРСМ,S3015h,4.0,2.1544065
2025-01,БРСМ,S3015h,2.0,1.0774386
2025-02,БРСМ,S3015h,6.0,0.8688865
2025-03,БРСМ,S3015h,2.0,1.0866586
2025-04,БРСМ,S3015h,0.0,0.6142373
2025-05,БРСМ,S3015h,1.0,0.6404739
2025-06,БРСМ,S3015h,2.0,0.63890684
2024-07,Белес,S3015h,18.0,4.817047
2024-08,Белес,S3015h,0.0,2.2815578
2024-09,Белес,S3015h,28.0,5.033585
2024-10,Белес,S3015h,7.0,5.2997317
2024-11,Белес,S3015h,18.0,4.809765
2024-12,Белес,S3015h,0.0,8.454628
2025-01,Белес,S3015h,0.0,1.7367944
2025-02,Белес,S3015h,25.0,4.462987
2025-03,Белес,S3015h,26.0,6.3381925
2025-04,Белес,S3015h,14.0,5.104231
2025-05,Белес,S3015h,0.0,4.921806
2025-06,Белес,S3015h,0.0,4.4861665
2024-07,Віват Канцелярія,S3015h,2.0,1.159416
2024-08,Віват Канцелярія,S3015h,8.0,1.9704959
2024-09,Віват Канцелярія,S3015h,6.0,2.5568578
2024-10,Віват Канцелярія,S3015h,6.0,2.3594923
2024-11,Віват Канцелярія,S3015h,5.0,2.6090777
2024-12,Віват Канцелярія,S3015h,7.0,5.6879997
2025-01,Віват Канцелярія,S3015h,7.0,2.3089359
2025-02,Віват Канцелярія,S3015h,1.0,2.3079278
2025-03,Віват Канцелярія,S3015h,0.0,1.5610669
2025-04,Віват Канцелярія,S3015h,3.0,1.0111185
2025-05,Віват Канцелярія,S3015h,3.0,1.0249763
2025-06,Віват Канцелярія,S3015h,2.0,1.6887219
2024-07,Еліпс,S3015h,0.0,0.0
2024-08,Еліпс,S3015h,1.0,0.2549526
2024-09,Еліпс,S3015h,0.0,0.0
2024-10,Еліпс,S3015h,1.0,0.4256098
2024-11,Еліпс,S3015h,1.0,0.3410092
2024-12,Еліпс,S3015h,1.0,0.48261595
2025-01,Еліпс,S3015h,2.0,0.5337103
2025-02,Еліпс,S3015h,1.0,0.20149301
2025-03,Еліпс,S3015h,0.0,0.0
2025-04,Еліпс,S3015h,0.0,0.0
2025-05,Еліпс,S3015h,1.0,0.07258764
2025-06,Еліпс,S3015h,1.0,0.0
2024-07,Епіцентр,S3015h,10.0,2.7019787
2024-08,Епіцентр,S3015h,6.0,2.9701295
2024-09,Епіцентр,S3015h,5.0,2.6819491
2024-10,Епіцентр,S3015h,8.0,2.5607448
2024-11,Епіцентр,S3015h,15.0,3.6492636
2024-12,Епіцентр,S3015h,24.0,12.436252
2025-01,Епіцентр,S3015h,15.0,4.679169
2025-02,Епіцентр,S3015h,12.0,3.6365237
2025-03,Епіцентр,S3015h,16.0,3.9359066
2025-04,Епіцентр,S3015h,0.0,4.1589265
2025-05,Епіцентр,S3015h,11.0,2.2448905
2025-06,Епіцентр,S3015h,14.0,4.702763
2024-07,Клас,S3015h,0.0,0.0
2024-08,Клас,S3015h,2.0,0.056078173
2024-09,Клас,S3015h,4.0,0.016314188
2024-10,Клас,S3015h,0.0,0.0177399
2024-11,Клас,S3015h,2.0,0.3061082
2024-12,Клас,S3015h,7.0,1.5058501
2025-01,Клас,S3015h,0.0,0.2372162
2025-02,Клас,S3015h,3.0,0.0
2025-03,Клас,S3015h,1.0,0.0
2025-04,Клас,S3015h,3.0,0.0
2025-05,Клас,S3015h,1.0,0.027009707
2025-06,Клас,S3015h,1.0,0.0
2024-07,Кот ФОП,S3015h,0.0,0.0
2024-08,Кот ФОП,S3015h,0.0,0.0
2024-09,Кот ФОП,S3015h,0.0,0.0
2024-10,Кот ФОП,S3015h,0.0,0.0
2024-11,Кот ФОП,S3015h,0.0,0.0
2024-12,Кот ФОП,S3015h,0.0,0.0
2025-01,Кот ФОП,S3015h,0.0,0.0
2025-02,Кот ФОП,S3015h,0.0,0.0
2025-03,Кот ФОП,S3015h,1.0,0.055624988
2025-04,Кот ФОП,S3015h,0.0,0.0
2025-05,Кот ФОП,S3015h,1.0,0.0
2025-06,Кот ФОП,S3015h,1.0,0.0
2024-07,МайПлей,S3015h,1.0,0.41235232
2024-08,МайПлей,S3015h,5.0,0.6525612
2024-09,МайПлей,S3015h,1.0,0.7611301
2024-10,МайПлей,S3015h,3.0,0.78243804
2024-11,МайПлей,S3015h,2.0,0.9644739
2024-12,МайПлей,S3015h,6.0,2.3365242
2025-01,МайПлей,S3015h,3.0,1.1899728
2025-02,МайПлей,S3015h,1.0,0.5889805
2025-03,МайПлей,S3015h,4.0,0.59243554
2025-04,МайПлей,S3015h,1.0,0.60534036
2025-05,МайПлей,S3015h,4.0,0.6731381
2025-06,МайПлей,S3015h,2.0,0.8974945
2024-07,Мегамаркет,S3015h,4.0,0.32569656
2024-08,Мегамаркет,S3015h,3.0,0.6476619
2024-09,Мегамаркет,S3015h,1.0,0.3297218
2024-10,Мегамаркет,S3015h,5.0,0.47210476
2024-11,Мегамаркет,S3015h,6.0,0.24744613
2024-12,Мегамаркет,S3015h,1.0,1.4682357
2025-01,Мегамаркет,S3015h,2.0,0.42290598
2025-02,Мегамаркет,S3015h,0.0,0.24960841
2025-03,Мегамаркет,S3015h,0.0,0.018282423
2025-04,Мегамаркет,S3015h,1.0,0.0
2025-05,Мегамаркет,S3015h,0.0,0.0
2025-06,Мегамаркет,S3015h,2.0,0.0
2024-07,Монако,S3015h,4.0,0.12678774
2024-08,Монако,S3015h,3.0,0.31486756
2024-09,Монако,S3015h,0.0,0.119949475
2024-10,Монако,S3015h,3.0,0.6324825
2024-11,Монако,S3015h,3.0,0.5549255
2024-12,Монако,S3015h,0.0,0.48716518
2025-01,Монако,S3015h,0.0,0.03912878
2025-02,Монако,S3015h,2.0,0.7903826
2025-03,Монако,S3015h,8.0,0.284276
2025-04,Монако,S3015h,0.0,0.36689016
2025-05,Монако,S3015h,1.0,0.71486497
2025-06,Монако,S3015h,2.0,0.5832461
2024-07,Новая Лінія,S3015h,0.0,0.0
2024-08,Новая Лінія,S3015h,1.0,0.0
2024-09,Новая Лінія,S3015h,1.0,0.0
2024-10,Новая Лінія,S3015h,1.0,0.0
2024-11,Новая Лінія,S3015h,0.0,0.0
2024-12,Новая Лінія,S3015h,0.0,0.0
2025-01,Новая Лінія,S3015h,1.0,0.0
2025-02,Новая Лінія,S3015h,1.0,0.0
2025-03,Новая Лінія,S3015h,1.0,0.0
2025-04,Новая Лінія,S3015h,0.0,0.0
2025-05,Новая Лінія,S3015h,0.0,0.0
2025-06,Новая Лінія,S3015h,0.0,0.0
2024-07,РОСТ,S3015h,0.0,0.0
2024-08,РОСТ,S3015h,1.0,0.0
2024-09,РОСТ,S3015h,1.0,0.0
2024-10,РОСТ,S3015h,0.0,0.0
2024-11,РОСТ,S3015h,0.0,0.0
2024-12,РОСТ,S3015h,4.0,0.8402532
2025-01,РОСТ,S3015h,2.0,0.7861276
2025-02,РОСТ,S3015h,2.0,0.0
2025-03,РОСТ,S3015h,1.0,0.0
2025-04,РОСТ,S3015h,0.0,0.0
2025-05,РОСТ,S3015h,1.0,0.0
2025-06,РОСТ,S3015h,1.0,0.0
2024-07,Росицька ФОП,S3015h,0.0,0.0
2024-08,Росицька ФОП,S3015h,0.0,0.0
2024-09,Росицька ФОП,S3015h,0.0,0.0
2024-10,Росицька ФОП,S3015h,0.0,0.0
2024-11,Росицька ФОП,S3015h,0.0,0.0
2024-12,Росицька ФОП,S3015h,0.0,0.0
2025-01,Росицька ФОП,S3015h,0.0,0.0
2025-02,Росицька ФОП,S3015h,0.0,0.0
2025-03,Росицька ФОП,S3015h,0.0,0.0
2025-04,Росицька ФОП,S3015h,0.0,0.0
2025-05,Росицька ФОП,S3015h,0.0,0.0
2025-06,Росицька ФОП,S3015h,1.0,0.0
2024-07,Смайл,S3015h,1.0,0.0
2024-08,Смайл,S3015h,0.0,0.0
2024-09,Смайл,S3015h,0.0,0.0
2024-10,Смайл,S3015h,0.0,0.0
2024-11,Смайл,S3015h,2.0,0.22190292
2024-12,Смайл,S3015h,0.0,0.0
2025-01,Смайл,S3015h,0.0,0.0
2025-02,Смайл,S3015h,0.0,0.0
2025-03,Смайл,S3015h,0.0,0.0
2025-04,Смайл,S3015h,1.0,0.038059678
2025-05,Смайл,S3015h,0.0,0.0
2025-06,Смайл,S3015h,1.0,0.0
2024-07,СмартТойс,S3015h,0.0,0.0
2024-08,СмартТойс,S3015h,0.0,0.0
2024-09,СмартТойс,S3015h,0.0,0.0
2024-10,СмартТойс,S3015h,0.0,0.0
2024-11,СмартТойс,S3015h,0.0,0.0
2024-12,СмартТойс,S3015h,1.0,0.1169983
2025-01,СмартТойс,S3015h,0.0,0.0
2025-02,СмартТойс,S3015h,2.0,0.05173396
2025-03,СмартТойс,S3015h,0.0,0.0
2025-04,СмартТойс,S3015h,0.0,0.0
2025-05,СмартТойс,S3015h,1.0,0.0
2025-06,СмартТойс,S3015h,1.0,0.0
2024-07,Смік,S3015h,1.0,0.08214833
2024-08,Смік,S3015h,2.0,1.0107727
2024-09,Смік,S3015h,4.0,0.68069625
2024-10,Смік,S3015h,0.0,0.7035602
2024-11,Смік,S3015h,1.0,0.3444761
2024-12,Смік,S3015h,0.0,1.5357658
2025-01,Смік,S3015h,4.0,0.2540592
2025-02,Смік,S3015h,2.0,0.18716484
2025-03,Смік,S3015h,2.0,0.57585114
2025-04,Смік,S3015h,0.0,0.5672095
2025-05,Смік,S3015h,1.0,0.20613845
2025-06,Смік,S3015h,3.0,0.3773045
2024-07,Таврія,S3015h,0.0,0.0
2024-08,Таврія,S3015h,0.0,0.0
2024-09,Таврія,S3015h,3.0,0.0
2024-10,Таврія,S3015h,1.0,0.0
2024-11,Таврія,S3015h,0.0,0.0
2024-12,Таврія,S3015h,7.0,1.7262111
2025-01,Таврія,S3015h,4.0,0.52482146
2025-02,Таврія,S3015h,3.0,0.077443235
2025-03,Таврія,S3015h,0.0,0.023161763
2025-04,Таврія,S3015h,0.0,0.0051353257
2025-05,Таврія,S3015h,1.0,0.10001282
2025-06,Таврія,S3015h,2.0,0.0
2024-07,Юпіджи,S3015h,2.0,1.7709159
2024-08,Юпіджи,S3015h,6.0,2.0637784
2024-09,Юпіджи,S3015h,1.0,1.3011476
2024-10,Юпіджи,S3015h,3.0,1.3624356
2024-11,Юпіджи,S3015h,4.0,1.4949595
2024-12,Юпіджи,S3015h,6.0,2.3414295
2025-01,Юпіджи,S3015h,6.0,1.8604034
2025-02,Юпіджи,S3015h,1.0,1.2983241
2025-03,Юпіджи,S3015h,7.0,0.8838001
2025-04,Юпіджи,S3015h,1.0,1.1919136
2025-05,Юпіджи,S3015h,3.0,0.7071153
2025-06,Юпіджи,S3015h,3.0,1.2105206
2024-07,ІМ-Кідіс,S3018h,0.0,0.0
2024-08,ІМ-Кідіс,S3018h,23.0,0.0
2024-09,ІМ-Кідіс,S3018h,0.0,1.6065482
2024-10,ІМ-Кідіс,S3018h,0.0,2.0913782
2024-11,ІМ-Кідіс,S3018h,4.0,2.4080565
2024-12,ІМ-Кідіс,S3018h,4.0,2.5534148
2025-01,ІМ-Кідіс,S3018h,4.0,1.6387951
2025-02,ІМ-Кідіс,S3018h,2.0,1.4915634
2025-03,ІМ-Кідіс,S3018h,1.0,0.8102866
2025-04,ІМ-Кідіс,S3018h,3.0,0.9245547
2025-05,ІМ-Кідіс,S3018h,1.0,0.7032893
2025-06,ІМ-Кідіс,S3018h,2.0,0.79314506
2024-07,ІМ-МауДау,S3018h,0.0,0.0
2024-08,ІМ-МауДау,S3018h,0.0,0.0
2024-09,ІМ-МауДау,S3018h,1.0,0.0
2024-10,ІМ-МауДау,S3018h,0.0,0.0
2024-11,ІМ-МауДау,S3018h,1.0,0.0
2024-12,ІМ-МауДау,S3018h,1.0,0.2874868
2025-01,ІМ-МауДау,S3018h,0.0,0.0
2025-02,ІМ-МауДау,S3018h,0.0,0.0
2025-03,ІМ-МауДау,S3018h,0.0,0.0
2025-04,ІМ-МауДау,S3018h,0.0,0.0
2025-05,ІМ-МауДау,S3018h,1.0,0.0
2025-06,ІМ-МауДау,S3018h,0.0,0.0
2024-07,ІМ-Розетка,S3018h,11.0,5.5047913
2024-08,ІМ-Розетка,S3018h,4.0,6.154943
2024-09,ІМ-Розетка,S3018h,10.0,5.4509187
2024-10,ІМ-Розетка,S3018h,15.0,5.74156
2024-11,ІМ-Розетка,S3018h,22.0,11.4064865
2024-12,ІМ-Розетка,S3018h,42.0,33.986195
2025-01,ІМ-Розетка,S3018h,18.0,7.4415693
2025-02,ІМ-Розетка,S3018h,24.0,4.086397
2025-03,ІМ-Розетка,S3018h,8.0,6.0009017
2025-04,ІМ-Розетка,S3018h,13.0,5.570385
2025-05,ІМ-Розетка,S3018h,12.0,6.125272
2025-06,ІМ-Розетка,S3018h,11.0,7.9769177
2024-07,Акварель,S3018h,17.0,9.096019
2024-08,Акварель,S3018h,20.0,9.442344
2024-09,Акварель,S3018h,38.0,12.835029
2024-10,Акварель,S3018h,31.0,12.550818
2024-11,Акварель,S3018h,23.0,14.465747
2024-12,Акварель,S3018h,49.0,29.701862
2025-01,Акварель,S3018h,26.0,13.70078
2025-02,Акварель,S3018h,28.0,9.810485
2025-03,Акварель,S3018h,17.0,11.969227
2025-04,Акварель,S3018h,16.0,10.0264
2025-05,Акварель,S3018h,15.0,8.673073
2025-06,Акварель,S3018h,22.0,11.698685
2024-07,Антошка,S3018h,0.0,0.0
2024-08,Антошка,S3018h,0.0,0.0
2024-09,Антошка,S3018h,0.0,0.0
2024-10,Антошка,S3018h,0.0,0.0
2024-11,Антошка,S3018h,0.0,0.0
2024-12,Антошка,S3018h,0.0,0.0
2025-01,Антошка,S3018h,0.0,0.0
2025-02,Антошка,S3018h,0.0,0.0
2025-03,Антошка,S3018h,0.0,0.0
2025-04,Антошка,S3018h,0.0,0.0
2025-05,Антошка,S3018h,0.0,0.0
2025-06,Антошка,S3018h,0.0,0.0
2024-07,БІ,S3018h,27.0,18.432665
2024-08,БІ,S3018h,27.0,14.6425085
2024-09,БІ,S3018h,33.0,16.399294
2024-10,БІ,S3018h,25.0,13.79744
2024-11,БІ,S3018h,82.0,16.148714
2024-12,БІ,S3018h,91.0,53.20219
2025-01,БІ,S3018h,53.0,21.557882
2025-02,БІ,S3018h,36.0,21.25336
2025-03,БІ,S3018h,24.0,18.639502
2025-04,БІ,S3018h,25.0,11.279573
2025-05,БІ,S3018h,32.0,14.452422
2025-06,БІ,S3018h,40.0,17.838127
2024-07,Белес,S3018h,16.0,4.733111
2024-08,Белес,S3018h,0.0,2.0703845
2024-09,Белес,S3018h,18.0,5.040223
2024-10,Белес,S3018h,4.0,4.362152
2024-11,Белес,S3018h,7.0,4.435978
2024-12,Белес,S3018h,0.0,7.657804
2025-01,Белес,S3018h,0.0,1.9321663
2025-02,Белес,S3018h,26.0,3.0420823
2025-03,Белес,S3018h,24.0,8.151
2025-04,Белес,S3018h,27.0,4.82339
2025-05,Белес,S3018h,0.0,6.112454
2025-06,Белес,S3018h,0.0,4.5288205
2024-07,Віват Канцелярія,S3018h,4.0,1.4339736
2024-08,Віват Канцелярія,S3018h,8.0,2.2097025
2024-09,Віват Канцелярія,S3018h,7.0,3.5809937
2024-10,Віват Канцелярія,S3018h,5.0,2.6794708
2024-11,Віват Канцелярія,S3018h,9.0,3.2805378
2024-12,Віват Канцелярія,S3018h,26.0,9.585601
2025-01,Віват Канцелярія,S3018h,11.0,5.2286625
2025-02,Віват Канцелярія,S3018h,10.0,3.5804956
2025-03,Віват Канцелярія,S3018h,5.0,3.4055645
2025-04,Віват Канцелярія,S3018h,5.0,3.1903753
2025-05,Віват Канцелярія,S3018h,6.0,2.4408128
2025-06,Віват Канцелярія,S3018h,8.0,3.502974
2024-07,Еліпс,S3018h,0.0,0.0
2024-08,Еліпс,S3018h,1.0,0.1723287
2024-09,Еліпс,S3018h,0.0,0.0
2024-10,Еліпс,S3018h,1.0,0.43667883
2024-11,Еліпс,S3018h,1.0,0.42738923
2024-12,Еліпс,S3018h,2.0,0.4811568
2025-01,Еліпс,S3018h,2.0,0.3661654
2025-02,Еліпс,S3018h,1.0,0.31325328
2025-03,Еліпс,S3018h,0.0,0.0
2025-04,Еліпс,S3018h,0.0,0.0
2025-05,Еліпс,S3018h,1.0,0.088245764
2025-06,Еліпс,S3018h,1.0,0.0665689
2024-07,Епіцентр,S3018h,11.0,7.6434035
2024-08,Епіцентр,S3018h,14.0,6.1447134
2024-09,Епіцентр,S3018h,18.0,6.1721606
2024-10,Епіцентр,S3018h,22.0,6.0401745
2024-11,Епіцентр,S3018h,26.0,8.176975
2024-12,Епіцентр,S3018h,76.0,26.60325
2025-01,Епіцентр,S3018h,15.0,12.492336
2025-02,Епіцентр,S3018h,28.0,7.93669
2025-03,Епіцентр,S3018h,17.0,8.4135895
2025-04,Епіцентр,S3018h,0.0,6.8695617
2025-05,Епіцентр,S3018h,21.0,4.08111
2025-06,Епіцентр,S3018h,10.0,9.504813
2024-07,Клас,S3018h,1.0,0.04040292
2024-08,Клас,S3018h,5.0,0.7497292
2024-09,Клас,S3018h,6.0,0.3457293
2024-10,Клас,S3018h,2.0,0.42478868
2024-11,Клас,S3018h,3.0,0.9391061
2024-12,Клас,S3018h,7.0,2.408094
2025-01,Клас,S3018h,2.0,0.8085181
2025-02,Клас,S3018h,3.0,0.3782511
2025-03,Клас,S3018h,3.0,0.18251185
2025-04,Клас,S3018h,1.0,0.3182758
2025-05,Клас,S3018h,3.0,0.22951385
2025-06,Клас,S3018h,2.0,0.22101943
2024-07,Кот ФОП,S3018h,0.0,0.0
2024-08,Кот ФОП,S3018h,0.0,0.0
2024-09,Кот ФОП,S3018h,0.0,0.0
2024-10,Кот ФОП,S3018h,0.0,0.0
2024-11,Кот ФОП,S3018h,0.0,0.0
2024-12,Кот ФОП,S3018h,0.0,0.0
2025-01,Кот ФОП,S3018h,0.0,0.0
2025-02,Кот ФОП,S3018h,2.0,0.15485202
2025-03,Кот ФОП,S3018h,3.0,0.09287719
2025-04,Кот ФОП,S3018h,0.0,0.0
2025-05,Кот ФОП,S3018h,3.0,0.09885121
2025-06,Кот ФОП,S3018h,1.0,0.22468773
2024-07,МайПлей,S3018h,7.0,1.0457652
2024-08,МайПлей,S3018h,4.0,1.6058902
2024-09,МайПлей,S3018h,4.0,1.5712554
2024-10,МайПлей,S3018h,8.0,1.9615892
2024-11,МайПлей,S3018h,2.0,1.5652924
2024-12,МайПлей,S3018h,5.0,4.0431037
2025-01,МайПлей,S3018h,7.0,1.6417812
2025-02,МайПлей,S3018h,1.0,1.2408777
2025-03,МайПлей,S3018h,4.0,1.0193632
2025-04,МайПлей,S3018h,4.0,1.4386898
2025-05,МайПлей,S3018h,3.0,1.2873656
2025-06,МайПлей,S3018h,2.0,1.5204548
2024-07,Мегамаркет,S3018h,2.0,0.37202033
2024-08,Мегамаркет,S3018h,3.0,0.59262824
2024-09,Мегамаркет,S3018h,1.0,0.42659855
2024-10,Мегамаркет,S3018h,2.0,0.3879451
2024-11,Мегамаркет,S3018h,2.0,0.3859787
2024-12,Мегамаркет,S3018h,6.0,1.2162207
2025-01,Мегамаркет,S3018h,0.0,0.26238325
2025-02,Мегамаркет,S3018h,2.0,0.12911205
2025-03,Мегамаркет,S3018h,1.0,0.1428021
2025-04,Мегамаркет,S3018h,4.0,0.026423132
2025-05,Мегамаркет,S3018h,0.0,0.09313283
2025-06,Мегамаркет,S3018h,1.0,0.22754875
2024-07,Монако,S3018h,2.0,0.6154626
2024-08,Монако,S3018h,2.0,0.7232529
2024-09,Монако,S3018h,0.0,0.16472057
2024-10,Монако,S3018h,5.0,0.77596104
2024-11,Монако,S3018h,6.0,1.0448432
2024-12,Монако,S3018h,0.0,0.8487161
2025-01,Монако,S3018h,0.0,0.25781125
2025-02,Монако,S3018h,5.0,0.9792422
2025-03,Монако,S3018h,4.0,0.4780299
2025-04,Монако,S3018h,0.0,0.28828776
2025-05,Монако,S3018h,1.0,0.6840662
2025-06,Монако,S3018h,3.0,0.87867504
2024-07,Новая Лінія,S3018h,1.0,0.0
2024-08,Новая Лінія,S3018h,0.0,0.0
2024-09,Новая Лінія,S3018h,0.0,0.0
2024-10,Новая Лінія,S3018h,0.0,0.0
2024-11,Новая Лінія,S3018h,1.0,0.0
2024-12,Новая Лінія,S3018h,2.0,0.12429558
2025-01,Новая Лінія,S3018h,1.0,0.0
2025-02,Новая Лінія,S3018h,1.0,0.0
2025-03,Новая Лінія,S3018h,0.0,0.0
2025-04,Новая Лінія,S3018h,0.0,0.0
2025-05,Новая Лінія,S3018h,1.0,0.0
2025-06,Новая Лінія,S3018h,0.0,0.0
2024-07,РОСТ,S3018h,0.0,0.060466375
2024-08,РОСТ,S3018h,5.0,0.20109232
2024-09,РОСТ,S3018h,6.0,0.80760723
2024-10,РОСТ,S3018h,6.0,0.8390277
2024-11,РОСТ,S3018h,6.0,0.8482492
2024-12,РОСТ,S3018h,11.0,2.6546924
2025-01,РОСТ,S3018h,6.0,2.0703611
2025-02,РОСТ,S3018h,4.0,1.1401491
2025-03,РОСТ,S3018h,2.0,1.0555929
2025-04,РОСТ,S3018h,2.0,0.41926104
2025-05,РОСТ,S3018h,1.0,0.33493176
2025-06,РОСТ,S3018h,3.0,0.5357133
2024-07,Росицька ФОП,S3018h,1.0,0.0
2024-08,Росицька ФОП,S3018h,0.0,0.0
2024-09,Росицька ФОП,S3018h,1.0,0.0
2024-10,Росицька ФОП,S3018h,0.0,0.0
2024-11,Росицька ФОП,S3018h,1.0,0.0
2024-12,Росицька ФОП,S3018h,1.0,0.119368464
2025-01,Росицька ФОП,S3018h,0.0,0.0
2025-02,Росицька ФОП,S3018h,0.0,0.0
2025-03,Росицька ФОП,S3018h,0.0,0.0
2025-04,Росицька ФОП,S3018h,1.0,0.0
2025-05,Росицька ФОП,S3018h,0.0,0.0
2025-06,Росицька ФОП,S3018h,0.0,0.0
2024-07,Смайл,S3018h,1.0,0.0
2024-08,Смайл,S3018h,0.0,0.0
2024-09,Смайл,S3018h,0.0,0.0
2024-10,Смайл,S3018h,0.0,0.0
2024-11,Смайл,S3018h,2.0,0.20987928
2024-12,Смайл,S3018h,0.0,0.0
2025-01,Смайл,S3018h,0.0,0.0
2025-02,Смайл,S3018h,0.0,0.0
2025-03,Смайл,S3018h,0.0,0.0
2025-04,Смайл,S3018h,1.0,0.06376727
2025-05,Смайл,S3018h,0.0,0.0
2025-06,Смайл,S3018h,0.0,0.0
2024-07,СмартТойс,S3018h,0.0,0.0
2024-08,СмартТойс,S3018h,0.0,0.0
2024-09,СмартТойс,S3018h,0.0,0.0
2024-10,СмартТойс,S3018h,0.0,0.0
2024-11,СмартТойс,S3018h,0.0,0.0
2024-12,СмартТойс,S3018h,0.0,0.0
2025-01,СмартТойс,S3018h,0.0,0.0
2025-02,СмартТойс,S3018h,1.0,0.44860083
2025-03,СмартТойс,S3018h,1.0,0.0
2025-04,СмартТойс,S3018h,6.0,0.0
2025-05,СмартТойс,S3018h,2.0,0.27862927
2025-06,СмартТойс,S3018h,0.0,0.0
2024-07,Смік,S3018h,5.0,0.331831
2024-08,Смік,S3018h,7.0,1.8516984
2024-09,Смік,S3018h,4.0,1.2727635
2024-10,Смік,S3018h,3.0,1.0142367
2024-11,Смік,S3018h,0.0,0.776508
2024-12,Смік,S3018h,5.0,1.8844287
2025-01,Смік,S3018h,5.0,1.0627168
2025-02,Смік,S3018h,2.0,0.50830084
2025-03,Смік,S3018h,1.0,0.86309075
2025-04,Смік,S3018h,4.0,0.75427014
2025-05,Смік,S3018h,4.0,1.1867521
2025-06,Смік,S3018h,4.0,1.4843211
2024-07,Співробітники,S3018h,0.0,0.0
2024-08,Співробітники,S3018h,0.0,0.0
2024-09,Співробітники,S3018h,0.0,0.0
2024-10,Співробітники,S3018h,0.0,0.0
2024-11,Співробітники,S3018h,0.0,0.0
2024-12,Співробітники,S3018h,0.0,0.0
2025-01,Співробітники,S3018h,0.0,0.0
2025-02,Співробітники,S3018h,1.0,0.0
2025-03,Співробітники,S3018h,4.0,0.0
2025-04,Співробітники,S3018h,1.0,0.13923213
2025-05,Співробітники,S3018h,3.0,0.0
2025-06,Співробітники,S3018h,0.0,0.0
2024-07,Супрун ФОП,S3018h,1.0,0.0
2024-08,Супрун ФОП,S3018h,0.0,0.0
2024-09,Супрун ФОП,S3018h,0.0,0.0
2024-10,Супрун ФОП,S3018h,0.0,0.0
2024-11,Супрун ФОП,S3018h,2.0,0.02800811
2024-12,Супрун ФОП,S3018h,1.0,0.20052475
2025-01,Супрун ФОП,S3018h,0.0,0.0
2025-02,Супрун ФОП,S3018h,0.0,0.0
2025-03,Супрун ФОП,S3018h,3.0,0.026240833
2025-04,Супрун ФОП,S3018h,1.0,0.43271333
2025-05,Супрун ФОП,S3018h,0.0,0.0
2025-06,Супрун ФОП,S3018h,0.0,0.0
2024-07,Таврія,S3018h,2.0,0.0
2024-08,Таврія,S3018h,1.0,0.0
2024-09,Таврія,S3018h,0.0,0.0
2024-10,Таврія,S3018h,0.0,0.0
2024-11,Таврія,S3018h,0.0,0.0
2024-12,Таврія,S3018h,8.0,1.2820817
2025-01,Таврія,S3018h,3.0,0.5245548
2025-02,Таврія,S3018h,0.0,0.08153491
2025-03,Таврія,S3018h,2.0,0.0
2025-04,Таврія,S3018h,1.0,0.06486081
2025-05,Таврія,S3018h,4.0,0.10084359
2025-06,Таврія,S3018h,1.0,0.18873322
2024-07,Юпіджи,S3018h,4.0,2.395891
2024-08,Юпіджи,S3018h,8.0,2.7896936
2024-09,Юпіджи,S3018h,2.0,2.4982183
2024-10,Юпіджи,S3018h,4.0,2.1792378
2024-11,Юпіджи,S3018h,6.0,1.8227966
2024-12,Юпіджи,S3018h,3.0,3.3190546
2025-01,Юпіджи,S3018h,6.0,2.2700472
2025-02,Юпіджи,S3018h,4.0,2.0383165
2025-03,Юпіджи,S3018h,5.0,1.5651355
2025-04,Юпіджи,S3018h,4.0,0.93054605
2025-05,Юпіджи,S3018h,6.0,0.83921933
2025-06,Юпіджи,S3018h,3.0,2.1299274
2024-07,ІМ-Кідіс,S3026h,0.0,0.0
2024-08,ІМ-Кідіс,S3026h,0.0,0.0
2024-09,ІМ-Кідіс,S3026h,0.0,0.0
2024-10,ІМ-Кідіс,S3026h,0.0,0.0
2024-11,ІМ-Кідіс,S3026h,0.0,0.0
2024-12,ІМ-Кідіс,S3026h,2.0,0.51504177
2025-01,ІМ-Кідіс,S3026h,1.0,0.0
2025-02,ІМ-Кідіс,S3026h,4.0,0.17330842
2025-03,ІМ-Кідіс,S3026h,1.0,0.6128466
2025-04,ІМ-Кідіс,S3026h,1.0,0.13572536
2025-05,ІМ-Кідіс,S3026h,0.0,0.0
2025-06,ІМ-Кідіс,S3026h,0.0,0.0
2024-07,ІМ-Розетка,S3026h,3.0,7.661896
2024-08,ІМ-Розетка,S3026h,5.0,2.1435854
2024-09,ІМ-Розетка,S3026h,3.0,2.865692
2024-10,ІМ-Розетка,S3026h,9.0,2.2629344
2024-11,ІМ-Розетка,S3026h,9.0,3.9806104
2024-12,ІМ-Розетка,S3026h,33.0,12.6917095
2025-01,ІМ-Розетка,S3026h,10.0,5.569956
2025-02,ІМ-Розетка,S3026h,10.0,1.3778876
2025-03,ІМ-Розетка,S3026h,2.0,3.250315
2025-04,ІМ-Розетка,S3026h,7.0,2.6761527
2025-05,ІМ-Розетка,S3026h,9.0,3.033577
2025-06,ІМ-Розетка,S3026h,12.0,5.1032166
2024-07,Акварель,S3026h,11.0,6.832167
2024-08,Акварель,S3026h,18.0,7.557729
2024-09,Акварель,S3026h,12.0,8.366102
2024-10,Акварель,S3026h,9.0,7.2929683
2024-11,Акварель,S3026h,17.0,6.973684
2024-12,Акварель,S3026h,32.0,19.666334
2025-01,Акварель,S3026h,24.0,9.62968
2025-02,Акварель,S3026h,16.0,6.2801037
2025-03,Акварель,S3026h,16.0,7.861736
2025-04,Акварель,S3026h,12.0,6.7635403
2025-05,Акварель,S3026h,9.0,6.5304694
2025-06,Акварель,S3026h,15.0,7.876523
2024-07,БІ,S3026h,14.0,10.236619
2024-08,БІ,S3026h,16.0,9.381748
2024-09,БІ,S3026h,15.0,9.621515
2024-10,БІ,S3026h,10.0,9.079669
2024-11,БІ,S3026h,37.0,10.0271225
2024-12,БІ,S3026h,77.0,30.868793
2025-01,БІ,S3026h,50.0,16.089691
2025-02,БІ,S3026h,26.0,15.193274
2025-03,БІ,S3026h,13.0,12.23474
2025-04,БІ,S3026h,13.0,9.09176
2025-05,БІ,S3026h,14.0,10.097911
2025-06,БІ,S3026h,21.0,13.573023
2024-07,Белес,S3026h,19.0,4.9090157
2024-08,Белес,S3026h,0.0,2.4093761
2024-09,Белес,S3026h,28.0,5.066289
2024-10,Белес,S3026h,10.0,5.387095
2024-11,Белес,S3026h,0.0,2.2398796
2024-12,Белес,S3026h,0.0,7.55275
2025-01,Белес,S3026h,0.0,2.2675986
2025-02,Белес,S3026h,25.0,4.848117
2025-03,Белес,S3026h,20.0,6.9765058
2025-04,Белес,S3026h,11.0,4.7651563
2025-05,Белес,S3026h,0.0,4.272782
2025-06,Белес,S3026h,0.0,4.5756574
2024-07,Віват Канцелярія,S3026h,3.0,1.3898559
2024-08,Віват Канцелярія,S3026h,4.0,1.9658458
2024-09,Віват Канцелярія,S3026h,4.0,2.1894424
2024-10,Віват Канцелярія,S3026h,9.0,2.159676
2024-11,Віват Канцелярія,S3026h,4.0,2.398495
2024-12,Віват Канцелярія,S3026h,6.0,6.2562075
2025-01,Віват Канцелярія,S3026h,8.0,2.6398132
2025-02,Віват Канцелярія,S3026h,4.0,2.2144918
2025-03,Віват Канцелярія,S3026h,4.0,1.7508192
2025-04,Віват Канцелярія,S3026h,2.0,1.3592944
2025-05,Віват Канцелярія,S3026h,3.0,1.3840016
2025-06,Віват Канцелярія,S3026h,2.0,1.7824024
2024-07,Еліпс,S3026h,0.0,0.0
2024-08,Еліпс,S3026h,1.0,0.34231308
2024-09,Еліпс,S3026h,0.0,0.0
2024-10,Еліпс,S3026h,1.0,0.52481455
2024-11,Еліпс,S3026h,0.0,0.0
2024-12,Еліпс,S3026h,2.0,0.5489912
2025-01,Еліпс,S3026h,2.0,0.38437632
2025-02,Еліпс,S3026h,1.0,0.106710814
2025-03,Еліпс,S3026h,0.0,0.0
2025-04,Еліпс,S3026h,0.0,0.0
2025-05,Еліпс,S3026h,1.0,0.013842384
2025-06,Еліпс,S3026h,1.0,0.0
2024-07,Епіцентр,S3026h,13.0,5.763532
2024-08,Епіцентр,S3026h,9.0,5.338995
2024-09,Епіцентр,S3026h,19.0,5.1550384
2024-10,Епіцентр,S3026h,14.0,5.4999375
2024-11,Епіцентр,S3026h,13.0,6.060566
2024-12,Епіцентр,S3026h,42.0,15.673332
2025-01,Епіцентр,S3026h,21.0,7.7141967
2025-02,Епіцентр,S3026h,16.0,6.210632
2025-03,Епіцентр,S3026h,18.0,5.971322
2025-04,Епіцентр,S3026h,0.0,5.890981
2025-05,Епіцентр,S3026h,11.0,3.2160485
2025-06,Епіцентр,S3026h,13.0,5.807494
2024-07,Клас,S3026h,1.0,0.0
2024-08,Клас,S3026h,2.0,0.43019056
2024-09,Клас,S3026h,2.0,0.25257483
2024-10,Клас,S3026h,4.0,0.11371284
2024-11,Клас,S3026h,2.0,0.5770479
2024-12,Клас,S3026h,11.0,1.8331184
2025-01,Клас,S3026h,5.0,0.9027387
2025-02,Клас,S3026h,1.0,0.7882854
2025-03,Клас,S3026h,3.0,0.16967823
2025-04,Клас,S3026h,4.0,0.07199758
2025-05,Клас,S3026h,2.0,0.23910667
2025-06,Клас,S3026h,1.0,0.15791453
2024-07,МайПлей,S3026h,0.0,0.54098964
2024-08,МайПлей,S3026h,5.0,0.55938315
2024-09,МайПлей,S3026h,2.0,0.68616194
2024-10,МайПлей,S3026h,3.0,0.85299736
2024-11,МайПлей,S3026h,2.0,0.8749108
2024-12,МайПлей,S3026h,5.0,2.4048638
2025-01,МайПлей,S3026h,7.0,1.1593922
2025-02,МайПлей,S3026h,3.0,0.7115108
2025-03,МайПлей,S3026h,2.0,0.73027945
2025-04,МайПлей,S3026h,1.0,0.62002444
2025-05,МайПлей,S3026h,1.0,0.77504903
2025-06,МайПлей,S3026h,3.0,0.612361
2024-07,Мегамаркет,S3026h,4.0,0.50526106
2024-08,Мегамаркет,S3026h,2.0,0.87055326
2024-09,Мегамаркет,S3026h,5.0,0.5790344
2024-10,Мегамаркет,S3026h,1.0,0.48426056
2024-11,Мегамаркет,S3026h,1.0,0.18242079
2024-12,Мегамаркет,S3026h,3.0,1.214691
2025-01,Мегамаркет,S3026h,4.0,0.31996015
2025-02,Мегамаркет,S3026h,1.0,0.32587466
2025-03,Мегамаркет,S3026h,0.0,0.20541212
2025-04,Мегамаркет,S3026h,3.0,0.0
2025-05,Мегамаркет,S3026h,0.0,0.08962267
2025-06,Мегамаркет,S3026h,0.0,0.089736335
2024-07,Монако,S3026h,1.0,0.4197934
2024-08,Монако,S3026h,4.0,0.6769078
2024-09,Монако,S3026h,0.0,0.18712515
2024-10,Монако,S3026h,6.0,0.8306947
2024-11,Монако,S3026h,5.0,1.5619416
2024-12,Монако,S3026h,0.0,0.8494779
2025-01,Монако,S3026h,0.0,0.2521737
2025-02,Монако,S3026h,2.0,1.1339555
2025-03,Монако,S3026h,5.0,0.46679896
2025-04,Монако,S3026h,0.0,0.104180716
2025-05,Монако,S3026h,0.0,0.003351032
2025-06,Монако,S3026h,3.0,0.64648896
2024-07,Новая Лінія,S3026h,2.0,0.0
2024-08,Новая Лінія,S3026h,1.0,0.0
2024-09,Новая Лінія,S3026h,0.0,0.0
2024-10,Новая Лінія,S3026h,0.0,0.0
2024-11,Новая Лінія,S3026h,1.0,0.0
2024-12,Новая Лінія,S3026h,2.0,0.09817314
2025-01,Новая Лінія,S3026h,1.0,0.0
2025-02,Новая Лінія,S3026h,1.0,0.0
2025-03,Новая Лінія,S3026h,1.0,0.0
2025-04,Новая Лінія,S3026h,0.0,0.0
2025-05,Новая Лінія,S3026h,0.0,0.0
2025-06,Новая Лінія,S3026h,0.0,0.0
2024-07,РОСТ,S3026h,0.0,0.0
2024-08,РОСТ,S3026h,4.0,0.0
2024-09,РОСТ,S3026h,2.0,0.36760306
2024-10,РОСТ,S3026h,2.0,0.20207681
2024-11,РОСТ,S3026h,3.0,0.49502093
2024-12,РОСТ,S3026h,8.0,1.8767862
2025-01,РОСТ,S3026h,8.0,1.1738075
2025-02,РОСТ,S3026h,2.0,0.6938775
2025-03,РОСТ,S3026h,3.0,0.18982118
2025-04,РОСТ,S3026h,1.0,0.1294206
2025-05,РОСТ,S3026h,3.0,0.09142044
2025-06,РОСТ,S3026h,4.0,0.32498306
2024-07,Росицька ФОП,S3026h,0.0,0.0
2024-08,Росицька ФОП,S3026h,0.0,0.0
2024-09,Росицька ФОП,S3026h,0.0,0.0
2024-10,Росицька ФОП,S3026h,0.0,0.0
2024-11,Росицька ФОП,S3026h,0.0,0.0
2024-12,Росицька ФОП,S3026h,0.0,0.0
2025-01,Росицька ФОП,S3026h,1.0,0.0
2025-02,Росицька ФОП,S3026h,0.0,0.0
2025-03,Росицька ФОП,S3026h,0.0,0.0
2025-04,Росицька ФОП,S3026h,0.0,0.0
2025-05,Росицька ФОП,S3026h,0.0,0.0
2025-06,Росицька ФОП,S3026h,0.0,0.0
2024-07,Смайл,S3026h,1.0,0.014824298
2024-08,Смайл,S3026h,0.0,0.0
2024-09,Смайл,S3026h,0.0,0.0
2024-10,Смайл,S3026h,0.0,0.0
2024-11,Смайл,S3026h,2.0,0.26506472
2024-12,Смайл,S3026h,0.0,0.0
2025-01,Смайл,S3026h,0.0,0.0
2025-02,Смайл,S3026h,0.0,0.0
2025-03,Смайл,S3026h,0.0,0.0
2025-04,Смайл,S3026h,1.0,0.064482085
2025-05,Смайл,S3026h,0.0,0.0
2025-06,Смайл,S3026h,1.0,0.0
2024-07,Смік,S3026h,5.0,0.6557588
2024-08,Смік,S3026h,7.0,2.370977
2024-09,Смік,S3026h,8.0,1.1398857
2024-10,Смік,S3026h,1.0,1.0412277
2024-11,Смік,S3026h,0.0,0.681108
2024-12,Смік,S3026h,1.0,1.7022223
2025-01,Смік,S3026h,2.0,0.5274658
2025-02,Смік,S3026h,0.0,0.35039768
2025-03,Смік,S3026h,2.0,0.18788207
2025-04,Смік,S3026h,4.0,0.22751838
2025-05,Смік,S3026h,2.0,0.6694509
2025-06,Смік,S3026h,4.0,0.84991294
2024-07,Співробітники,S3026h,0.0,0.0
2024-08,Співробітники,S3026h,0.0,0.0
2024-09,Співробітники,S3026h,0.0,0.0
2024-10,Співробітники,S3026h,0.0,0.0
2024-11,Співробітники,S3026h,0.0,0.0
2024-12,Співробітники,S3026h,1.0,0.0
2025-01,Співробітники,S3026h,0.0,0.0
2025-02,Співробітники,S3026h,2.0,0.0
2025-03,Співробітники,S3026h,1.0,0.0
2025-04,Співробітники,S3026h,1.0,0.0
2025-05,Співробітники,S3026h,1.0,0.0
2025-06,Співробітники,S3026h,0.0,0.0
2024-07,Супрун ФОП,S3026h,1.0,0.6657283
2024-08,Супрун ФОП,S3026h,0.0,0.0
2024-09,Супрун ФОП,S3026h,0.0,0.015550901
2024-10,Супрун ФОП,S3026h,0.0,0.0
2024-11,Супрун ФОП,S3026h,2.0,0.46208143
2024-12,Супрун ФОП,S3026h,7.0,0.81667244
2025-01,Супрун ФОП,S3026h,0.0,0.3499664
2025-02,Супрун ФОП,S3026h,3.0,0.4746591
2025-03,Супрун ФОП,S3026h,2.0,0.58997965
2025-04,Супрун ФОП,S3026h,1.0,1.0535688
2025-05,Супрун ФОП,S3026h,1.0,0.33290178
2025-06,Супрун ФОП,S3026h,0.0,0.0
2024-07,Таврія,S3026h,1.0,0.0
2024-08,Таврія,S3026h,0.0,0.0
2024-09,Таврія,S3026h,1.0,0.0
2024-10,Таврія,S3026h,0.0,0.0
2024-11,Таврія,S3026h,0.0,0.0
2024-12,Таврія,S3026h,5.0,1.5013065
2025-01,Таврія,S3026h,2.0,0.2589559
2025-02,Таврія,S3026h,1.0,0.0
2025-03,Таврія,S3026h,3.0,0.0
2025-04,Таврія,S3026h,1.0,0.08607044
2025-05,Таврія,S3026h,1.0,0.053562157
2025-06,Таврія,S3026h,0.0,0.0
2024-07,Трітон,S3026h,1.0,0.0
2024-08,Трітон,S3026h,0.0,0.0
2024-09,Трітон,S3026h,0.0,0.0
2024-10,Трітон,S3026h,0.0,0.0
2024-11,Трітон,S3026h,0.0,0.0
2024-12,Трітон,S3026h,0.0,0.0
2025-01,Трітон,S3026h,1.0,0.0
2025-02,Трітон,S3026h,0.0,0.0
2025-03,Трітон,S3026h,0.0,0.0
2025-04,Трітон,S3026h,2.0,0.0
2025-05,Трітон,S3026h,0.0,0.0
2025-06,Трітон,S3026h,0.0,0.0
2024-07,ІМ-Розетка,S3031h,9.0,5.894003
2024-08,ІМ-Розетка,S3031h,5.0,3.6781487
2024-09,ІМ-Розетка,S3031h,17.0,3.3431072
2024-10,ІМ-Розетка,S3031h,7.0,4.461639
2024-11,ІМ-Розетка,S3031h,28.0,6.171564
2024-12,ІМ-Розетка,S3031h,39.0,23.847706
2025-01,ІМ-Розетка,S3031h,10.0,6.559582
2025-02,ІМ-Розетка,S3031h,1.0,1.4699844
2025-03,ІМ-Розетка,S3031h,2.0,2.349812
2025-04,ІМ-Розетка,S3031h,2.0,2.8406298
2025-05,ІМ-Розетка,S3031h,7.0,2.8634539
2025-06,ІМ-Розетка,S3031h,6.0,4.0386944
2024-07,Акварель,S3031h,20.0,9.790725
2024-08,Акварель,S3031h,28.0,11.119545
2024-09,Акварель,S3031h,24.0,12.984245
2024-10,Акварель,S3031h,21.0,11.0531435
2024-11,Акварель,S3031h,21.0,13.650542
2024-12,Акварель,S3031h,48.0,26.607668
2025-01,Акварель,S3031h,23.0,11.929434
2025-02,Акварель,S3031h,16.0,8.825387
2025-03,Акварель,S3031h,24.0,9.713504
2025-04,Акварель,S3031h,14.0,8.981164
2025-05,Акварель,S3031h,16.0,8.722156
2025-06,Акварель,S3031h,25.0,10.955488
2024-07,БІ,S3031h,14.0,11.403443
2024-08,БІ,S3031h,22.0,9.294897
2024-09,БІ,S3031h,24.0,11.946854
2024-10,БІ,S3031h,12.0,10.409402
2024-11,БІ,S3031h,43.0,11.427275
2024-12,БІ,S3031h,78.0,37.692383
2025-01,БІ,S3031h,22.0,16.693018
2025-02,БІ,S3031h,18.0,9.809444
2025-03,БІ,S3031h,14.0,8.031351
2025-04,БІ,S3031h,6.0,5.9517984
2025-05,БІ,S3031h,15.0,5.8433404
2025-06,БІ,S3031h,11.0,9.983035
2024-07,Белес,S3031h,35.0,5.4187956
2024-08,Белес,S3031h,0.0,4.290744
2024-09,Белес,S3031h,51.0,5.27422
2024-10,Белес,S3031h,5.0,8.630977
2024-11,Белес,S3031h,19.0,5.07877
2024-12,Белес,S3031h,0.0,10.82532
2025-01,Белес,S3031h,0.0,1.0648088
2025-02,Белес,S3031h,27.0,4.725715
2025-03,Белес,S3031h,21.0,9.452163
2025-04,Белес,S3031h,15.0,5.5637946
2025-05,Белес,S3031h,2.0,5.423157
2025-06,Белес,S3031h,3.0,5.0497293
2024-07,Віват Канцелярія,S3031h,1.0,1.5047475
2024-08,Віват Канцелярія,S3031h,5.0,2.0919755
2024-09,Віват Канцелярія,S3031h,7.0,2.7465284
2024-10,Віват Канцелярія,S3031h,6.0,2.5458202
2024-11,Віват Канцелярія,S3031h,8.0,2.7902195
2024-12,Віват Канцелярія,S3031h,21.0,10.071441
2025-01,Віват Канцелярія,S3031h,9.0,3.9059167
2025-02,Віват Канцелярія,S3031h,11.0,2.8518624
2025-03,Віват Канцелярія,S3031h,3.0,3.2980947
2025-04,Віват Канцелярія,S3031h,9.0,2.7190692
2025-05,Віват Канцелярія,S3031h,5.0,2.1666725
2025-06,Віват Канцелярія,S3031h,9.0,3.0884452
2024-07,Еліпс,S3031h,0.0,0.0
2024-08,Еліпс,S3031h,1.0,0.13944998
2024-09,Еліпс,S3031h,0.0,0.0
2024-10,Еліпс,S3031h,1.0,0.24047658
2024-11,Еліпс,S3031h,2.0,0.38505468
2024-12,Еліпс,S3031h,0.0,0.0
2025-01,Еліпс,S3031h,0.0,0.0
2025-02,Еліпс,S3031h,0.0,0.0
2025-03,Еліпс,S3031h,0.0,0.0
2025-04,Еліпс,S3031h,0.0,0.0
2025-05,Еліпс,S3031h,0.0,0.0
2025-06,Еліпс,S3031h,1.0,0.0019822668
2024-07,Епіцентр,S3031h,6.0,5.3479347
2024-08,Епіцентр,S3031h,14.0,3.710732
2024-09,Епіцентр,S3031h,16.0,5.3477926
2024-10,Епіцентр,S3031h,15.0,5.2515593
2024-11,Епіцентр,S3031h,19.0,6.522507
2024-12,Епіцентр,S3031h,67.0,19.73429
2025-01,Епіцентр,S3031h,14.0,8.915409
2025-02,Епіцентр,S3031h,9.0,5.656696
2025-03,Епіцентр,S3031h,15.0,6.1309752
2025-04,Епіцентр,S3031h,0.0,4.921477
2025-05,Епіцентр,S3031h,14.0,3.1063545
2025-06,Епіцентр,S3031h,13.0,6.954307
2024-07,Клас,S3031h,1.0,0.25625393
2024-08,Клас,S3031h,7.0,0.7460339
2024-09,Клас,S3031h,2.0,0.50476557
2024-10,Клас,S3031h,2.0,0.34707704
2024-11,Клас,S3031h,4.0,0.9337209
2024-12,Клас,S3031h,5.0,2.1881993
2025-01,Клас,S3031h,5.0,0.91032904
2025-02,Клас,S3031h,4.0,0.7929847
2025-03,Клас,S3031h,2.0,0.4012958
2025-04,Клас,S3031h,1.0,0.21051896
2025-05,Клас,S3031h,0.0,0.16119015
2025-06,Клас,S3031h,0.0,0.04779869
2024-07,Кот ФОП,S3031h,0.0,0.0
2024-08,Кот ФОП,S3031h,0.0,0.0
2024-09,Кот ФОП,S3031h,0.0,0.0
2024-10,Кот ФОП,S3031h,0.0,0.0
2024-11,Кот ФОП,S3031h,0.0,0.0
2024-12,Кот ФОП,S3031h,0.0,0.19073951
2025-01,Кот ФОП,S3031h,0.0,0.0
2025-02,Кот ФОП,S3031h,1.0,0.08679967
2025-03,Кот ФОП,S3031h,5.0,0.0
2025-04,Кот ФОП,S3031h,0.0,0.0
2025-05,Кот ФОП,S3031h,1.0,0.04275984
2025-06,Кот ФОП,S3031h,1.0,0.062819906
2024-07,МайПлей,S3031h,1.0,0.7041758
2024-08,МайПлей,S3031h,3.0,0.7786452
2024-09,МайПлей,S3031h,1.0,0.80524385
2024-10,МайПлей,S3031h,3.0,0.9769975
2024-11,МайПлей,S3031h,2.0,0.85907334
2024-12,МайПлей,S3031h,8.0,3.0301895
2025-01,МайПлей,S3031h,4.0,1.1502293
2025-02,МайПлей,S3031h,4.0,0.6994343
2025-03,МайПлей,S3031h,1.0,0.65547717
2025-04,МайПлей,S3031h,4.0,0.93856966
2025-05,МайПлей,S3031h,0.0,0.92909485
2025-06,МайПлей,S3031h,1.0,0.6594253
2024-07,Мегамаркет,S3031h,2.0,0.317968
2024-08,Мегамаркет,S3031h,4.0,0.532698
2024-09,Мегамаркет,S3031h,2.0,0.3125418
2024-10,Мегамаркет,S3031h,3.0,0.35762888
2024-11,Мегамаркет,S3031h,1.0,0.3975643
2024-12,Мегамаркет,S3031h,0.0,1.2276347
2025-01,Мегамаркет,S3031h,0.0,0.0
2025-02,Мегамаркет,S3031h,1.0,0.0
2025-03,Мегамаркет,S3031h,0.0,0.0
2025-04,Мегамаркет,S3031h,2.0,0.0
2025-05,Мегамаркет,S3031h,0.0,0.0
2025-06,Мегамаркет,S3031h,0.0,0.0
2024-07,Монако,S3031h,2.0,0.9906344
2024-08,Монако,S3031h,1.0,0.94328624
2024-09,Монако,S3031h,1.0,1.2622377
2024-10,Монако,S3031h,2.0,0.54772925
2024-11,Монако,S3031h,5.0,0.8349025
2024-12,Монако,S3031h,0.0,0.63017905
2025-01,Монако,S3031h,0.0,0.0
2025-02,Монако,S3031h,3.0,0.81427515
2025-03,Монако,S3031h,2.0,0.370546
2025-04,Монако,S3031h,0.0,0.17040317
2025-05,Монако,S3031h,0.0,0.0
2025-06,Монако,S3031h,0.0,0.044952426
2024-07,РОСТ,S3031h,2.0,0.0
2024-08,РОСТ,S3031h,5.0,0.20938438
2024-09,РОСТ,S3031h,3.0,0.881552
2024-10,РОСТ,S3031h,3.0,0.5131854
2024-11,РОСТ,S3031h,4.0,0.75383395
2024-12,РОСТ,S3031h,12.0,2.4372807
2025-01,РОСТ,S3031h,6.0,1.0293491
2025-02,РОСТ,S3031h,3.0,0.5964396
2025-03,РОСТ,S3031h,3.0,0.9034638
2025-04,РОСТ,S3031h,5.0,0.34946623
2025-05,РОСТ,S3031h,5.0,0.37319764
2025-06,РОСТ,S3031h,3.0,1.0906656
2024-07,Росицька ФОП,S3031h,1.0,0.0
2024-08,Росицька ФОП,S3031h,0.0,0.0
2024-09,Росицька ФОП,S3031h,0.0,0.0
2024-10,Росицька ФОП,S3031h,0.0,0.0
2024-11,Росицька ФОП,S3031h,1.0,0.0
2024-12,Росицька ФОП,S3031h,2.0,0.28485692
2025-01,Росицька ФОП,S3031h,0.0,0.0
2025-02,Росицька ФОП,S3031h,0.0,0.0
2025-03,Росицька ФОП,S3031h,0.0,0.0
2025-04,Росицька ФОП,S3031h,0.0,0.0
2025-05,Росицька ФОП,S3031h,1.0,0.0
2025-06,Росицька ФОП,S3031h,0.0,0.0
2024-07,Супрун ФОП,S3031h,0.0,0.0
2024-08,Супрун ФОП,S3031h,14.0,0.26436532
2024-09,Супрун ФОП,S3031h,0.0,1.827554
2024-10,Супрун ФОП,S3031h,0.0,0.075213365
2024-11,Супрун ФОП,S3031h,0.0,0.41509217
2024-12,Супрун ФОП,S3031h,2.0,1.7938166
2025-01,Супрун ФОП,S3031h,0.0,0.0
2025-02,Супрун ФОП,S3031h,2.0,0.20832714
2025-03,Супрун ФОП,S3031h,3.0,0.0830026
2025-04,Супрун ФОП,S3031h,1.0,0.80669254
2025-05,Супрун ФОП,S3031h,2.0,0.49065593
2025-06,Супрун ФОП,S3031h,0.0,0.07703307
2024-07,Таврія,S3031h,0.0,0.0
2024-08,Таврія,S3031h,0.0,0.0
2024-09,Таврія,S3031h,0.0,0.0
2024-10,Таврія,S3031h,0.0,0.0
2024-11,Таврія,S3031h,0.0,0.0
2024-12,Таврія,S3031h,8.0,1.3477502
2025-01,Таврія,S3031h,4.0,0.48684698
2025-02,Таврія,S3031h,0.0,0.05978659
2025-03,Таврія,S3031h,2.0,0.0370321
2025-04,Таврія,S3031h,2.0,0.042717453
2025-05,Таврія,S3031h,2.0,0.15350902
2025-06,Таврія,S3031h,2.0,0.07215178
2024-07,ІМ-Розетка,T4005h,2.0,0.05852234
2024-08,ІМ-Розетка,T4005h,1.0,0.25343776
2024-09,ІМ-Розетка,T4005h,0.0,0.52317804
2024-10,ІМ-Розетка,T4005h,1.0,0.21597476
2024-11,ІМ-Розетка,T4005h,2.0,0.91527236
2024-12,ІМ-Розетка,T4005h,22.0,7.6419263
2025-01,ІМ-Розетка,T4005h,7.0,2.5926244
2025-02,ІМ-Розетка,T4005h,0.0,0.005026234
2025-03,ІМ-Розетка,T4005h,1.0,0.37231976
2025-04,ІМ-Розетка,T4005h,0.0,0.43767738
2025-05,ІМ-Розетка,T4005h,1.0,0.28626937
2025-06,ІМ-Розетка,T4005h,1.0,0.0
2024-07,Акварель,T4005h,9.0,2.5530276
2024-08,Акварель,T4005h,9.0,3.685478
2024-09,Акварель,T4005h,9.0,3.8078754
2024-10,Акварель,T4005h,13.0,4.0499897
2024-11,Акварель,T4005h,19.0,5.505373
2024-12,Акварель,T4005h,37.0,26.307459
2025-01,Акварель,T4005h,19.0,10.032843
2025-02,Акварель,T4005h,7.0,5.215149
2025-03,Акварель,T4005h,13.0,4.7884088
2025-04,Акварель,T4005h,14.0,4.2966013
2025-05,Акварель,T4005h,10.0,4.8682337
2025-06,Акварель,T4005h,8.0,4.0954494
2024-07,Антошка,T4005h,1.0,0.0
2024-08,Антошка,T4005h,2.0,0.0
2024-09,Антошка,T4005h,0.0,0.0
2024-10,Антошка,T4005h,0.0,0.0
2024-11,Антошка,T4005h,0.0,0.0
2024-12,Антошка,T4005h,0.0,2.0645564
2025-01,Антошка,T4005h,0.0,0.0
2025-02,Антошка,T4005h,0.0,0.0
2025-03,Антошка,T4005h,0.0,0.0
2025-04,Антошка,T4005h,0.0,0.0
2025-05,Антошка,T4005h,0.0,0.0
2025-06,Антошка,T4005h,0.0,0.0
2024-07,БІ,T4005h,16.0,6.5989213
2024-08,БІ,T4005h,15.0,7.4669423
2024-09,БІ,T4005h,23.0,8.819938
2024-10,БІ,T4005h,17.0,9.50106
2024-11,БІ,T4005h,19.0,12.236514
2024-12,БІ,T4005h,109.0,47.808846
2025-01,БІ,T4005h,45.0,24.388283
2025-02,БІ,T4005h,18.0,14.335297
2025-03,БІ,T4005h,21.0,9.246388
2025-04,БІ,T4005h,15.0,8.213163
2025-05,БІ,T4005h,20.0,7.115993
2025-06,БІ,T4005h,24.0,8.778436
2024-07,Віват Канцелярія,T4005h,4.0,0.46550366
2024-08,Віват Канцелярія,T4005h,3.0,0.9483244
2024-09,Віват Канцелярія,T4005h,2.0,0.5930197
2024-10,Віват Канцелярія,T4005h,2.0,0.8181862
2024-11,Віват Канцелярія,T4005h,8.0,1.3512297
2024-12,Віват Канцелярія,T4005h,12.0,8.901188
2025-01,Віват Канцелярія,T4005h,5.0,2.31704
2025-02,Віват Канцелярія,T4005h,2.0,1.6350545
2025-03,Віват Канцелярія,T4005h,2.0,0.7760303
2025-04,Віват Канцелярія,T4005h,3.0,0.9054448
2025-05,Віват Канцелярія,T4005h,7.0,0.5981369
2025-06,Віват Канцелярія,T4005h,3.0,0.74572486
2024-07,Епіцентр,T4005h,8.0,1.4140483
2024-08,Епіцентр,T4005h,7.0,1.3179715
2024-09,Епіцентр,T4005h,5.0,1.484229
2024-10,Епіцентр,T4005h,4.0,1.4043052
2024-11,Епіцентр,T4005h,9.0,2.379117
2024-12,Епіцентр,T4005h,45.0,12.120234
2025-01,Епіцентр,T4005h,14.0,6.697993
2025-02,Епіцентр,T4005h,5.0,2.8408706
2025-03,Епіцентр,T4005h,10.0,1.7726552
2025-04,Епіцентр,T4005h,0.0,2.0337129
2025-05,Епіцентр,T4005h,2.0,1.8385056
2025-06,Епіцентр,T4005h,4.0,1.1342442
2024-07,Клас,T4005h,0.0,0.0
2024-08,Клас,T4005h,0.0,0.0
2024-09,Клас,T4005h,0.0,0.0
2024-10,Клас,T4005h,0.0,0.0
2024-11,Клас,T4005h,0.0,0.0
2024-12,Клас,T4005h,0.0,0.0
2025-01,Клас,T4005h,0.0,0.0
2025-02,Клас,T4005h,0.0,0.0
2025-03,Клас,T4005h,1.0,0.0
2025-04,Клас,T4005h,1.0,0.0
2025-05,Клас,T4005h,1.0,0.0
2025-06,Клас,T4005h,0.0,0.0
2024-07,Кубі,T4005h,1.0,0.06922139
2024-08,Кубі,T4005h,2.0,0.14628808
2024-09,Кубі,T4005h,2.0,0.23189108
2024-10,Кубі,T4005h,3.0,0.24839093
2024-11,Кубі,T4005h,4.0,0.6406079
2024-12,Кубі,T4005h,6.0,2.740018
2025-01,Кубі,T4005h,4.0,0.8631285
2025-02,Кубі,T4005h,0.0,0.0
2025-03,Кубі,T4005h,5.0,0.4576105
2025-04,Кубі,T4005h,0.0,0.0
2025-05,Кубі,T4005h,1.0,0.38473153
2025-06,Кубі,T4005h,3.0,0.15790714
2024-07,МайПлей,T4005h,2.0,0.28544605
2024-08,МайПлей,T4005h,0.0,0.27843383
2024-09,МайПлей,T4005h,2.0,0.05948065
2024-10,МайПлей,T4005h,1.0,0.16171123
2024-11,МайПлей,T4005h,2.0,0.69824755
2024-12,МайПлей,T4005h,17.0,4.1621833
2025-01,МайПлей,T4005h,2.0,1.4931756
2025-02,МайПлей,T4005h,2.0,0.6673923
2025-03,МайПлей,T4005h,1.0,0.61242425
2025-04,МайПлей,T4005h,2.0,0.24431324
2025-05,МайПлей,T4005h,3.0,0.2263048
2025-06,МайПлей,T4005h,2.0,0.4138386
2024-07,Мегамаркет,T4005h,0.0,0.0
2024-08,Мегамаркет,T4005h,3.0,0.0
2024-09,Мегамаркет,T4005h,0.0,0.0
2024-10,Мегамаркет,T4005h,0.0,0.0
2024-11,Мегамаркет,T4005h,1.0,0.0
2024-12,Мегамаркет,T4005h,2.0,0.7536615
2025-01,Мегамаркет,T4005h,0.0,0.0
2025-02,Мегамаркет,T4005h,0.0,0.0
2025-03,Мегамаркет,T4005h,0.0,0.0
2025-04,Мегамаркет,T4005h,1.0,0.0
2025-05,Мегамаркет,T4005h,1.0,0.0
2025-06,Мегамаркет,T4005h,2.0,0.0
2024-07,Монако,T4005h,1.0,0.026926704
2024-08,Монако,T4005h,2.0,0.294805
2024-09,Монако,T4005h,0.0,0.0
2024-10,Монако,T4005h,0.0,0.0
2024-11,Монако,T4005h,1.0,0.18947756
2024-12,Монако,T4005h,0.0,0.5473435
2025-01,Монако,T4005h,0.0,0.0
2025-02,Монако,T4005h,4.0,0.10316048
2025-03,Монако,T4005h,2.0,0.38791448
2025-04,Монако,T4005h,1.0,0.08362777
2025-05,Монако,T4005h,0.0,0.0
2025-06,Монако,T4005h,1.0,0.26384497
2024-07,Росицька ФОП,T4005h,0.0,0.0
2024-08,Росицька ФОП,T4005h,0.0,0.0
2024-09,Росицька ФОП,T4005h,0.0,0.0
2024-10,Росицька ФОП,T4005h,0.0,0.0
2024-11,Росицька ФОП,T4005h,0.0,0.0
2024-12,Росицька ФОП,T4005h,1.0,0.28092334
2025-01,Росицька ФОП,T4005h,1.0,0.0
2025-02,Росицька ФОП,T4005h,0.0,0.0
2025-03,Росицька ФОП,T4005h,0.0,0.0
2025-04,Росицька ФОП,T4005h,0.0,0.0
2025-05,Росицька ФОП,T4005h,1.0,0.0
2025-06,Росицька ФОП,T4005h,0.0,0.0
2024-07,Смік,T4005h,0.0,0.0
2024-08,Смік,T4005h,0.0,0.0
2024-09,Смік,T4005h,2.0,0.0
2024-10,Смік,T4005h,0.0,0.13687818
2024-11,Смік,T4005h,6.0,0.15804009
2024-12,Смік,T4005h,4.0,3.7419162
2025-01,Смік,T4005h,4.0,0.51622915
2025-02,Смік,T4005h,0.0,0.26277548
2025-03,Смік,T4005h,2.0,0.0
2025-04,Смік,T4005h,0.0,0.0
2025-05,Смік,T4005h,1.0,0.0
2025-06,Смік,T4005h,1.0,0.0
2024-07,ІМ-Кідіс,T4008h,0.0,0.0
2024-08,ІМ-Кідіс,T4008h,0.0,0.0
2024-09,ІМ-Кідіс,T4008h,0.0,0.0
2024-10,ІМ-Кідіс,T4008h,0.0,0.0
2024-11,ІМ-Кідіс,T4008h,0.0,0.0
2024-12,ІМ-Кідіс,T4008h,2.0,0.7921276
2025-01,ІМ-Кідіс,T4008h,1.0,0.18253186
2025-02,ІМ-Кідіс,T4008h,2.0,0.017068349
2025-03,ІМ-Кідіс,T4008h,1.0,0.3023474
2025-04,ІМ-Кідіс,T4008h,0.0,0.0
2025-05,ІМ-Кідіс,T4008h,0.0,0.0
2025-06,ІМ-Кідіс,T4008h,0.0,0.0
2024-07,ІМ-Розетка,T4008h,4.0,3.8221793
2024-08,ІМ-Розетка,T4008h,3.0,2.7944918
2024-09,ІМ-Розетка,T4008h,3.0,2.3266644
2024-10,ІМ-Розетка,T4008h,6.0,1.8195773
2024-11,ІМ-Розетка,T4008h,6.0,4.558567
2024-12,ІМ-Розетка,T4008h,32.0,21.851797
2025-01,ІМ-Розетка,T4008h,11.0,7.0101805
2025-02,ІМ-Розетка,T4008h,7.0,1.9990225
2025-03,ІМ-Розетка,T4008h,3.0,2.260904
2025-04,ІМ-Розетка,T4008h,7.0,2.2958667
2025-05,ІМ-Розетка,T4008h,7.0,2.461308
2025-06,ІМ-Розетка,T4008h,3.0,1.2148943
2024-07,Акварель,T4008h,5.0,1.8846254
2024-08,Акварель,T4008h,2.0,1.8982115
2024-09,Акварель,T4008h,6.0,1.712427
2024-10,Акварель,T4008h,5.0,1.8071917
2024-11,Акварель,T4008h,16.0,2.8252335
2024-12,Акварель,T4008h,25.0,15.182641
2025-01,Акварель,T4008h,12.0,6.0190353
2025-02,Акварель,T4008h,8.0,3.3039582
2025-03,Акварель,T4008h,19.0,3.5437458
2025-04,Акварель,T4008h,6.0,4.2073727
2025-05,Акварель,T4008h,2.0,3.5679865
2025-06,Акварель,T4008h,4.0,2.9272633
2024-07,Антошка,T4008h,1.0,0.1695459
2024-08,Антошка,T4008h,1.0,0.14432709
2024-09,Антошка,T4008h,3.0,0.032691386
2024-10,Антошка,T4008h,3.0,0.6595915
2024-11,Антошка,T4008h,0.0,0.9246373
2024-12,Антошка,T4008h,7.0,3.4867065
2025-01,Антошка,T4008h,7.0,1.8797644
2025-02,Антошка,T4008h,1.0,1.3175275
2025-03,Антошка,T4008h,3.0,0.6974234
2025-04,Антошка,T4008h,2.0,0.7418268
2025-05,Антошка,T4008h,1.0,0.46782607
2025-06,Антошка,T4008h,2.0,0.4216832
2024-07,БІ,T4008h,2.0,1.7311684
2024-08,БІ,T4008h,10.0,2.57115
2024-09,БІ,T4008h,3.0,2.296199
2024-10,БІ,T4008h,0.0,2.1810484
2024-11,БІ,T4008h,1.0,2.4910836
2024-12,БІ,T4008h,24.0,10.31363
2025-01,БІ,T4008h,6.0,4.225699
2025-02,БІ,T4008h,2.0,2.3795705
2025-03,БІ,T4008h,5.0,1.4195434
2025-04,БІ,T4008h,1.0,1.3456635
2025-05,БІ,T4008h,3.0,1.2908956
2025-06,БІ,T4008h,1.0,1.5048006
2024-07,Віват Канцелярія,T4008h,4.0,0.4636141
2024-08,Віват Канцелярія,T4008h,3.0,1.1432221
2024-09,Віват Канцелярія,T4008h,0.0,0.51489514
2024-10,Віват Канцелярія,T4008h,2.0,0.58992106
2024-11,Віват Канцелярія,T4008h,3.0,0.9647849
2024-12,Віват Канцелярія,T4008h,17.0,5.5057607
2025-01,Віват Канцелярія,T4008h,2.0,2.401856
2025-02,Віват Канцелярія,T4008h,2.0,1.1917382
2025-03,Віват Канцелярія,T4008h,2.0,1.330352
2025-04,Віват Канцелярія,T4008h,3.0,0.8403497
2025-05,Віват Канцелярія,T4008h,1.0,0.6497451
2025-06,Віват Канцелярія,T4008h,2.0,0.49090028
2024-07,Епіцентр,T4008h,2.0,0.8152653
2024-08,Епіцентр,T4008h,4.0,0.8357348
2024-09,Епіцентр,T4008h,2.0,0.63868237
2024-10,Епіцентр,T4008h,3.0,0.58939713
2024-11,Епіцентр,T4008h,0.0,1.8925723
2024-12,Епіцентр,T4008h,22.0,5.342484
2025-01,Епіцентр,T4008h,11.0,3.2268248
2025-02,Епіцентр,T4008h,8.0,1.8795791
2025-03,Епіцентр,T4008h,4.0,1.8088119
2025-04,Епіцентр,T4008h,0.0,0.9054153
2025-05,Епіцентр,T4008h,2.0,1.2210252
2025-06,Епіцентр,T4008h,0.0,0.9023581
2024-07,Клас,T4008h,3.0,0.0
2024-08,Клас,T4008h,1.0,0.0
2024-09,Клас,T4008h,2.0,0.0
2024-10,Клас,T4008h,0.0,0.0
2024-11,Клас,T4008h,0.0,0.0
2024-12,Клас,T4008h,1.0,0.4265261
2025-01,Клас,T4008h,0.0,0.0
2025-02,Клас,T4008h,0.0,0.0
2025-03,Клас,T4008h,2.0,0.0
2025-04,Клас,T4008h,2.0,0.0
2025-05,Клас,T4008h,0.0,0.0
2025-06,Клас,T4008h,0.0,0.0
2024-07,МайПлей,T4008h,3.0,0.0031262527
2024-08,МайПлей,T4008h,0.0,0.21231501
2024-09,МайПлей,T4008h,0.0,0.0
2024-10,МайПлей,T4008h,0.0,0.0
2024-11,МайПлей,T4008h,1.0,0.029031469
2024-12,МайПлей,T4008h,6.0,2.0843866
2025-01,МайПлей,T4008h,0.0,0.7608093
2025-02,МайПлей,T4008h,1.0,0.0
2025-03,МайПлей,T4008h,2.0,0.07538372
2025-04,МайПлей,T4008h,1.0,0.14865878
2025-05,МайПлей,T4008h,1.0,0.1140385
2025-06,МайПлей,T4008h,1.0,0.061663147
2024-07,Мегамаркет,T4008h,1.0,0.0
2024-08,Мегамаркет,T4008h,0.0,0.0
2024-09,Мегамаркет,T4008h,2.0,0.0
2024-10,Мегамаркет,T4008h,1.0,0.0
2024-11,Мегамаркет,T4008h,0.0,0.0
2024-12,Мегамаркет,T4008h,3.0,0.51922894
2025-01,Мегамаркет,T4008h,2.0,0.013891152
2025-02,Мегамаркет,T4008h,1.0,0.0
2025-03,Мегамаркет,T4008h,1.0,0.0
2025-04,Мегамаркет,T4008h,1.0,0.0
2025-05,Мегамаркет,T4008h,0.0,0.0
2025-06,Мегамаркет,T4008h,1.0,0.0
2024-07,Монако,T4008h,6.0,0.11291063
2024-08,Монако,T4008h,2.0,0.5823221
2024-09,Монако,T4008h,1.0,0.56584495
2024-10,Монако,T4008h,1.0,0.47189453
2024-11,Монако,T4008h,3.0,0.92025685
2024-12,Монако,T4008h,7.0,2.1738122
2025-01,Монако,T4008h,0.0,0.2558188
2025-02,Монако,T4008h,2.0,0.67403865
2025-03,Монако,T4008h,4.0,0.53402793
2025-04,Монако,T4008h,1.0,0.5079785
2025-05,Монако,T4008h,0.0,0.0
2025-06,Монако,T4008h,2.0,0.25195795
2024-07,Новая Лінія,T4008h,0.0,0.0
2024-08,Новая Лінія,T4008h,1.0,0.0
2024-09,Новая Лінія,T4008h,2.0,0.0
2024-10,Новая Лінія,T4008h,0.0,0.0
2024-11,Новая Лінія,T4008h,0.0,0.0
2024-12,Новая Лінія,T4008h,0.0,0.0
2025-01,Новая Лінія,T4008h,1.0,0.0
2025-02,Новая Лінія,T4008h,1.0,0.0
2025-03,Новая Лінія,T4008h,0.0,0.0
2025-04,Новая Лінія,T4008h,0.0,0.0
2025-05,Новая Лінія,T4008h,1.0,0.0
2025-06,Новая Лінія,T4008h,1.0,0.0
2024-07,РОСТ,T4008h,0.0,0.0
2024-08,РОСТ,T4008h,2.0,0.0
2024-09,РОСТ,T4008h,1.0,0.0
2024-10,РОСТ,T4008h,0.0,0.0
2024-11,РОСТ,T4008h,3.0,0.0
2024-12,РОСТ,T4008h,5.0,1.053656
2025-01,РОСТ,T4008h,4.0,0.5059609
2025-02,РОСТ,T4008h,5.0,0.29370552
2025-03,РОСТ,T4008h,1.0,0.17130463
2025-04,РОСТ,T4008h,1.0,0.0
2025-05,РОСТ,T4008h,0.0,0.0
2025-06,РОСТ,T4008h,1.0,0.0
2024-07,Росицька ФОП,T4008h,0.0,0.0
2024-08,Росицька ФОП,T4008h,1.0,0.0
2024-09,Росицька ФОП,T4008h,0.0,0.0
2024-10,Росицька ФОП,T4008h,0.0,0.0
2024-11,Росицька ФОП,T4008h,0.0,0.0
2024-12,Росицька ФОП,T4008h,2.0,0.038885273
2025-01,Росицька ФОП,T4008h,0.0,0.0
2025-02,Росицька ФОП,T4008h,0.0,0.0
2025-03,Росицька ФОП,T4008h,0.0,0.0
2025-04,Росицька ФОП,T4008h,0.0,0.0
2025-05,Росицька ФОП,T4008h,0.0,0.0
2025-06,Росицька ФОП,T4008h,0.0,0.0
2024-07,Смік,T4008h,2.0,0.0
2024-08,Смік,T4008h,1.0,0.0
2024-09,Смік,T4008h,0.0,0.0
2024-10,Смік,T4008h,0.0,0.0
2024-11,Смік,T4008h,0.0,0.0
2024-12,Смік,T4008h,0.0,0.0
2025-01,Смік,T4008h,0.0,0.0
2025-02,Смік,T4008h,0.0,0.0
2025-03,Смік,T4008h,0.0,0.0
2025-04,Смік,T4008h,0.0,0.0
2025-05,Смік,T4008h,3.0,0.0
2025-06,Смік,T4008h,0.0,0.0
2024-07,Супрун ФОП,T4008h,0.0,0.0
2024-08,Супрун ФОП,T4008h,0.0,0.0
2024-09,Супрун ФОП,T4008h,0.0,0.0
2024-10,Супрун ФОП,T4008h,0.0,0.0
2024-11,Супрун ФОП,T4008h,0.0,0.0
2024-12,Супрун ФОП,T4008h,1.0,0.29567343
2025-01,Супрун ФОП,T4008h,0.0,0.0
2025-02,Супрун ФОП,T4008h,0.0,0.0
2025-03,Супрун ФОП,T4008h,0.0,0.0
2025-04,Супрун ФОП,T4008h,0.0,0.0
2025-05,Супрун ФОП,T4008h,0.0,0.0
2025-06,Супрун ФОП,T4008h,0.0,0.0
2024-07,Чудо Острів,T4008h,3.0,0.6509588
2024-08,Чудо Острів,T4008h,1.0,0.41188097
2024-09,Чудо Острів,T4008h,4.0,0.5152681
2024-10,Чудо Острів,T4008h,3.0,1.0022174
2024-11,Чудо Острів,T4008h,6.0,1.8207681
2024-12,Чудо Острів,T4008h,16.0,7.74062
2025-01,Чудо Острів,T4008h,6.0,3.8277264
2025-02,Чудо Острів,T4008h,8.0,1.8665226
2025-03,Чудо Острів,T4008h,3.0,1.2833762
2025-04,Чудо Острів,T4008h,1.0,1.1247741
2025-05,Чудо Острів,T4008h,3.0,0.96832836
2025-06,Чудо Острів,T4008h,7.0,0.87597966
2024-07,Акварель,T4011h,1.0,0.6084495
2024-08,Акварель,T4011h,8.0,0.8344747
2024-09,Акварель,T4011h,5.0,1.1465688
2024-10,Акварель,T4011h,2.0,1.0927771
2024-11,Акварель,T4011h,4.0,1.5220689
2024-12,Акварель,T4011h,8.0,6.9525056
2025-01,Акварель,T4011h,6.0,1.7925998
2025-02,Акварель,T4011h,4.0,0.9965484
2025-03,Акварель,T4011h,4.0,1.1144868
2025-04,Акварель,T4011h,3.0,0.8647961
2025-05,Акварель,T4011h,1.0,0.9972609
2025-06,Акварель,T4011h,3.0,0.86138624
2024-07,Антошка,T4011h,1.0,0.3454254
2024-08,Антошка,T4011h,1.0,0.2592254
2024-09,Антошка,T4011h,5.0,0.08909037
2024-10,Антошка,T4011h,0.0,0.64077765
2024-11,Антошка,T4011h,2.0,0.49405083
2024-12,Антошка,T4011h,9.0,4.423607
2025-01,Антошка,T4011h,6.0,2.1069906
2025-02,Антошка,T4011h,2.0,0.9582916
2025-03,Антошка,T4011h,0.0,0.0
2025-04,Антошка,T4011h,1.0,0.26781955
2025-05,Антошка,T4011h,4.0,0.47292224
2025-06,Антошка,T4011h,4.0,0.43845576
2024-07,БІ,T4011h,6.0,3.2824304
2024-08,БІ,T4011h,13.0,4.198076
2024-09,БІ,T4011h,8.0,4.1240983
2024-10,БІ,T4011h,13.0,3.7618842
2024-11,БІ,T4011h,11.0,5.168973
2024-12,БІ,T4011h,29.0,20.732618
2025-01,БІ,T4011h,11.0,8.653888
2025-02,БІ,T4011h,5.0,3.5185616
2025-03,БІ,T4011h,12.0,1.806738
2025-04,БІ,T4011h,2.0,2.2045374
2025-05,БІ,T4011h,4.0,2.6063519
2025-06,БІ,T4011h,5.0,2.7561529
2024-07,Віват Канцелярія,T4011h,1.0,0.0
2024-08,Віват Канцелярія,T4011h,1.0,0.0
2024-09,Віват Канцелярія,T4011h,0.0,0.0
2024-10,Віват Канцелярія,T4011h,3.0,0.0
2024-11,Віват Канцелярія,T4011h,0.0,0.0
2024-12,Віват Канцелярія,T4011h,0.0,1.1431953
2025-01,Віват Канцелярія,T4011h,0.0,0.0
2025-02,Віват Канцелярія,T4011h,0.0,0.0
2025-03,Віват Канцелярія,T4011h,1.0,0.0
2025-04,Віват Канцелярія,T4011h,0.0,0.0
2025-05,Віват Канцелярія,T4011h,0.0,0.0
2025-06,Віват Канцелярія,T4011h,0.0,0.0
2024-07,Епіцентр,T4011h,3.0,0.17067799
2024-08,Епіцентр,T4011h,3.0,0.2682761
2024-09,Епіцентр,T4011h,0.0,0.0
2024-10,Епіцентр,T4011h,2.0,0.07378337
2024-11,Епіцентр,T4011h,1.0,0.2981577
2024-12,Епіцентр,T4011h,10.0,3.024458
2025-01,Епіцентр,T4011h,0.0,0.0
2025-02,Епіцентр,T4011h,2.0,0.23455235
2025-03,Епіцентр,T4011h,2.0,0.22903745
2025-04,Епіцентр,T4011h,0.0,0.0
2025-05,Епіцентр,T4011h,1.0,0.1971804
2025-06,Епіцентр,T4011h,2.0,0.0
2024-07,МайПлей,T4011h,0.0,0.0
2024-08,МайПлей,T4011h,0.0,0.0
2024-09,МайПлей,T4011h,1.0,0.0
2024-10,МайПлей,T4011h,1.0,0.041190036
2024-11,МайПлей,T4011h,1.0,0.08485837
2024-12,МайПлей,T4011h,7.0,2.1853273
2025-01,МайПлей,T4011h,4.0,0.82151717
2025-02,МайПлей,T4011h,1.0,0.3243975
2025-03,МайПлей,T4011h,1.0,0.1821726
2025-04,МайПлей,T4011h,1.0,0.11827193
2025-05,МайПлей,T4011h,0.0,0.0
2025-06,МайПлей,T4011h,0.0,0.0
2024-07,Монако,T4011h,0.0,0.0
2024-08,Монако,T4011h,1.0,0.0
2024-09,Монако,T4011h,0.0,0.0
2024-10,Монако,T4011h,0.0,0.0
2024-11,Монако,T4011h,1.0,0.0
2024-12,Монако,T4011h,0.0,0.18199363
2025-01,Монако,T4011h,0.0,0.0
2025-02,Монако,T4011h,0.0,0.0
2025-03,Монако,T4011h,0.0,0.0
2025-04,Монако,T4011h,0.0,0.0
2025-05,Монако,T4011h,0.0,0.0
2025-06,Монако,T4011h,0.0,0.0
2024-07,Росицька ФОП,T4011h,0.0,0.0
2024-08,Росицька ФОП,T4011h,0.0,0.0
2024-09,Росицька ФОП,T4011h,0.0,0.0
2024-10,Росицька ФОП,T4011h,0.0,0.0
2024-11,Росицька ФОП,T4011h,1.0,0.0
2024-12,Росицька ФОП,T4011h,0.0,0.19136041
2025-01,Росицька ФОП,T4011h,0.0,0.0
2025-02,Росицька ФОП,T4011h,0.0,0.0
2025-03,Росицька ФОП,T4011h,0.0,0.0
2025-04,Росицька ФОП,T4011h,1.0,0.0
2025-05,Росицька ФОП,T4011h,0.0,0.0
2025-06,Росицька ФОП,T4011h,0.0,0.0
2024-07,Чудо Острів,T4011h,3.0,0.5847819
2024-08,Чудо Острів,T4011h,3.0,0.4548498
2024-09,Чудо Острів,T4011h,1.0,0.21991734
2024-10,Чудо Острів,T4011h,1.0,0.36353582
2024-11,Чудо Острів,T4011h,1.0,0.46365806
2024-12,Чудо Острів,T4011h,9.0,4.905796
2025-01,Чудо Острів,T4011h,5.0,1.5861578
2025-02,Чудо Острів,T4011h,3.0,0.6108037
2025-03,Чудо Острів,T4011h,2.0,0.5608662
2025-04,Чудо Острів,T4011h,4.0,0.526637
2025-05,Чудо Острів,T4011h,1.0,0.52760005
2025-06,Чудо Острів,T4011h,2.0,0.1475763
2024-07,ІМ-МауДау,T4012h,2.0,0.07106115
2024-08,ІМ-МауДау,T4012h,0.0,0.0
2024-09,ІМ-МауДау,T4012h,0.0,0.0
2024-10,ІМ-МауДау,T4012h,0.0,0.0
2024-11,ІМ-МауДау,T4012h,0.0,0.0
2024-12,ІМ-МауДау,T4012h,0.0,0.11351371
2025-01,ІМ-МауДау,T4012h,0.0,0.0
2025-02,ІМ-МауДау,T4012h,1.0,0.0
2025-03,ІМ-МауДау,T4012h,0.0,0.0
2025-04,ІМ-МауДау,T4012h,0.0,0.0
2025-05,ІМ-МауДау,T4012h,0.0,0.0
2025-06,ІМ-МауДау,T4012h,0.0,0.0
2024-07,ІМ-Розетка,T4012h,9.0,5.205499
2024-08,ІМ-Розетка,T4012h,13.0,5.6462417
2024-09,ІМ-Розетка,T4012h,11.0,5.6630945
2024-10,ІМ-Розетка,T4012h,12.0,6.1300077
2024-11,ІМ-Розетка,T4012h,23.0,9.832335
2024-12,ІМ-Розетка,T4012h,46.0,46.110218
2025-01,ІМ-Розетка,T4012h,19.0,8.23376
2025-02,ІМ-Розетка,T4012h,20.0,4.7651453
2025-03,ІМ-Розетка,T4012h,1.0,2.4649813
2025-04,ІМ-Розетка,T4012h,0.0,0.0
2025-05,ІМ-Розетка,T4012h,0.0,0.0
2025-06,ІМ-Розетка,T4012h,0.0,0.0
2024-07,Акварель,T4012h,9.0,3.6937206
2024-08,Акварель,T4012h,4.0,3.7739372
2024-09,Акварель,T4012h,4.0,3.2022138
2024-10,Акварель,T4012h,19.0,3.5277162
2024-11,Акварель,T4012h,11.0,5.0796356
2024-12,Акварель,T4012h,14.0,12.735493
2025-01,Акварель,T4012h,13.0,5.0634894
2025-02,Акварель,T4012h,10.0,4.1269994
2025-03,Акварель,T4012h,10.0,3.9760633
2025-04,Акварель,T4012h,4.0,3.776105
2025-05,Акварель,T4012h,6.0,2.7121313
2025-06,Акварель,T4012h,6.0,2.112831
2024-07,Антошка,T4012h,1.0,0.5839601
2024-08,Антошка,T4012h,1.0,0.5568465
2024-09,Антошка,T4012h,2.0,0.5115141
2024-10,Антошка,T4012h,2.0,0.6829106
2024-11,Антошка,T4012h,3.0,1.0359397
2024-12,Антошка,T4012h,8.0,4.0615034
2025-01,Антошка,T4012h,2.0,1.1690537
2025-02,Антошка,T4012h,3.0,1.0393199
2025-03,Антошка,T4012h,1.0,2.1695375
2025-04,Антошка,T4012h,4.0,0.89187026
2025-05,Антошка,T4012h,6.0,0.8283898
2025-06,Антошка,T4012h,2.0,0.7581395
2024-07,БІ,T4012h,14.0,8.093764
2024-08,БІ,T4012h,18.0,7.123754
2024-09,БІ,T4012h,18.0,7.731772
2024-10,БІ,T4012h,17.0,7.6640463
2024-11,БІ,T4012h,26.0,9.783042
2024-12,БІ,T4012h,58.0,28.638906
2025-01,БІ,T4012h,34.0,14.177493
2025-02,БІ,T4012h,19.0,12.949327
2025-03,БІ,T4012h,21.0,10.567813
2025-04,БІ,T4012h,24.0,6.397838
2025-05,БІ,T4012h,22.0,7.7376323
2025-06,БІ,T4012h,11.0,8.048717
2024-07,Віват Канцелярія,T4012h,2.0,0.6895521
2024-08,Віват Канцелярія,T4012h,6.0,1.5276078
2024-09,Віват Канцелярія,T4012h,8.0,2.1489737
2024-10,Віват Канцелярія,T4012h,3.0,2.0548623
2024-11,Віват Канцелярія,T4012h,11.0,2.8045397
2024-12,Віват Канцелярія,T4012h,9.0,10.19476
2025-01,Віват Канцелярія,T4012h,7.0,2.805454
2025-02,Віват Канцелярія,T4012h,4.0,2.8619251
2025-03,Віват Канцелярія,T4012h,4.0,1.6355534
2025-04,Віват Канцелярія,T4012h,3.0,1.2253757
2025-05,Віват Канцелярія,T4012h,2.0,0.8895589
2025-06,Віват Канцелярія,T4012h,5.0,0.7417317
2024-07,Еліпс,T4012h,0.0,0.0
2024-08,Еліпс,T4012h,1.0,0.035894707
2024-09,Еліпс,T4012h,0.0,0.0
2024-10,Еліпс,T4012h,2.0,0.23422605
2024-11,Еліпс,T4012h,2.0,0.35398382
2024-12,Еліпс,T4012h,1.0,0.30298772
2025-01,Еліпс,T4012h,1.0,0.10256767
2025-02,Еліпс,T4012h,0.0,0.0
2025-03,Еліпс,T4012h,0.0,0.0
2025-04,Еліпс,T4012h,0.0,0.0
2025-05,Еліпс,T4012h,0.0,0.0
2025-06,Еліпс,T4012h,0.0,0.0
2024-07,Епіцентр,T4012h,8.0,1.9026711
2024-08,Епіцентр,T4012h,11.0,1.7676998
2024-09,Епіцентр,T4012h,3.0,1.59386
2024-10,Епіцентр,T4012h,6.0,1.8867762
2024-11,Епіцентр,T4012h,10.0,2.7684867
2024-12,Епіцентр,T4012h,31.0,10.417329
2025-01,Епіцентр,T4012h,14.0,4.8241773
2025-02,Епіцентр,T4012h,8.0,3.013701
2025-03,Епіцентр,T4012h,8.0,2.016809
2025-04,Епіцентр,T4012h,0.0,0.60210985
2025-05,Епіцентр,T4012h,6.0,1.4968218
2025-06,Епіцентр,T4012h,3.0,1.1890363
2024-07,Клас,T4012h,0.0,0.0
2024-08,Клас,T4012h,0.0,0.0
2024-09,Клас,T4012h,0.0,0.0
2024-10,Клас,T4012h,4.0,0.0
2024-11,Клас,T4012h,4.0,0.68758184
2024-12,Клас,T4012h,1.0,1.079216
2025-01,Клас,T4012h,0.0,0.028770704
2025-02,Клас,T4012h,0.0,0.0
2025-03,Клас,T4012h,1.0,0.0
2025-04,Клас,T4012h,0.0,0.0
2025-05,Клас,T4012h,0.0,0.0
2025-06,Клас,T4012h,0.0,0.0
2024-07,МайПлей,T4012h,4.0,0.45135486
2024-08,МайПлей,T4012h,2.0,0.61362684
2024-09,МайПлей,T4012h,3.0,0.7040541
2024-10,МайПлей,T4012h,2.0,0.63015646
2024-11,МайПлей,T4012h,2.0,0.8081753
2024-12,МайПлей,T4012h,7.0,3.3675873
2025-01,МайПлей,T4012h,0.0,0.8133175
2025-02,МайПлей,T4012h,2.0,0.29731664
2025-03,МайПлей,T4012h,1.0,0.4573108
2025-04,МайПлей,T4012h,2.0,0.2989779
2025-05,МайПлей,T4012h,1.0,0.21241784
2025-06,МайПлей,T4012h,0.0,0.05105971
2024-07,Мегамаркет,T4012h,1.0,0.0
2024-08,Мегамаркет,T4012h,2.0,0.0
2024-09,Мегамаркет,T4012h,0.0,0.0
2024-10,Мегамаркет,T4012h,0.0,0.0
2024-11,Мегамаркет,T4012h,1.0,0.0
2024-12,Мегамаркет,T4012h,1.0,0.63388646
2025-01,Мегамаркет,T4012h,2.0,0.0
2025-02,Мегамаркет,T4012h,0.0,0.0
2025-03,Мегамаркет,T4012h,2.0,0.0
2025-04,Мегамаркет,T4012h,1.0,0.0
2025-05,Мегамаркет,T4012h,1.0,0.0
2025-06,Мегамаркет,T4012h,0.0,0.0
2024-07,Монако,T4012h,1.0,0.09848456
2024-08,Монако,T4012h,2.0,0.24686468
2024-09,Монако,T4012h,1.0,0.33091095
2024-10,Монако,T4012h,3.0,0.41368487
2024-11,Монако,T4012h,2.0,0.57213765
2024-12,Монако,T4012h,0.0,0.4211767
2025-01,Монако,T4012h,0.0,0.0
2025-02,Монако,T4012h,2.0,0.2999466
2025-03,Монако,T4012h,0.0,0.0
2025-04,Монако,T4012h,0.0,0.0
2025-05,Монако,T4012h,0.0,0.0
2025-06,Монако,T4012h,0.0,0.0
2024-07,РОСТ,T4012h,1.0,0.0
2024-08,РОСТ,T4012h,3.0,0.0
2024-09,РОСТ,T4012h,0.0,0.0
2024-10,РОСТ,T4012h,0.0,0.0
2024-11,РОСТ,T4012h,1.0,0.0
2024-12,РОСТ,T4012h,4.0,0.69534934
2025-01,РОСТ,T4012h,4.0,0.34036216
2025-02,РОСТ,T4012h,3.0,0.4428189
2025-03,РОСТ,T4012h,2.0,0.07490374
2025-04,РОСТ,T4012h,1.0,0.0
2025-05,РОСТ,T4012h,1.0,0.0
2025-06,РОСТ,T4012h,0.0,0.0
2024-07,Росицька ФОП,T4012h,0.0,0.0
2024-08,Росицька ФОП,T4012h,0.0,0.0
2024-09,Росицька ФОП,T4012h,0.0,0.0
2024-10,Росицька ФОП,T4012h,1.0,0.0
2024-11,Росицька ФОП,T4012h,2.0,0.0
2024-12,Росицька ФОП,T4012h,0.0,0.43195778
2025-01,Росицька ФОП,T4012h,1.0,0.0
2025-02,Росицька ФОП,T4012h,1.0,0.0
2025-03,Росицька ФОП,T4012h,0.0,0.0
2025-04,Росицька ФОП,T4012h,1.0,0.0
2025-05,Росицька ФОП,T4012h,0.0,0.0
2025-06,Росицька ФОП,T4012h,0.0,0.0
2024-07,Супрун ФОП,T4012h,0.0,0.3902368
2024-08,Супрун ФОП,T4012h,0.0,0.08777431
2024-09,Супрун ФОП,T4012h,1.0,0.41975015
2024-10,Супрун ФОП,T4012h,0.0,0.031993177
2024-11,Супрун ФОП,T4012h,0.0,0.04836511
2024-12,Супрун ФОП,T4012h,5.0,1.0145563
2025-01,Супрун ФОП,T4012h,2.0,0.53028804
2025-02,Супрун ФОП,T4012h,1.0,0.46213356
2025-03,Супрун ФОП,T4012h,0.0,0.0
2025-04,Супрун ФОП,T4012h,0.0,0.0
2025-05,Супрун ФОП,T4012h,0.0,0.0
2025-06,Супрун ФОП,T4012h,0.0,0.0
2024-07,ІМ-Розетка,T4017h,0.0,1.3211946
2024-08,ІМ-Розетка,T4017h,3.0,1.3021613
2024-09,ІМ-Розетка,T4017h,0.0,1.5994424
2024-10,ІМ-Розетка,T4017h,2.0,1.2572492
2024-11,ІМ-Розетка,T4017h,13.0,2.358874
2024-12,ІМ-Розетка,T4017h,28.0,20.55738
2025-01,ІМ-Розетка,T4017h,6.0,4.6598625
2025-02,ІМ-Розетка,T4017h,6.0,1.7272701
2025-03,ІМ-Розетка,T4017h,3.0,1.3754548
2025-04,ІМ-Розетка,T4017h,0.0,0.8192254
2025-05,ІМ-Розетка,T4017h,2.0,1.1414589
2025-06,ІМ-Розетка,T4017h,4.0,0.7380265
2024-07,Акварель,T4017h,4.0,1.6670203
2024-08,Акварель,T4017h,6.0,2.052381
2024-09,Акварель,T4017h,8.0,1.9111979
2024-10,Акварель,T4017h,4.0,2.2986653
2024-11,Акварель,T4017h,5.0,2.6800807
2024-12,Акварель,T4017h,20.0,13.760689
2025-01,Акварель,T4017h,8.0,4.690435
2025-02,Акварель,T4017h,7.0,2.3481321
2025-03,Акварель,T4017h,7.0,2.2704012
2025-04,Акварель,T4017h,10.0,2.1783078
2025-05,Акварель,T4017h,5.0,2.8039274
2025-06,Акварель,T4017h,3.0,2.1700792
2024-07,Антошка,T4017h,0.0,0.0
2024-08,Антошка,T4017h,0.0,0.0
2024-09,Антошка,T4017h,0.0,0.0
2024-10,Антошка,T4017h,0.0,0.0
2024-11,Антошка,T4017h,1.0,0.09716911
2024-12,Антошка,T4017h,1.0,2.009137
2025-01,Антошка,T4017h,1.0,0.19991896
2025-02,Антошка,T4017h,0.0,0.0
2025-03,Антошка,T4017h,0.0,0.0
2025-04,Антошка,T4017h,0.0,0.0
2025-05,Антошка,T4017h,2.0,0.0
2025-06,Антошка,T4017h,0.0,0.0
2024-07,БІ,T4017h,10.0,4.013325
2024-08,БІ,T4017h,10.0,4.5757837
2024-09,БІ,T4017h,6.0,4.5335364
2024-10,БІ,T4017h,9.0,4.697778
2024-11,БІ,T4017h,12.0,7.0335593
2024-12,БІ,T4017h,59.0,27.77969
2025-01,БІ,T4017h,15.0,12.31716
2025-02,БІ,T4017h,9.0,7.1139207
2025-03,БІ,T4017h,9.0,5.114596
2025-04,БІ,T4017h,11.0,4.3868685
2025-05,БІ,T4017h,6.0,3.9672265
2025-06,БІ,T4017h,16.0,4.1113305
2024-07,Віват Канцелярія,T4017h,3.0,0.16100441
2024-08,Віват Канцелярія,T4017h,3.0,0.45760754
2024-09,Віват Канцелярія,T4017h,3.0,0.4261432
2024-10,Віват Канцелярія,T4017h,3.0,0.6593418
2024-11,Віват Канцелярія,T4017h,1.0,1.0346615
2024-12,Віват Канцелярія,T4017h,8.0,4.5151143
2025-01,Віват Канцелярія,T4017h,7.0,1.4182873
2025-02,Віват Канцелярія,T4017h,1.0,1.0581999
2025-03,Віват Канцелярія,T4017h,1.0,0.58098704
2025-04,Віват Канцелярія,T4017h,0.0,0.5587184
2025-05,Віват Канцелярія,T4017h,1.0,0.013247387
2025-06,Віват Канцелярія,T4017h,1.0,0.13893794
2024-07,Епіцентр,T4017h,0.0,0.0
2024-08,Епіцентр,T4017h,3.0,0.23884022
2024-09,Епіцентр,T4017h,0.0,0.050343577
2024-10,Епіцентр,T4017h,0.0,0.020564292
2024-11,Епіцентр,T4017h,4.0,1.0096725
2024-12,Епіцентр,T4017h,12.0,5.817418
2025-01,Епіцентр,T4017h,13.0,1.9838837
2025-02,Епіцентр,T4017h,5.0,1.5873343
2025-03,Епіцентр,T4017h,1.0,0.5980845
2025-04,Епіцентр,T4017h,0.0,0.8309044
2025-05,Епіцентр,T4017h,4.0,0.574691
2025-06,Епіцентр,T4017h,0.0,0.18676369
2024-07,Клас,T4017h,0.0,0.0
2024-08,Клас,T4017h,0.0,0.0
2024-09,Клас,T4017h,0.0,0.0
2024-10,Клас,T4017h,0.0,0.0
2024-11,Клас,T4017h,0.0,0.0
2024-12,Клас,T4017h,0.0,0.0
2025-01,Клас,T4017h,0.0,0.0
2025-02,Клас,T4017h,1.0,0.0
2025-03,Клас,T4017h,0.0,0.0
2025-04,Клас,T4017h,0.0,0.0
2025-05,Клас,T4017h,0.0,0.0
2025-06,Клас,T4017h,0.0,0.0
2024-07,МайПлей,T4017h,0.0,0.0
2024-08,МайПлей,T4017h,1.0,0.0
2024-09,МайПлей,T4017h,1.0,0.07588015
2024-10,МайПлей,T4017h,1.0,0.15222773
2024-11,МайПлей,T4017h,3.0,0.73055977
2024-12,МайПлей,T4017h,4.0,3.9122486
2025-01,МайПлей,T4017h,2.0,0.9219534
2025-02,МайПлей,T4017h,1.0,0.36714277
2025-03,МайПлей,T4017h,1.0,0.21901226
2025-04,МайПлей,T4017h,1.0,0.13689728
2025-05,МайПлей,T4017h,2.0,0.05019997
2025-06,МайПлей,T4017h,1.0,0.0
2024-07,Монако,T4017h,0.0,0.0
2024-08,Монако,T4017h,0.0,0.0
2024-09,Монако,T4017h,0.0,0.0
2024-10,Монако,T4017h,0.0,0.0
2024-11,Монако,T4017h,0.0,0.0
2024-12,Монако,T4017h,0.0,0.0
2025-01,Монако,T4017h,0.0,0.0
2025-02,Монако,T4017h,0.0,0.0
2025-03,Монако,T4017h,0.0,0.0
2025-04,Монако,T4017h,0.0,0.0
2025-05,Монако,T4017h,0.0,0.0
2025-06,Монако,T4017h,1.0,0.0
2024-07,Смік,T4017h,1.0,0.0
2024-08,Смік,T4017h,1.0,0.0
2024-09,Смік,T4017h,0.0,0.0
2024-10,Смік,T4017h,1.0,0.0
2024-11,Смік,T4017h,1.0,0.2786689
2024-12,Смік,T4017h,1.0,1.7358712
2025-01,Смік,T4017h,2.0,0.14209105
2025-02,Смік,T4017h,0.0,0.0
2025-03,Смік,T4017h,1.0,0.0
2025-04,Смік,T4017h,0.0,0.0
2025-05,Смік,T4017h,0.0,0.0
2025-06,Смік,T4017h,1.0,0.0
2024-07,Чудо Острів,T4017h,4.0,0.76324064
2024-08,Чудо Острів,T4017h,1.0,0.5595724
2024-09,Чудо Острів,T4017h,0.0,0.6618773
2024-10,Чудо Острів,T4017h,0.0,0.27418077
2024-11,Чудо Острів,T4017h,6.0,0.5523978
2024-12,Чудо Острів,T4017h,14.0,7.3315635
2025-01,Чудо Острів,T4017h,5.0,2.4939082
2025-02,Чудо Острів,T4017h,5.0,1.5998058
2025-03,Чудо Острів,T4017h,2.0,0.99438447
2025-04,Чудо Острів,T4017h,4.0,0.7356606
2025-05,Чудо Острів,T4017h,4.0,0.75811225
2025-06,Чудо Острів,T4017h,7.0,0.95762825
2024-07,ІМ-Кідіс,T4018h,0.0,0.0
2024-08,ІМ-Кідіс,T4018h,1.0,0.09863568
2024-09,ІМ-Кідіс,T4018h,1.0,0.21451789
2024-10,ІМ-Кідіс,T4018h,1.0,0.25788432
2024-11,ІМ-Кідіс,T4018h,3.0,1.2449529
2024-12,ІМ-Кідіс,T4018h,11.0,3.0051675
2025-01,ІМ-Кідіс,T4018h,5.0,2.037427
2025-02,ІМ-Кідіс,T4018h,12.0,1.645843
2025-03,ІМ-Кідіс,T4018h,2.0,2.6949358
2025-04,ІМ-Кідіс,T4018h,0.0,0.8651652
2025-05,ІМ-Кідіс,T4018h,0.0,0.28953463
2025-06,ІМ-Кідіс,T4018h,3.0,0.0
2024-07,ІМ-Розетка,T4018h,4.0,4.6193557
2024-08,ІМ-Розетка,T4018h,9.0,2.6036754
2024-09,ІМ-Розетка,T4018h,14.0,3.1481798
2024-10,ІМ-Розетка,T4018h,16.0,4.9446487
2024-11,ІМ-Розетка,T4018h,24.0,9.974732
2024-12,ІМ-Розетка,T4018h,83.0,40.74835
2025-01,ІМ-Розетка,T4018h,18.0,11.111893
2025-02,ІМ-Розетка,T4018h,0.0,1.967365
2025-03,ІМ-Розетка,T4018h,3.0,1.7434744
2025-04,ІМ-Розетка,T4018h,2.0,2.1776896
2025-05,ІМ-Розетка,T4018h,3.0,1.2522858
2025-06,ІМ-Розетка,T4018h,2.0,0.7104175
2024-07,Акварель,T4018h,5.0,2.247309
2024-08,Акварель,T4018h,9.0,3.2810023
2024-09,Акварель,T4018h,9.0,3.7002537
2024-10,Акварель,T4018h,3.0,3.344815
2024-11,Акварель,T4018h,8.0,3.6096425
2024-12,Акварель,T4018h,28.0,15.806227
2025-01,Акварель,T4018h,9.0,6.6570764
2025-02,Акварель,T4018h,10.0,3.0424552
2025-03,Акварель,T4018h,10.0,3.568067
2025-04,Акварель,T4018h,11.0,2.6607106
2025-05,Акварель,T4018h,11.0,2.295594
2025-06,Акварель,T4018h,3.0,2.0754178
2024-07,Антошка,T4018h,0.0,0.0
2024-08,Антошка,T4018h,1.0,0.0
2024-09,Антошка,T4018h,0.0,0.0
2024-10,Антошка,T4018h,0.0,0.0
2024-11,Антошка,T4018h,0.0,0.0
2024-12,Антошка,T4018h,2.0,2.0614784
2025-01,Антошка,T4018h,0.0,0.0
2025-02,Антошка,T4018h,0.0,0.0
2025-03,Антошка,T4018h,0.0,0.0
2025-04,Антошка,T4018h,0.0,0.0
2025-05,Антошка,T4018h,0.0,0.0
2025-06,Антошка,T4018h,1.0,0.0
2024-07,БІ,T4018h,13.0,12.36199
2024-08,БІ,T4018h,29.0,8.298006
2024-09,БІ,T4018h,14.0,11.514762
2024-10,БІ,T4018h,12.0,8.626642
2024-11,БІ,T4018h,27.0,12.193053
2024-12,БІ,T4018h,102.0,54.290833
2025-01,БІ,T4018h,51.0,25.08827
2025-02,БІ,T4018h,29.0,16.989975
2025-03,БІ,T4018h,29.0,10.660161
2025-04,БІ,T4018h,22.0,9.256133
2025-05,БІ,T4018h,15.0,9.893385
2025-06,БІ,T4018h,15.0,7.218217
2024-07,Віват Канцелярія,T4018h,1.0,0.33560142
2024-08,Віват Канцелярія,T4018h,3.0,0.7895035
2024-09,Віват Канцелярія,T4018h,2.0,0.4675388
2024-10,Віват Канцелярія,T4018h,3.0,0.53249025
2024-11,Віват Канцелярія,T4018h,5.0,1.2545694
2024-12,Віват Канцелярія,T4018h,17.0,8.145591
2025-01,Віват Канцелярія,T4018h,12.0,2.9504032
2025-02,Віват Канцелярія,T4018h,7.0,2.2501345
2025-03,Віват Канцелярія,T4018h,3.0,1.8368968
2025-04,Віват Канцелярія,T4018h,1.0,1.0832503
2025-05,Віват Канцелярія,T4018h,1.0,0.6913216
2025-06,Віват Канцелярія,T4018h,7.0,0.30260724
2024-07,Епіцентр,T4018h,1.0,0.36349583
2024-08,Епіцентр,T4018h,6.0,0.40259755
2024-09,Епіцентр,T4018h,5.0,0.6668444
2024-10,Епіцентр,T4018h,6.0,0.8051905
2024-11,Епіцентр,T4018h,9.0,2.1149328
2024-12,Епіцентр,T4018h,18.0,10.392047
2025-01,Епіцентр,T4018h,12.0,4.3155165
2025-02,Епіцентр,T4018h,8.0,1.991706
2025-03,Епіцентр,T4018h,8.0,1.4546322
2025-04,Епіцентр,T4018h,0.0,1.435778
2025-05,Епіцентр,T4018h,1.0,1.1905655
2025-06,Епіцентр,T4018h,4.0,0.5142159
2024-07,Клас,T4018h,0.0,0.0
2024-08,Клас,T4018h,0.0,0.0
2024-09,Клас,T4018h,0.0,0.0
2024-10,Клас,T4018h,0.0,0.0
2024-11,Клас,T4018h,0.0,0.0
2024-12,Клас,T4018h,0.0,0.0
2025-01,Клас,T4018h,0.0,0.0
2025-02,Клас,T4018h,0.0,0.0
2025-03,Клас,T4018h,1.0,0.0
2025-04,Клас,T4018h,0.0,0.0
2025-05,Клас,T4018h,0.0,0.0
2025-06,Клас,T4018h,0.0,0.0
2024-07,МайПлей,T4018h,5.0,0.5964009
2024-08,МайПлей,T4018h,0.0,0.33763433
2024-09,МайПлей,T4018h,1.0,0.29614815
2024-10,МайПлей,T4018h,3.0,0.5230491
2024-11,МайПлей,T4018h,3.0,0.99429387
2024-12,МайПлей,T4018h,13.0,5.269272
2025-01,МайПлей,T4018h,3.0,1.8354822
2025-02,МайПлей,T4018h,2.0,0.9393914
2025-03,МайПлей,T4018h,2.0,0.26698843
2025-04,МайПлей,T4018h,0.0,0.28041175
2025-05,МайПлей,T4018h,0.0,0.0
2025-06,МайПлей,T4018h,2.0,0.0
2024-07,Мегамаркет,T4018h,0.0,0.0
2024-08,Мегамаркет,T4018h,0.0,0.0
2024-09,Мегамаркет,T4018h,1.0,0.0
2024-10,Мегамаркет,T4018h,1.0,0.0
2024-11,Мегамаркет,T4018h,1.0,0.0
2024-12,Мегамаркет,T4018h,1.0,0.352336
2025-01,Мегамаркет,T4018h,0.0,0.0
2025-02,Мегамаркет,T4018h,1.0,0.0
2025-03,Мегамаркет,T4018h,0.0,0.0
2025-04,Мегамаркет,T4018h,1.0,0.0
2025-05,Мегамаркет,T4018h,0.0,0.0
2025-06,Мегамаркет,T4018h,0.0,0.0
2024-07,РОСТ,T4018h,0.0,0.0
2024-08,РОСТ,T4018h,0.0,0.0
2024-09,РОСТ,T4018h,0.0,0.0
2024-10,РОСТ,T4018h,0.0,0.0
2024-11,РОСТ,T4018h,0.0,0.0
2024-12,РОСТ,T4018h,0.0,0.0
2025-01,РОСТ,T4018h,0.0,0.0
2025-02,РОСТ,T4018h,0.0,0.0
2025-03,РОСТ,T4018h,0.0,0.0
2025-04,РОСТ,T4018h,0.0,0.0
2025-05,РОСТ,T4018h,0.0,0.0
2025-06,РОСТ,T4018h,0.0,0.0
2024-07,Росицька ФОП,T4018h,0.0,0.0
2024-08,Росицька ФОП,T4018h,1.0,0.0
2024-09,Росицька ФОП,T4018h,0.0,0.0
2024-10,Росицька ФОП,T4018h,0.0,0.0
2024-11,Росицька ФОП,T4018h,0.0,0.0
2024-12,Росицька ФОП,T4018h,1.0,0.2745971
2025-01,Росицька ФОП,T4018h,1.0,0.0
2025-02,Росицька ФОП,T4018h,1.0,0.0
2025-03,Росицька ФОП,T4018h,0.0,0.0
2025-04,Росицька ФОП,T4018h,1.0,0.0
2025-05,Росицька ФОП,T4018h,0.0,0.0
2025-06,Росицька ФОП,T4018h,0.0,0.0
2024-07,Чудо Острів,T4018h,3.0,0.38923815
2024-08,Чудо Острів,T4018h,5.0,0.65190744
2024-09,Чудо Острів,T4018h,2.0,0.46600252
2024-10,Чудо Острів,T4018h,2.0,0.7675079
2024-11,Чудо Острів,T4018h,9.0,1.9065797
2024-12,Чудо Острів,T4018h,28.0,9.481262
2025-01,Чудо Острів,T4018h,7.0,6.7184234
2025-02,Чудо Острів,T4018h,7.0,2.5754771
2025-03,Чудо Острів,T4018h,6.0,2.1815279
2025-04,Чудо Острів,T4018h,1.0,1.7723386
2025-05,Чудо Острів,T4018h,5.0,1.1133964
2025-06,Чудо Острів,T4018h,2.0,1.3276215
2024-07,ІМ-Розетка,T4019h,2.0,2.4058843
2024-08,ІМ-Розетка,T4019h,2.0,1.527214
2024-09,ІМ-Розетка,T4019h,5.0,1.5711696
2024-10,ІМ-Розетка,T4019h,1.0,2.0034869
2024-11,ІМ-Розетка,T4019h,15.0,3.7152245
2024-12,ІМ-Розетка,T4019h,41.0,26.329298
2025-01,ІМ-Розетка,T4019h,13.0,5.8847733
2025-02,ІМ-Розетка,T4019h,12.0,2.5199547
2025-03,ІМ-Розетка,T4019h,12.0,4.065928
2025-04,ІМ-Розетка,T4019h,5.0,2.9358232
2025-05,ІМ-Розетка,T4019h,6.0,2.7937536
2025-06,ІМ-Розетка,T4019h,5.0,1.3363479
2024-07,Акварель,T4019h,6.0,1.5829893
2024-08,Акварель,T4019h,2.0,1.6811305
2024-09,Акварель,T4019h,3.0,1.3535079
2024-10,Акварель,T4019h,10.0,2.255672
2024-11,Акварель,T4019h,8.0,2.9491725
2024-12,Акварель,T4019h,29.0,14.99561
2025-01,Акварель,T4019h,7.0,5.542192
2025-02,Акварель,T4019h,7.0,2.2552738
2025-03,Акварель,T4019h,9.0,2.7747715
2025-04,Акварель,T4019h,6.0,2.7318027
2025-05,Акварель,T4019h,2.0,2.5211315
2025-06,Акварель,T4019h,3.0,2.3707085
2024-07,Антошка,T4019h,3.0,0.67636454
2024-08,Антошка,T4019h,4.0,1.1642888
2024-09,Антошка,T4019h,2.0,0.8366824
2024-10,Антошка,T4019h,5.0,0.824802
2024-11,Антошка,T4019h,4.0,1.5804955
2024-12,Антошка,T4019h,9.0,9.578115
2025-01,Антошка,T4019h,6.0,2.0561197
2025-02,Антошка,T4019h,2.0,0.7056733
2025-03,Антошка,T4019h,5.0,0.6885689
2025-04,Антошка,T4019h,4.0,1.2122906
2025-05,Антошка,T4019h,0.0,0.7774066
2025-06,Антошка,T4019h,2.0,0.42455348
2024-07,БІ,T4019h,9.0,2.6171424
2024-08,БІ,T4019h,8.0,3.5939193
2024-09,БІ,T4019h,6.0,2.9249353
2024-10,БІ,T4019h,6.0,2.994582
2024-11,БІ,T4019h,6.0,4.2776227
2024-12,БІ,T4019h,41.0,15.344651
2025-01,БІ,T4019h,14.0,8.018701
2025-02,БІ,T4019h,4.0,3.266218
2025-03,БІ,T4019h,6.0,1.9300951
2025-04,БІ,T4019h,5.0,1.8682604
2025-05,БІ,T4019h,2.0,2.1973574
2025-06,БІ,T4019h,2.0,2.5202694
2024-07,Віват Канцелярія,T4019h,6.0,0.25283775
2024-08,Віват Канцелярія,T4019h,3.0,0.79571307
2024-09,Віват Канцелярія,T4019h,0.0,0.38669115
2024-10,Віват Канцелярія,T4019h,4.0,0.7069354
2024-11,Віват Канцелярія,T4019h,1.0,0.7657309
2024-12,Віват Канцелярія,T4019h,9.0,6.1281176
2025-01,Віват Канцелярія,T4019h,2.0,1.5006195
2025-02,Віват Канцелярія,T4019h,6.0,0.60970247
2025-03,Віват Канцелярія,T4019h,2.0,0.83787626
2025-04,Віват Канцелярія,T4019h,1.0,0.6591972
2025-05,Віват Канцелярія,T4019h,0.0,0.91453713
2025-06,Віват Канцелярія,T4019h,2.0,0.07699995
2024-07,Епіцентр,T4019h,5.0,0.5872543
2024-08,Епіцентр,T4019h,3.0,0.63137305
2024-09,Епіцентр,T4019h,3.0,0.58072907
2024-10,Епіцентр,T4019h,2.0,0.573075
2024-11,Епіцентр,T4019h,6.0,1.4589916
2024-12,Епіцентр,T4019h,28.0,9.968747
2025-01,Епіцентр,T4019h,8.0,4.0921097
2025-02,Епіцентр,T4019h,3.0,1.9520504
2025-03,Епіцентр,T4019h,3.0,1.0736809
2025-04,Епіцентр,T4019h,0.0,0.9205783
2025-05,Епіцентр,T4019h,2.0,1.1138076
2025-06,Епіцентр,T4019h,3.0,0.42901516
2024-07,Клас,T4019h,0.0,0.0
2024-08,Клас,T4019h,3.0,0.0
2024-09,Клас,T4019h,0.0,0.0
2024-10,Клас,T4019h,0.0,0.0
2024-11,Клас,T4019h,0.0,0.0
2024-12,Клас,T4019h,2.0,0.5129837
2025-01,Клас,T4019h,1.0,0.0
2025-02,Клас,T4019h,1.0,0.0
2025-03,Клас,T4019h,1.0,0.0
2025-04,Клас,T4019h,0.0,0.0
2025-05,Клас,T4019h,0.0,0.0
2025-06,Клас,T4019h,1.0,0.0
2024-07,МайПлей,T4019h,1.0,0.13329205
2024-08,МайПлей,T4019h,0.0,0.0
2024-09,МайПлей,T4019h,0.0,0.0
2024-10,МайПлей,T4019h,1.0,0.0
2024-11,МайПлей,T4019h,1.0,0.24100854
2024-12,МайПлей,T4019h,5.0,2.6721785
2025-01,МайПлей,T4019h,3.0,0.932512
2025-02,МайПлей,T4019h,1.0,0.35636482
2025-03,МайПлей,T4019h,0.0,0.030285552
2025-04,МайПлей,T4019h,0.0,0.0
2025-05,МайПлей,T4019h,0.0,0.0
2025-06,МайПлей,T4019h,0.0,0.0
2024-07,Мегамаркет,T4019h,1.0,0.0
2024-08,Мегамаркет,T4019h,1.0,0.0
2024-09,Мегамаркет,T4019h,0.0,0.0
2024-10,Мегамаркет,T4019h,1.0,0.0
2024-11,Мегамаркет,T4019h,0.0,0.0
2024-12,Мегамаркет,T4019h,2.0,0.39938426
2025-01,Мегамаркет,T4019h,0.0,0.0
2025-02,Мегамаркет,T4019h,2.0,0.0
2025-03,Мегамаркет,T4019h,1.0,0.0
2025-04,Мегамаркет,T4019h,1.0,0.0
2025-05,Мегамаркет,T4019h,0.0,0.0
2025-06,Мегамаркет,T4019h,1.0,0.0
2024-07,Монако,T4019h,1.0,0.0
2024-08,Монако,T4019h,0.0,0.0
2024-09,Монако,T4019h,2.0,0.022305707
2024-10,Монако,T4019h,2.0,0.0
2024-11,Монако,T4019h,0.0,0.0
2024-12,Монако,T4019h,0.0,0.040256146
2025-01,Монако,T4019h,0.0,0.0
2025-02,Монако,T4019h,0.0,0.0
2025-03,Монако,T4019h,1.0,0.0
2025-04,Монако,T4019h,0.0,0.0
2025-05,Монако,T4019h,0.0,0.0
2025-06,Монако,T4019h,1.0,0.0
2024-07,Новая Лінія,T4019h,0.0,0.0
2024-08,Новая Лінія,T4019h,0.0,0.0
2024-09,Новая Лінія,T4019h,0.0,0.0
2024-10,Новая Лінія,T4019h,0.0,0.0
2024-11,Новая Лінія,T4019h,1.0,0.0
2024-12,Новая Лінія,T4019h,0.0,0.0
2025-01,Новая Лінія,T4019h,1.0,0.0
2025-02,Новая Лінія,T4019h,1.0,0.0
2025-03,Новая Лінія,T4019h,0.0,0.0
2025-04,Новая Лінія,T4019h,0.0,0.0
2025-05,Новая Лінія,T4019h,0.0,0.0
2025-06,Новая Лінія,T4019h,0.0,0.0
2024-07,РОСТ,T4019h,0.0,0.0
2024-08,РОСТ,T4019h,1.0,0.0
2024-09,РОСТ,T4019h,0.0,0.0
2024-10,РОСТ,T4019h,0.0,0.0
2024-11,РОСТ,T4019h,0.0,0.0
2024-12,РОСТ,T4019h,0.0,0.0
2025-01,РОСТ,T4019h,0.0,0.0
2025-02,РОСТ,T4019h,0.0,0.0
2025-03,РОСТ,T4019h,0.0,0.0
2025-04,РОСТ,T4019h,0.0,0.0
2025-05,РОСТ,T4019h,0.0,0.0
2025-06,РОСТ,T4019h,0.0,0.0
2024-07,Смік,T4019h,0.0,0.0
2024-08,Смік,T4019h,0.0,0.0
2024-09,Смік,T4019h,0.0,0.0
2024-10,Смік,T4019h,0.0,0.0
2024-11,Смік,T4019h,0.0,0.0
2024-12,Смік,T4019h,5.0,0.6335491
2025-01,Смік,T4019h,2.0,0.35081235
2025-02,Смік,T4019h,1.0,0.11206366
2025-03,Смік,T4019h,0.0,0.036393598
2025-04,Смік,T4019h,0.0,0.0
2025-05,Смік,T4019h,2.0,0.0
2025-06,Смік,T4019h,3.0,0.0
2024-07,Чудо Острів,T4019h,1.0,0.36801887
2024-08,Чудо Острів,T4019h,0.0,0.38565913
2024-09,Чудо Острів,T4019h,3.0,0.13401128
2024-10,Чудо Острів,T4019h,4.0,0.7436369
2024-11,Чудо Острів,T4019h,8.0,1.9868938
2024-12,Чудо Острів,T4019h,13.0,8.586249
2025-01,Чудо Острів,T4019h,7.0,3.4122815
2025-02,Чудо Острів,T4019h,2.0,1.2992865
2025-03,Чудо Острів,T4019h,4.0,0.9229219
2025-04,Чудо Острів,T4019h,2.0,0.7657692
2025-05,Чудо Острів,T4019h,5.0,0.5019256
2025-06,Чудо Острів,T4019h,3.0,0.7708607
2024-07,ІМ-Розетка,T4031h,1.0,0.60756755
2024-08,ІМ-Розетка,T4031h,1.0,0.70093817
2024-09,ІМ-Розетка,T4031h,1.0,0.52468187
2024-10,ІМ-Розетка,T4031h,0.0,0.0377777
2024-11,ІМ-Розетка,T4031h,1.0,0.32378924
2024-12,ІМ-Розетка,T4031h,2.0,5.3446436
2025-01,ІМ-Розетка,T4031h,0.0,0.0
2025-02,ІМ-Розетка,T4031h,0.0,0.0
2025-03,ІМ-Розетка,T4031h,0.0,0.0
2025-04,ІМ-Розетка,T4031h,0.0,0.0
2025-05,ІМ-Розетка,T4031h,0.0,0.0
2025-06,ІМ-Розетка,T4031h,0.0,0.0
2024-07,Акварель,T4031h,19.0,5.181794
2024-08,Акварель,T4031h,9.0,7.036251
2024-09,Акварель,T4031h,18.0,5.871258
2024-10,Акварель,T4031h,19.0,6.264601
2024-11,Акварель,T4031h,17.0,6.9987526
2024-12,Акварель,T4031h,53.0,26.318745
2025-01,Акварель,T4031h,19.0,9.655
2025-02,Акварель,T4031h,12.0,5.539151
2025-03,Акварель,T4031h,11.0,5.519375
2025-04,Акварель,T4031h,6.0,3.1290877
2025-05,Акварель,T4031h,12.0,2.8257532
2025-06,Акварель,T4031h,5.0,3.230418
2024-07,Антошка,T4031h,2.0,0.3974803
2024-08,Антошка,T4031h,1.0,0.44215757
2024-09,Антошка,T4031h,0.0,0.24724324
2024-10,Антошка,T4031h,6.0,0.6318011
2024-11,Антошка,T4031h,3.0,1.0136636
2024-12,Антошка,T4031h,14.0,6.6199737
2025-01,Антошка,T4031h,9.0,1.9244552
2025-02,Антошка,T4031h,4.0,0.91195595
2025-03,Антошка,T4031h,0.0,0.0
2025-04,Антошка,T4031h,0.0,0.0
2025-05,Антошка,T4031h,2.0,0.33028916
2025-06,Антошка,T4031h,3.0,0.17299964
2024-07,БІ,T4031h,22.0,11.76586
2024-08,БІ,T4031h,19.0,10.713729
2024-09,БІ,T4031h,19.0,10.480342
2024-10,БІ,T4031h,24.0,9.87235
2024-11,БІ,T4031h,22.0,10.345225
2024-12,БІ,T4031h,90.0,37.254097
2025-01,БІ,T4031h,22.0,14.819794
2025-02,БІ,T4031h,21.0,8.837954
2025-03,БІ,T4031h,13.0,7.1803575
2025-04,БІ,T4031h,8.0,4.5805545
2025-05,БІ,T4031h,8.0,3.7097359
2025-06,БІ,T4031h,6.0,3.1508262
2024-07,Віват Канцелярія,T4031h,2.0,0.92636895
2024-08,Віват Канцелярія,T4031h,9.0,1.6608545
2024-09,Віват Канцелярія,T4031h,9.0,3.3280938
2024-10,Віват Канцелярія,T4031h,3.0,3.0279512
2024-11,Віват Канцелярія,T4031h,7.0,2.9828336
2024-12,Віват Канцелярія,T4031h,28.0,11.72889
2025-01,Віват Канцелярія,T4031h,5.0,3.3492901
2025-02,Віват Канцелярія,T4031h,4.0,1.9999114
2025-03,Віват Канцелярія,T4031h,4.0,1.4203904
2025-04,Віват Канцелярія,T4031h,3.0,0.9588648
2025-05,Віват Канцелярія,T4031h,4.0,1.0030528
2025-06,Віват Канцелярія,T4031h,4.0,0.80823827
2024-07,Епіцентр,T4031h,8.0,1.8986772
2024-08,Епіцентр,T4031h,4.0,2.1823456
2024-09,Епіцентр,T4031h,8.0,1.8555356
2024-10,Епіцентр,T4031h,8.0,2.436865
2024-11,Епіцентр,T4031h,11.0,2.7931278
2024-12,Епіцентр,T4031h,41.0,12.423073
2025-01,Епіцентр,T4031h,8.0,5.606885
2025-02,Епіцентр,T4031h,8.0,2.2404869
2025-03,Епіцентр,T4031h,8.0,1.6883501
2025-04,Епіцентр,T4031h,0.0,0.31196645
2025-05,Епіцентр,T4031h,7.0,1.2652817
2025-06,Епіцентр,T4031h,5.0,1.146205
2024-07,Клас,T4031h,0.0,0.0
2024-08,Клас,T4031h,0.0,0.0
2024-09,Клас,T4031h,0.0,0.0
2024-10,Клас,T4031h,3.0,0.0
2024-11,Клас,T4031h,2.0,0.36601266
2024-12,Клас,T4031h,1.0,0.6140497
2025-01,Клас,T4031h,0.0,0.0
2025-02,Клас,T4031h,2.0,0.0
2025-03,Клас,T4031h,0.0,0.0
2025-04,Клас,T4031h,0.0,0.0
2025-05,Клас,T4031h,0.0,0.0
2025-06,Клас,T4031h,1.0,0.0
2024-07,МайПлей,T4031h,1.0,0.24640502
2024-08,МайПлей,T4031h,1.0,0.40320063
2024-09,МайПлей,T4031h,1.0,0.32726684
2024-10,МайПлей,T4031h,4.0,0.793365
2024-11,МайПлей,T4031h,2.0,0.5830491
2024-12,МайПлей,T4031h,9.0,3.12187
2025-01,МайПлей,T4031h,3.0,1.0439875
2025-02,МайПлей,T4031h,1.0,0.5580111
2025-03,МайПлей,T4031h,3.0,0.37964147
2025-04,МайПлей,T4031h,1.0,0.3812019
2025-05,МайПлей,T4031h,2.0,0.2745674
2025-06,МайПлей,T4031h,0.0,0.0
2024-07,Мегамаркет,T4031h,1.0,0.0
2024-08,Мегамаркет,T4031h,1.0,0.0
2024-09,Мегамаркет,T4031h,1.0,0.0
2024-10,Мегамаркет,T4031h,2.0,0.23815547
2024-11,Мегамаркет,T4031h,3.0,0.13789386
2024-12,Мегамаркет,T4031h,3.0,0.9406023
2025-01,Мегамаркет,T4031h,0.0,0.0
2025-02,Мегамаркет,T4031h,1.0,0.0
2025-03,Мегамаркет,T4031h,0.0,0.0
2025-04,Мегамаркет,T4031h,0.0,0.0
2025-05,Мегамаркет,T4031h,0.0,0.0
2025-06,Мегамаркет,T4031h,0.0,0.0
2024-07,Новая Лінія,T4031h,0.0,0.0
2024-08,Новая Лінія,T4031h,2.0,0.0
2024-09,Новая Лінія,T4031h,0.0,0.0
2024-10,Новая Лінія,T4031h,0.0,0.0
2024-11,Новая Лінія,T4031h,0.0,0.0
2024-12,Новая Лінія,T4031h,3.0,0.0
2025-01,Новая Лінія,T4031h,0.0,0.0
2025-02,Новая Лінія,T4031h,0.0,0.0
2025-03,Новая Лінія,T4031h,0.0,0.0
2025-04,Новая Лінія,T4031h,0.0,0.0
2025-05,Новая Лінія,T4031h,0.0,0.0
2025-06,Новая Лінія,T4031h,0.0,0.0
2024-07,РОСТ,T4031h,0.0,0.0
2024-08,РОСТ,T4031h,0.0,0.0
2024-09,РОСТ,T4031h,2.0,0.0
2024-10,РОСТ,T4031h,0.0,0.0
2024-11,РОСТ,T4031h,1.0,0.0
2024-12,РОСТ,T4031h,0.0,0.0
2025-01,РОСТ,T4031h,0.0,0.0
2025-02,РОСТ,T4031h,0.0,0.0
2025-03,РОСТ,T4031h,0.0,0.0
2025-04,РОСТ,T4031h,0.0,0.0
2025-05,РОСТ,T4031h,0.0,0.0
2025-06,РОСТ,T4031h,0.0,0.0
2024-07,ІМ-Розетка,T4032h,0.0,0.0
2024-08,ІМ-Розетка,T4032h,0.0,0.0
2024-09,ІМ-Розетка,T4032h,0.0,0.0
2024-10,ІМ-Розетка,T4032h,1.0,0.32637152
2024-11,ІМ-Розетка,T4032h,4.0,1.1765183
2024-12,ІМ-Розетка,T4032h,7.0,5.4426045
2025-01,ІМ-Розетка,T4032h,2.0,1.022742
2025-02,ІМ-Розетка,T4032h,3.0,0.6203192
2025-03,ІМ-Розетка,T4032h,3.0,0.529014
2025-04,ІМ-Розетка,T4032h,0.0,0.031001532
2025-05,ІМ-Розетка,T4032h,0.0,0.0
2025-06,ІМ-Розетка,T4032h,0.0,0.0
2024-07,Акварель,T4032h,7.0,3.3568032
2024-08,Акварель,T4032h,9.0,3.8358386
2024-09,Акварель,T4032h,1.0,3.481095
2024-10,Акварель,T4032h,13.0,3.460862
2024-11,Акварель,T4032h,16.0,3.9499707
2024-12,Акварель,T4032h,15.0,11.329968
2025-01,Акварель,T4032h,16.0,4.7422857
2025-02,Акварель,T4032h,6.0,3.8644054
2025-03,Акварель,T4032h,9.0,4.333899
2025-04,Акварель,T4032h,6.0,2.9181988
2025-05,Акварель,T4032h,7.0,3.109569
2025-06,Акварель,T4032h,4.0,2.8715136
2024-07,БІ,T4032h,3.0,1.6612792
2024-08,БІ,T4032h,2.0,1.6459237
2024-09,БІ,T4032h,3.0,1.2852806
2024-10,БІ,T4032h,5.0,1.296328
2024-11,БІ,T4032h,4.0,1.6537586
2024-12,БІ,T4032h,24.0,7.8210545
2025-01,БІ,T4032h,5.0,2.7101784
2025-02,БІ,T4032h,2.0,1.8023195
2025-03,БІ,T4032h,2.0,1.0465754
2025-04,БІ,T4032h,2.0,0.72475356
2025-05,БІ,T4032h,0.0,0.63868785
2025-06,БІ,T4032h,0.0,0.69986486
2024-07,Віват Канцелярія,T4032h,1.0,0.0
2024-08,Віват Канцелярія,T4032h,0.0,0.0
2024-09,Віват Канцелярія,T4032h,0.0,0.0
2024-10,Віват Канцелярія,T4032h,1.0,0.0
2024-11,Віват Канцелярія,T4032h,1.0,0.51062983
2024-12,Віват Канцелярія,T4032h,4.0,1.2988278
2025-01,Віват Канцелярія,T4032h,0.0,0.343178
2025-02,Віват Канцелярія,T4032h,1.0,0.06444554
2025-03,Віват Канцелярія,T4032h,1.0,0.12160754
2025-04,Віват Канцелярія,T4032h,3.0,0.0
2025-05,Віват Канцелярія,T4032h,1.0,0.0
2025-06,Віват Канцелярія,T4032h,0.0,0.0
2024-07,Епіцентр,T4032h,5.0,0.29480714
2024-08,Епіцентр,T4032h,0.0,0.2701757
2024-09,Епіцентр,T4032h,2.0,0.4132822
2024-10,Епіцентр,T4032h,0.0,0.21929595
2024-11,Епіцентр,T4032h,4.0,0.46743068
2024-12,Епіцентр,T4032h,15.0,3.7154684
2025-01,Епіцентр,T4032h,3.0,1.4185092
2025-02,Епіцентр,T4032h,3.0,0.98901117
2025-03,Епіцентр,T4032h,2.0,0.696722
2025-04,Епіцентр,T4032h,0.0,0.34697282
2025-05,Епіцентр,T4032h,1.0,0.20387383
2025-06,Епіцентр,T4032h,3.0,0.21574612
2024-07,Клас,T4032h,0.0,0.0
2024-08,Клас,T4032h,0.0,0.0
2024-09,Клас,T4032h,0.0,0.0
2024-10,Клас,T4032h,0.0,0.0
2024-11,Клас,T4032h,2.0,0.0
2024-12,Клас,T4032h,2.0,0.260735
2025-01,Клас,T4032h,2.0,0.0
2025-02,Клас,T4032h,1.0,0.027094308
2025-03,Клас,T4032h,4.0,0.0
2025-04,Клас,T4032h,1.0,0.0
2025-05,Клас,T4032h,1.0,0.0
2025-06,Клас,T4032h,2.0,0.0
2024-07,МайПлей,T4032h,0.0,0.0
2024-08,МайПлей,T4032h,1.0,0.0
2024-09,МайПлей,T4032h,1.0,0.060672708
2024-10,МайПлей,T4032h,2.0,0.1520301
2024-11,МайПлей,T4032h,0.0,0.19389206
2024-12,МайПлей,T4032h,6.0,1.9159966
2025-01,МайПлей,T4032h,1.0,0.41413912
2025-02,МайПлей,T4032h,0.0,0.17745847
2025-03,МайПлей,T4032h,0.0,0.0
2025-04,МайПлей,T4032h,1.0,0.0
2025-05,МайПлей,T4032h,2.0,0.023145724
2025-06,МайПлей,T4032h,1.0,0.0
2024-07,Мегамаркет,T4032h,0.0,0.0
2024-08,Мегамаркет,T4032h,3.0,0.0
2024-09,Мегамаркет,T4032h,1.0,0.0
2024-10,Мегамаркет,T4032h,0.0,0.0
2024-11,Мегамаркет,T4032h,1.0,0.0
2024-12,Мегамаркет,T4032h,1.0,0.34319538
2025-01,Мегамаркет,T4032h,1.0,0.0
2025-02,Мегамаркет,T4032h,0.0,0.0
2025-03,Мегамаркет,T4032h,1.0,0.0
2025-04,Мегамаркет,T4032h,3.0,0.0
2025-05,Мегамаркет,T4032h,0.0,0.0
2025-06,Мегамаркет,T4032h,0.0,0.0
2024-07,Росицька ФОП,T4032h,0.0,0.0
2024-08,Росицька ФОП,T4032h,0.0,0.0
2024-09,Росицька ФОП,T4032h,0.0,0.0
2024-10,Росицька ФОП,T4032h,1.0,0.0
2024-11,Росицька ФОП,T4032h,0.0,0.0
2024-12,Росицька ФОП,T4032h,1.0,0.24465497
2025-01,Росицька ФОП,T4032h,1.0,0.0
2025-02,Росицька ФОП,T4032h,0.0,0.0
2025-03,Росицька ФОП,T4032h,0.0,0.0
2025-04,Росицька ФОП,T4032h,1.0,0.0
2025-05,Росицька ФОП,T4032h,0.0,0.0
2025-06,Росицька ФОП,T4032h,0.0,0.0
2024-07,Смік,T4032h,2.0,0.0
2024-08,Смік,T4032h,0.0,0.0
2024-09,Смік,T4032h,0.0,0.0
2024-10,Смік,T4032h,2.0,0.0018582899
2024-11,Смік,T4032h,1.0,0.685053
2024-12,Смік,T4032h,5.0,1.4134367
2025-01,Смік,T4032h,2.0,0.4929888
2025-02,Смік,T4032h,0.0,0.18243997
2025-03,Смік,T4032h,0.0,0.0
2025-04,Смік,T4032h,2.0,0.0
2025-05,Смік,T4032h,0.0,0.0
2025-06,Смік,T4032h,1.0,0.0
2024-07,Юпіджи,T4032h,3.0,0.39574766
2024-08,Юпіджи,T4032h,1.0,0.30959377
2024-09,Юпіджи,T4032h,1.0,0.39981422
2024-10,Юпіджи,T4032h,1.0,0.28985333
2024-11,Юпіджи,T4032h,1.0,0.34741592
2024-12,Юпіджи,T4032h,9.0,1.4249899
2025-01,Юпіджи,T4032h,2.0,0.9143737
2025-02,Юпіджи,T4032h,2.0,0.50530523
2025-03,Юпіджи,T4032h,2.0,0.4728994
2025-04,Юпіджи,T4032h,4.0,0.24605426
2025-05,Юпіджи,T4032h,2.0,0.27565643
2025-06,Юпіджи,T4032h,2.0,0.26411176
2024-07,ІМ-Розетка,T4035h,2.0,1.4231927
2024-08,ІМ-Розетка,T4035h,3.0,0.92094123
2024-09,ІМ-Розетка,T4035h,2.0,0.9876068
2024-10,ІМ-Розетка,T4035h,1.0,0.7725332
2024-11,ІМ-Розетка,T4035h,8.0,1.8795571
2024-12,ІМ-Розетка,T4035h,29.0,15.308533
2025-01,ІМ-Розетка,T4035h,1.0,1.172655
2025-02,ІМ-Розетка,T4035h,0.0,0.0
2025-03,ІМ-Розетка,T4035h,0.0,0.0
2025-04,ІМ-Розетка,T4035h,0.0,0.0
2025-05,ІМ-Розетка,T4035h,0.0,0.0
2025-06,ІМ-Розетка,T4035h,0.0,0.0
2024-07,Акварель,T4035h,16.0,7.681916
2024-08,Акварель,T4035h,15.0,8.039649
2024-09,Акварель,T4035h,27.0,7.7841134
2024-10,Акварель,T4035h,21.0,8.814264
2024-11,Акварель,T4035h,37.0,10.942768
2024-12,Акварель,T4035h,55.0,29.879944
2025-01,Акварель,T4035h,31.0,12.066397
2025-02,Акварель,T4035h,12.0,7.406017
2025-03,Акварель,T4035h,8.0,5.594214
2025-04,Акварель,T4035h,6.0,3.349847
2025-05,Акварель,T4035h,8.0,3.0511262
2025-06,Акварель,T4035h,5.0,2.6823459
2024-07,Антошка,T4035h,0.0,0.10252653
2024-08,Антошка,T4035h,0.0,0.009266068
2024-09,Антошка,T4035h,1.0,0.0
2024-10,Антошка,T4035h,0.0,0.015277578
2024-11,Антошка,T4035h,0.0,0.032965332
2024-12,Антошка,T4035h,1.0,2.6317325
2025-01,Антошка,T4035h,0.0,0.0
2025-02,Антошка,T4035h,0.0,0.0
2025-03,Антошка,T4035h,0.0,0.0
2025-04,Антошка,T4035h,0.0,0.0
2025-05,Антошка,T4035h,0.0,0.0
2025-06,Антошка,T4035h,0.0,0.0
2024-07,БІ,T4035h,17.0,9.919099
2024-08,БІ,T4035h,14.0,8.955456
2024-09,БІ,T4035h,20.0,9.057073
2024-10,БІ,T4035h,21.0,9.535697
2024-11,БІ,T4035h,32.0,11.794929
2024-12,БІ,T4035h,73.0,48.046585
2025-01,БІ,T4035h,19.0,14.179762
2025-02,БІ,T4035h,16.0,6.9970326
2025-03,БІ,T4035h,9.0,5.2970166
2025-04,БІ,T4035h,6.0,2.8434823
2025-05,БІ,T4035h,4.0,2.490744
2025-06,БІ,T4035h,7.0,1.8620468
2024-07,Віват Канцелярія,T4035h,1.0,0.9329658
2024-08,Віват Канцелярія,T4035h,7.0,1.7277234
2024-09,Віват Канцелярія,T4035h,8.0,3.2552195
2024-10,Віват Канцелярія,T4035h,10.0,2.5649283
2024-11,Віват Канцелярія,T4035h,13.0,3.6929216
2024-12,Віват Канцелярія,T4035h,43.0,16.763706
2025-01,Віват Канцелярія,T4035h,8.0,6.7328105
2025-02,Віват Канцелярія,T4035h,11.0,2.996309
2025-03,Віват Канцелярія,T4035h,2.0,3.13524
2025-04,Віват Канцелярія,T4035h,8.0,1.5844686
2025-05,Віват Канцелярія,T4035h,3.0,1.4939095
2025-06,Віват Канцелярія,T4035h,5.0,1.4812652
2024-07,Еліпс,T4035h,0.0,0.0
2024-08,Еліпс,T4035h,1.0,0.08764581
2024-09,Еліпс,T4035h,0.0,0.0
2024-10,Еліпс,T4035h,2.0,0.111120045
2024-11,Еліпс,T4035h,1.0,0.1805753
2024-12,Еліпс,T4035h,0.0,0.0
2025-01,Еліпс,T4035h,0.0,0.0
2025-02,Еліпс,T4035h,0.0,0.0
2025-03,Еліпс,T4035h,0.0,0.0
2025-04,Еліпс,T4035h,0.0,0.0
2025-05,Еліпс,T4035h,0.0,0.0
2025-06,Еліпс,T4035h,0.0,0.0
2024-07,Епіцентр,T4035h,8.0,2.220036
2024-08,Епіцентр,T4035h,7.0,2.4222503
2024-09,Епіцентр,T4035h,4.0,2.1913538
2024-10,Епіцентр,T4035h,6.0,2.3323894
2024-11,Епіцентр,T4035h,16.0,3.3433526
2024-12,Епіцентр,T4035h,42.0,17.57206
2025-01,Епіцентр,T4035h,13.0,5.5099654
2025-02,Епіцентр,T4035h,6.0,1.7158194
2025-03,Епіцентр,T4035h,7.0,1.5171531
2025-04,Епіцентр,T4035h,0.0,0.23470984
2025-05,Епіцентр,T4035h,6.0,1.426548
2025-06,Епіцентр,T4035h,2.0,1.0447748
2024-07,Клас,T4035h,1.0,0.0
2024-08,Клас,T4035h,0.0,0.0
2024-09,Клас,T4035h,1.0,0.0
2024-10,Клас,T4035h,4.0,0.0
2024-11,Клас,T4035h,1.0,0.4304893
2024-12,Клас,T4035h,3.0,1.2267054
2025-01,Клас,T4035h,3.0,0.11769519
2025-02,Клас,T4035h,2.0,0.0
2025-03,Клас,T4035h,1.0,0.0
2025-04,Клас,T4035h,0.0,0.0
2025-05,Клас,T4035h,0.0,0.0
2025-06,Клас,T4035h,0.0,0.0
2024-07,МайПлей,T4035h,2.0,0.39159444
2024-08,МайПлей,T4035h,3.0,0.37558472
2024-09,МайПлей,T4035h,3.0,0.6209757
2024-10,МайПлей,T4035h,2.0,0.7889752
2024-11,МайПлей,T4035h,1.0,0.7062995
2024-12,МайПлей,T4035h,10.0,3.2805328
2025-01,МайПлей,T4035h,3.0,1.108521
2025-02,МайПлей,T4035h,0.0,0.0
2025-03,МайПлей,T4035h,3.0,0.19247359
2025-04,МайПлей,T4035h,4.0,0.24919206
2025-05,МайПлей,T4035h,1.0,0.08906194
2025-06,МайПлей,T4035h,0.0,0.03563412
2024-07,Мегамаркет,T4035h,4.0,0.0
2024-08,Мегамаркет,T4035h,2.0,0.20562984
2024-09,Мегамаркет,T4035h,0.0,0.0
2024-10,Мегамаркет,T4035h,1.0,0.031570185
2024-11,Мегамаркет,T4035h,1.0,0.0
2024-12,Мегамаркет,T4035h,3.0,1.0596018
2025-01,Мегамаркет,T4035h,0.0,0.0
2025-02,Мегамаркет,T4035h,1.0,0.0
2025-03,Мегамаркет,T4035h,0.0,0.0
2025-04,Мегамаркет,T4035h,0.0,0.0
2025-05,Мегамаркет,T4035h,0.0,0.0
2025-06,Мегамаркет,T4035h,0.0,0.0
2024-07,Монако,T4035h,1.0,0.0
2024-08,Монако,T4035h,1.0,0.06100486
2024-09,Монако,T4035h,0.0,0.0
2024-10,Монако,T4035h,2.0,0.040220182
2024-11,Монако,T4035h,3.0,0.36943808
2024-12,Монако,T4035h,0.0,0.23355326
2025-01,Монако,T4035h,0.0,0.0
2025-02,Монако,T4035h,0.0,0.0
2025-03,Монако,T4035h,0.0,0.0
2025-04,Монако,T4035h,0.0,0.0
2025-05,Монако,T4035h,0.0,0.0
2025-06,Монако,T4035h,0.0,0.0
2024-07,Новая Лінія,T4035h,0.0,0.0
2024-08,Новая Лінія,T4035h,1.0,0.0
2024-09,Новая Лінія,T4035h,0.0,0.0
2024-10,Новая Лінія,T4035h,1.0,0.0
2024-11,Новая Лінія,T4035h,0.0,0.0
2024-12,Новая Лінія,T4035h,3.0,0.054689467
2025-01,Новая Лінія,T4035h,0.0,0.0
2025-02,Новая Лінія,T4035h,0.0,0.0
2025-03,Новая Лінія,T4035h,0.0,0.0
2025-04,Новая Лінія,T4035h,0.0,0.0
2025-05,Новая Лінія,T4035h,0.0,0.0
2025-06,Новая Лінія,T4035h,2.0,0.0
2024-07,РОСТ,T4035h,0.0,0.0
2024-08,РОСТ,T4035h,0.0,0.0
2024-09,РОСТ,T4035h,0.0,0.0
2024-10,РОСТ,T4035h,0.0,0.0
2024-11,РОСТ,T4035h,0.0,0.0
2024-12,РОСТ,T4035h,0.0,0.0
2025-01,РОСТ,T4035h,0.0,0.0
2025-02,РОСТ,T4035h,0.0,0.0
2025-03,РОСТ,T4035h,0.0,0.0
2025-04,РОСТ,T4035h,0.0,0.0
2025-05,РОСТ,T4035h,0.0,0.0
2025-06,РОСТ,T4035h,0.0,0.0
2024-07,Росицька ФОП,T4035h,0.0,0.0
2024-08,Росицька ФОП,T4035h,1.0,0.0
2024-09,Росицька ФОП,T4035h,0.0,0.0
2024-10,Росицька ФОП,T4035h,1.0,0.0
2024-11,Росицька ФОП,T4035h,1.0,0.0
2024-12,Росицька ФОП,T4035h,1.0,0.37289387
2025-01,Росицька ФОП,T4035h,1.0,0.0
2025-02,Росицька ФОП,T4035h,0.0,0.0
2025-03,Росицька ФОП,T4035h,0.0,0.0
2025-04,Росицька ФОП,T4035h,1.0,0.0
2025-05,Росицька ФОП,T4035h,0.0,0.0
2025-06,Росицька ФОП,T4035h,0.0,0.0
2024-07,Юпіджи,T4035h,1.0,1.2316074
2024-08,Юпіджи,T4035h,2.0,1.1762637
2024-09,Юпіджи,T4035h,2.0,0.85709286
2024-10,Юпіджи,T4035h,1.0,0.96362656
2024-11,Юпіджи,T4035h,2.0,1.453417
2024-12,Юпіджи,T4035h,6.0,3.104812
2025-01,Юпіджи,T4035h,0.0,0.0
2025-02,Юпіджи,T4035h,0.0,0.0
2025-03,Юпіджи,T4035h,3.0,0.49021778
2025-04,Юпіджи,T4035h,3.0,0.4190646
2025-05,Юпіджи,T4035h,3.0,0.29259914
2025-06,Юпіджи,T4035h,1.0,0.14224096
2024-07,Акварель,T4038h,3.0,1.4574525
2024-08,Акварель,T4038h,2.0,1.3427776
2024-09,Акварель,T4038h,2.0,1.2302511
2024-10,Акварель,T4038h,5.0,1.7158599
2024-11,Акварель,T4038h,4.0,1.993053
2024-12,Акварель,T4038h,28.0,9.83107
2025-01,Акварель,T4038h,9.0,4.749779
2025-02,Акварель,T4038h,5.0,2.069496
2025-03,Акварель,T4038h,8.0,2.080609
2025-04,Акварель,T4038h,6.0,1.9347059
2025-05,Акварель,T4038h,2.0,1.8471264
2025-06,Акварель,T4038h,2.0,1.6923286
2024-07,БІ,T4038h,7.0,2.1665947
2024-08,БІ,T4038h,5.0,2.2816799
2024-09,БІ,T4038h,2.0,2.2294276
2024-10,БІ,T4038h,3.0,2.0687985
2024-11,БІ,T4038h,10.0,3.1252708
2024-12,БІ,T4038h,24.0,14.1441555
2025-01,БІ,T4038h,7.0,4.275421
2025-02,БІ,T4038h,1.0,2.275539
2025-03,БІ,T4038h,0.0,1.4070084
2025-04,БІ,T4038h,5.0,0.9565569
2025-05,БІ,T4038h,1.0,1.1243013
2025-06,БІ,T4038h,1.0,1.2990286
2024-07,МайПлей,T4038h,1.0,0.040163826
2024-08,МайПлей,T4038h,0.0,0.0
2024-09,МайПлей,T4038h,0.0,0.0
2024-10,МайПлей,T4038h,0.0,0.0
2024-11,МайПлей,T4038h,1.0,0.08069906
2024-12,МайПлей,T4038h,6.0,2.3022535
2025-01,МайПлей,T4038h,4.0,1.1872524
2025-02,МайПлей,T4038h,0.0,0.24682692
2025-03,МайПлей,T4038h,0.0,0.0
2025-04,МайПлей,T4038h,1.0,0.0
2025-05,МайПлей,T4038h,0.0,0.0
2025-06,МайПлей,T4038h,0.0,0.0
2024-07,Мегамаркет,T4038h,0.0,0.0
2024-08,Мегамаркет,T4038h,0.0,0.0
2024-09,Мегамаркет,T4038h,0.0,0.0
2024-10,Мегамаркет,T4038h,0.0,0.0
2024-11,Мегамаркет,T4038h,1.0,0.0
2024-12,Мегамаркет,T4038h,1.0,0.094891496
2025-01,Мегамаркет,T4038h,1.0,0.0
2025-02,Мегамаркет,T4038h,0.0,0.0
2025-03,Мегамаркет,T4038h,0.0,0.0
2025-04,Мегамаркет,T4038h,3.0,0.0
2025-05,Мегамаркет,T4038h,0.0,0.0
2025-06,Мегамаркет,T4038h,0.0,0.0
2024-07,Смік,T4038h,1.0,0.0
2024-08,Смік,T4038h,1.0,0.0
2024-09,Смік,T4038h,2.0,0.0
2024-10,Смік,T4038h,2.0,0.3767641
2024-11,Смік,T4038h,0.0,0.3513427
2024-12,Смік,T4038h,1.0,0.44404647
2025-01,Смік,T4038h,3.0,0.06280191
2025-02,Смік,T4038h,1.0,0.0
2025-03,Смік,T4038h,0.0,0.0
2025-04,Смік,T4038h,0.0,0.0
2025-05,Смік,T4038h,0.0,0.0
2025-06,Смік,T4038h,1.0,0.0
2024-07,Сільпо,T4038h,2.0,0.0
2024-08,Сільпо,T4038h,0.0,0.0
2024-09,Сільпо,T4038h,1.0,0.0
2024-10,Сільпо,T4038h,3.0,0.0
2024-11,Сільпо,T4038h,1.0,0.025710026
2024-12,Сільпо,T4038h,10.0,1.382954
2025-01,Сільпо,T4038h,0.0,0.30719826
2025-02,Сільпо,T4038h,0.0,0.0
2025-03,Сільпо,T4038h,1.0,0.0
2025-04,Сільпо,T4038h,0.0,0.0
2025-05,Сільпо,T4038h,1.0,0.0
2025-06,Сільпо,T4038h,2.0,0.0
2024-07,ІМ-Кідіс,T4039h,0.0,0.0
2024-08,ІМ-Кідіс,T4039h,0.0,0.0
2024-09,ІМ-Кідіс,T4039h,0.0,0.0
2024-10,ІМ-Кідіс,T4039h,0.0,0.0
2024-11,ІМ-Кідіс,T4039h,3.0,0.0
2024-12,ІМ-Кідіс,T4039h,1.0,1.0059233
2025-01,ІМ-Кідіс,T4039h,0.0,0.5571108
2025-02,ІМ-Кідіс,T4039h,1.0,0.0
2025-03,ІМ-Кідіс,T4039h,1.0,0.0
2025-04,ІМ-Кідіс,T4039h,0.0,0.0
2025-05,ІМ-Кідіс,T4039h,0.0,0.0
2025-06,ІМ-Кідіс,T4039h,1.0,0.0
2024-07,ІМ-Розетка,T4039h,1.0,0.22527906
2024-08,ІМ-Розетка,T4039h,2.0,0.16409114
2024-09,ІМ-Розетка,T4039h,1.0,0.2621668
2024-10,ІМ-Розетка,T4039h,1.0,0.45190376
2024-11,ІМ-Розетка,T4039h,4.0,1.3391807
2024-12,ІМ-Розетка,T4039h,15.0,6.742158
2025-01,ІМ-Розетка,T4039h,3.0,1.7767124
2025-02,ІМ-Розетка,T4039h,1.0,0.43837106
2025-03,ІМ-Розетка,T4039h,1.0,0.44577375
2025-04,ІМ-Розетка,T4039h,0.0,0.0
2025-05,ІМ-Розетка,T4039h,0.0,0.0
2025-06,ІМ-Розетка,T4039h,0.0,0.0
2024-07,Акварель,T4039h,3.0,1.7556998
2024-08,Акварель,T4039h,8.0,2.2427428
2024-09,Акварель,T4039h,8.0,2.3890789
2024-10,Акварель,T4039h,2.0,2.3925543
2024-11,Акварель,T4039h,8.0,3.0489101
2024-12,Акварель,T4039h,25.0,13.229331
2025-01,Акварель,T4039h,12.0,5.357351
2025-02,Акварель,T4039h,7.0,2.567552
2025-03,Акварель,T4039h,6.0,3.0374072
2025-04,Акварель,T4039h,7.0,2.167883
2025-05,Акварель,T4039h,5.0,2.118623
2025-06,Акварель,T4039h,4.0,1.9182159
2024-07,Антошка,T4039h,2.0,0.5665326
2024-08,Антошка,T4039h,0.0,0.35475704
2024-09,Антошка,T4039h,1.0,0.28007364
2024-10,Антошка,T4039h,2.0,0.554583
2024-11,Антошка,T4039h,5.0,1.2250539
2024-12,Антошка,T4039h,19.0,8.973245
2025-01,Антошка,T4039h,6.0,3.734501
2025-02,Антошка,T4039h,2.0,1.6557224
2025-03,Антошка,T4039h,3.0,0.9653633
2025-04,Антошка,T4039h,3.0,0.97485214
2025-05,Антошка,T4039h,3.0,0.6742949
2025-06,Антошка,T4039h,1.0,0.84334105
2024-07,БІ,T4039h,13.0,3.3013065
2024-08,БІ,T4039h,1.0,4.762916
2024-09,БІ,T4039h,12.0,2.7024775
2024-10,БІ,T4039h,6.0,4.295017
2024-11,БІ,T4039h,9.0,5.565083
2024-12,БІ,T4039h,57.0,22.89784
2025-01,БІ,T4039h,24.0,12.618491
2025-02,БІ,T4039h,5.0,8.240512
2025-03,БІ,T4039h,5.0,4.2792788
2025-04,БІ,T4039h,5.0,3.469794
2025-05,БІ,T4039h,9.0,3.2335227
2025-06,БІ,T4039h,11.0,3.2600148
2024-07,Клас,T4039h,0.0,0.0
2024-08,Клас,T4039h,1.0,0.0
2024-09,Клас,T4039h,0.0,0.0
2024-10,Клас,T4039h,1.0,0.0
2024-11,Клас,T4039h,0.0,0.0
2024-12,Клас,T4039h,3.0,0.41291207
2025-01,Клас,T4039h,1.0,0.0
2025-02,Клас,T4039h,0.0,0.0
2025-03,Клас,T4039h,2.0,0.0
2025-04,Клас,T4039h,0.0,0.0
2025-05,Клас,T4039h,0.0,0.0
2025-06,Клас,T4039h,1.0,0.0
2024-07,МайПлей,T4039h,1.0,0.053557258
2024-08,МайПлей,T4039h,1.0,0.17626786
2024-09,МайПлей,T4039h,2.0,0.19494836
2024-10,МайПлей,T4039h,3.0,0.13114716
2024-11,МайПлей,T4039h,3.0,0.6581042
2024-12,МайПлей,T4039h,6.0,3.3698683
2025-01,МайПлей,T4039h,1.0,1.4098419
2025-02,МайПлей,T4039h,1.0,0.18355179
2025-03,МайПлей,T4039h,1.0,0.0
2025-04,МайПлей,T4039h,2.0,0.0
2025-05,МайПлей,T4039h,0.0,0.0
2025-06,МайПлей,T4039h,0.0,0.0
2024-07,Мегамаркет,T4039h,2.0,0.0
2024-08,Мегамаркет,T4039h,0.0,0.0
2024-09,Мегамаркет,T4039h,0.0,0.0
2024-10,Мегамаркет,T4039h,2.0,0.0
2024-11,Мегамаркет,T4039h,1.0,0.0
2024-12,Мегамаркет,T4039h,0.0,0.5597851
2025-01,Мегамаркет,T4039h,1.0,0.0
2025-02,Мегамаркет,T4039h,1.0,0.0
2025-03,Мегамаркет,T4039h,0.0,0.0
2025-04,Мегамаркет,T4039h,0.0,0.0
2025-05,Мегамаркет,T4039h,1.0,0.0
2025-06,Мегамаркет,T4039h,0.0,0.0
2024-07,Сільпо,T4039h,2.0,0.0
2024-08,Сільпо,T4039h,1.0,0.0
2024-09,Сільпо,T4039h,1.0,0.0
2024-10,Сільпо,T4039h,2.0,0.0
2024-11,Сільпо,T4039h,1.0,0.0
2024-12,Сільпо,T4039h,11.0,1.3007628
2025-01,Сільпо,T4039h,1.0,0.2722398
2025-02,Сільпо,T4039h,0.0,0.040626314
2025-03,Сільпо,T4039h,1.0,0.0
2025-04,Сільпо,T4039h,0.0,0.0
2025-05,Сільпо,T4039h,0.0,0.0
2025-06,Сільпо,T4039h,0.0,0.0
